Sıra	Kod	Nota53	NotaAE	Koma53	KomaAE	Pay	Payda	Ms	LNS	Bas	Soz1	Offset
1	9	Fa5	F5	340	340	3	16	417	95	108	ARANAĞME 	0.1666667
2	9	Mi5	E5	336	336	1	16	139	95	114	.	0.2222222
3	9	Fa5	F5	340	340	1	8	278	95	111	.	0.3333333
4	9	La5	A5	358	358	1	8	278	95	108	.	0.4444444
5	9	Sol5	G5	349	349	1	8	278	95	96	.	0.5555556
6	9	Fa5	F5	340	340	1	8	278	95	114	.	0.6666667
7	7	Mi5	E5	336	336	2	8	556	95	108	.	0.8888889
8	9	Re5	D5	327	327	1	8	278	95	96	.	1
9	9	Fa5	F5	340	340	1	8	278	50	78	.	1.111111
10	9	Mi5	E5	336	336	7	8	1944	95	96	.	1.888889
11	53			0	0	0	0	0	0	0		1.888889
12	9			-1	-1	1	8	278	100	114	.	2
13	54			0	0	0	0	0	0	111	buselik@la4	2
14	9	Re5	D5	327	327	3	16	417	95	108	.	2.166667
15	9	Do5	C5	318	318	1	16	139	95	114	.	2.222222
16	9	Re5	D5	327	327	1	8	278	95	111	.	2.333333
17	9	Fa5	F5	340	340	1	8	278	95	108	.	2.444444
18	9	Mi5	E5	336	336	1	8	278	95	96	.	2.555556
19	9	Re5	D5	327	327	1	8	278	95	114	.	2.666667
20	7	Do5	C5	318	318	2	8	556	95	108	.	2.888889
21	9	Si4	B4	314	314	1	8	278	95	96	.	3
22	9	Re5	D5	327	327	1	8	278	50	78	.	3.111111
23	9	Do5	C5	318	318	3	8	833	95	114	.	3.444444
24	53			0	0	0	0	0	0	106		3.444444
25	55			0	0	0	0	0	0	99		3.444444
26	9			-1	-1	1	4	556	100	92	.	3.666667
27	9	Re5	D5	327	327	1	8	278	95	84	.	3.777778
28	9	Do5	C5	318	318	1	8	278	95	96	.	3.888889
29	9	Si4b5	B4b5	309	309	1	16	139	95	96	.	3.944444
30	9	La4	A4	305	305	1	16	139	95	114	.	4
31	9	Si4b5	B4b5	309	309	1	4	556	95	112	.	4.222222
32	9			-1	-1	7	8	1944	100	111	.	5
33	53			0	0	0	0	0	0	110		5
34	9	La4	A4	305	305	1	8	278	95	108	.	5.111111
35	9	Si4b5	B4b5	309	309	1	8	278	95	96	.	5.222222
36	9	Do5	C5	318	318	1	8	278	95	114	.	5.333333
37	9	Re5	D5	327	327	1	8	278	95	104	.	5.444445
38	9	Do5	C5	318	318	1	8	278	95	94	.	5.555555
39	9	Si4b5	B4b5	309	309	1	8	278	95	84	.	5.666667
40	9	La4	A4	305	305	1	8	278	95	96	.	5.777778
41	9	Sol4	G4	296	296	1	8	278	95	96	.	5.888889
42	9	Fa4	F4	287	287	1	8	278	95	96	.	6
43	9	Fa5	F5	340	340	1	8	278	95	102	.	6.111111
44	9	Mi5	E5	336	336	1	8	278	95	96	.	6.222222
45	9	Re5	D5	327	327	1	8	278	95	96	.	6.333333
46	9	Do5	C5	318	318	1	8	278	95	96	.	6.444445
47	9	Si4b5	B4b5	309	309	1	8	278	95	96	.	6.555555
48	9	La4	A4	305	305	1	8	278	95	96	.	6.666667
49	9	Sol4	G4	296	296	1	8	278	95	96	.	6.777778
50	9	Fa4	F4	287	287	1	8	278	95	96	.	6.888889
51	9	La4	A4	305	305	1	8	278	95	96	.	7
52	9	Sol4	G4	296	296	1	4	556	95	96	.	7.222222
53	9			-1	-1	1	2	1111	100	0	.	7.666667
54	53			0	0	0	0	0	0	0		7.666667
55	9	La4	A4	305	305	1	8	278	95	96	.	7.777778
56	9	Sol4	G4	296	296	1	8	278	95	96	.	7.888889
57	9	Fa4	F4	287	287	1	16	139	95	114	.	7.944445
58	9	Mi4	E4	283	283	1	16	139	95	104	.	8
59	9	Fa4	F4	287	287	3	8	833	95	94	.	8.333333
60	9	Do5	C5	318	318	1	8	278	95	84	.	8.444445
61	9	Re5	D5	327	327	1	8	278	95	96	.	8.555555
62	9	Mi5	E5	336	336	1	8	278	95	96	.	8.666667
63	9	Fa5	F5	340	340	3	8	833	95	114	.  	9
64	53			0	0	0	0	0	0	111		9
65	9	Fa5	F5	340	340	3	16	417	95	108	ARANAĞME 	9.166667
66	9	Mi5	E5	336	336	1	16	139	95	114	.	9.222222
67	9	Fa5	F5	340	340	1	8	278	95	111	.	9.333333
68	9	La5	A5	358	358	1	8	278	95	108	.	9.444445
69	9	Sol5	G5	349	349	1	8	278	95	96	.	9.555555
70	9	Fa5	F5	340	340	1	8	278	95	114	.	9.666667
71	7	Mi5	E5	336	336	2	8	556	95	108	.	9.888889
72	9	Re5	D5	327	327	1	8	278	95	96	.	10
73	9	Fa5	F5	340	340	1	8	278	50	78	.	10.11111
74	9	Mi5	E5	336	336	7	8	1944	95	96	.	10.88889
75	53			0	0	0	0	0	0	0		10.88889
76	9			-1	-1	1	8	278	100	114	.	11
77	54			0	0	0	0	0	0	111	buselik@la4	11
78	9	Re5	D5	327	327	3	16	417	95	108	.	11.16667
79	9	Do5	C5	318	318	1	16	139	95	114	.	11.22222
80	9	Re5	D5	327	327	1	8	278	95	111	.	11.33333
81	9	Fa5	F5	340	340	1	8	278	95	108	.	11.44444
82	9	Mi5	E5	336	336	1	8	278	95	96	.	11.55556
83	9	Re5	D5	327	327	1	8	278	95	114	.	11.66667
84	7	Do5	C5	318	318	2	8	556	95	108	.	11.88889
85	9	Si4	B4	314	314	1	8	278	95	96	.	12
86	9	Re5	D5	327	327	1	8	278	50	78	.	12.11111
87	9	Do5	C5	318	318	3	8	833	95	114	.	12.44444
88	53			0	0	0	0	0	0	106		12.44444
89	55			0	0	0	0	0	0	99		12.44444
90	9			-1	-1	1	4	556	100	92	.	12.66667
91	9	Re5	D5	327	327	1	8	278	95	84	.	12.77778
92	9	Do5	C5	318	318	1	8	278	95	96	.	12.88889
93	9	Si4b5	B4b5	309	309	1	16	139	95	96	.	12.94444
94	9	La4	A4	305	305	1	16	139	95	114	.	13
95	9	Si4b5	B4b5	309	309	1	4	556	95	112	.	13.22222
96	9			-1	-1	7	8	1944	100	111	.	14
97	53			0	0	0	0	0	0	110		14
98	9	La4	A4	305	305	1	8	278	95	108	.	14.11111
99	9	Si4b5	B4b5	309	309	1	8	278	95	96	.	14.22222
100	9	Do5	C5	318	318	1	8	278	95	114	.	14.33333
101	9	Re5	D5	327	327	1	8	278	95	104	.	14.44444
102	9	Do5	C5	318	318	1	8	278	95	94	.	14.55556
103	9	Si4b5	B4b5	309	309	1	8	278	95	84	.	14.66667
104	9	La4	A4	305	305	1	8	278	95	96	.	14.77778
105	9	Sol4	G4	296	296	1	8	278	95	96	.	14.88889
106	9	Fa4	F4	287	287	1	8	278	95	96	.	15
107	9	Fa5	F5	340	340	1	8	278	95	102	.	15.11111
108	9	Mi5	E5	336	336	1	8	278	95	96	.	15.22222
109	9	Re5	D5	327	327	1	8	278	95	96	.	15.33333
110	9	Do5	C5	318	318	1	8	278	95	96	.	15.44444
111	9	Si4b5	B4b5	309	309	1	8	278	95	96	.	15.55556
112	9	La4	A4	305	305	1	8	278	95	96	.	15.66667
113	9	Sol4	G4	296	296	1	8	278	95	96	.	15.77778
114	9	Fa4	F4	287	287	1	8	278	95	96	.	15.88889
115	9	La4	A4	305	305	1	8	278	95	96	.	16
116	9	Sol4	G4	296	296	1	4	556	95	96	.	16.22222
117	9			-1	-1	1	2	1111	100	0	.	16.66667
118	53			0	0	0	0	0	0	0		16.66667
119	9	La4	A4	305	305	1	8	278	95	96	.	16.77778
120	9	Sol4	G4	296	296	1	8	278	95	96	.	16.88889
121	9	Fa4	F4	287	287	1	16	139	95	114	.	16.94444
122	9	Mi4	E4	283	283	1	16	139	95	104	.	17
123	9	Fa4	F4	287	287	3	8	833	95	94	.	17.33333
124	9	Do5	C5	318	318	1	8	278	95	84	.	17.44444
125	9	Re5	D5	327	327	1	8	278	95	96	.	17.55556
126	9	Mi5	E5	336	336	1	8	278	95	96	.	17.66667
127	9	Fa5	F5	340	340	3	8	833	95	96	.  	18
128	53			0	0	0	0	0	0	0		18
129	9	Do5	C5	318	318	1	4	556	95	96	Gör	18.22222
130	9	Fa5	F5	340	340	1	4	556	95	96	düm 	18.44444
131	9	Mi5	E5	336	336	1	8	278	95	96	se	18.55556
132	9	Fa5	F5	340	340	1	8	278	95	96	ni 	18.66667
133	9	La5	A5	358	358	1	8	278	99	96	sev	18.77778
134	9	Sol5	G5	349	349	1	8	278	99	96		18.88889
135	9	Fa5	F5	340	340	1	8	278	95	96		19
136	9	Mi5	E5	336	336	3	16	417	99	96	dim 	19.16667
137	9	Re5	D5	327	327	1	16	139	95	96		19.22222
138	9	Re5	D5	327	327	1	16	139	99	96	gü	19.27778
139	9	Mi5	E5	336	336	1	16	139	95	96		19.33333
140	9	Re5	D5	327	327	1	16	139	99	96	ze	19.38889
141	9	Do5	C5	318	318	1	16	139	95	96		19.44444
142	9	Do5	C5	318	318	5	8	1389	95	96	lim 	20
143	53			0	0	0	0	0	0	0		20
144	9	Do5	C5	318	318	1	4	556	95	96	gon	20.22222
145	9	Re5	D5	327	327	1	8	278	95	96	ca 	20.33333
146	9	Mi5	E5	336	336	1	8	278	95	96	i 	20.44444
147	9	Fa5	F5	340	340	1	8	278	99	114	ter	20.55556
148	9	Mi5	E5	336	336	1	8	278	99	110		20.66667
149	9	Fa5	F5	340	340	1	8	278	99	105		20.77778
150	9	Sol5	G5	349	349	1	8	278	99	101		20.88889
151	10	Sol5	G5	349	349	1	16	139	99	97		20.94444
152	8	La5	A5	358	358	0	0	0	99	93		20.94444
153	9	Fa5	F5	340	340	1	16	139	95	88		21
154	9	Fa5	F5	340	340	3	8	833	95	84	sin  	21.33333
155	9	Mi5	E5	336	336	1	16	139	50	96	SAZ	21.38889
156	9	Re5	D5	327	327	1	16	139	50	96	.	21.44444
157	9	Do5	C5	318	318	1	16	139	50	96	.	21.5
158	9	Si4b5	B4b5	309	309	1	16	139	50	96	.	21.55556
159	9	La4	A4	305	305	1	16	139	50	96	.	21.61111
160	9	Sol4	G4	296	296	1	16	139	50	96	.	21.66667
161	9	Fa4	F4	287	287	3	8	833	95	96	.	22
162	53			0	0	0	0	0	0	0		22
163	9	Do5	C5	318	318	1	4	556	95	96	Gör	22.22222
164	9	Fa5	F5	340	340	1	4	556	95	96	düm 	22.44444
165	9	Mi5	E5	336	336	1	8	278	95	96	se	22.55556
166	9	Fa5	F5	340	340	1	8	278	95	96	ni 	22.66667
167	9	La5	A5	358	358	1	8	278	99	96	sev	22.77778
168	9	Sol5	G5	349	349	1	8	278	99	96		22.88889
169	9	Fa5	F5	340	340	1	8	278	95	96		23
170	9	Mi5	E5	336	336	3	16	417	99	96	dim 	23.16667
171	9	Re5	D5	327	327	1	16	139	95	96		23.22222
172	9	Re5	D5	327	327	1	16	139	99	96	gü	23.27778
173	9	Mi5	E5	336	336	1	16	139	95	96		23.33333
174	9	Re5	D5	327	327	1	16	139	99	96	ze	23.38889
175	9	Do5	C5	318	318	1	16	139	95	96		23.44444
176	9	Do5	C5	318	318	5	8	1389	95	96	lim 	24
177	53			0	0	0	0	0	0	0		24
178	9	Do5	C5	318	318	1	4	556	95	96	gon	24.22222
179	9	Re5	D5	327	327	1	8	278	95	96	ca 	24.33333
180	9	Mi5	E5	336	336	1	8	278	95	96	i 	24.44444
181	9	Fa5	F5	340	340	1	8	278	99	96	ter	24.55556
182	9	Mi5	E5	336	336	1	8	278	99	96		24.66667
183	9	Fa5	F5	340	340	1	8	278	99	96		24.77778
184	9	Sol5	G5	349	349	1	8	278	99	96		24.88889
185	10	Sol5	G5	349	349	1	16	139	99	96		24.94444
186	8	La5	A5	358	358	0	0	0	99	114		24.94444
187	9	Fa5	F5	340	340	1	16	139	95	104		25
188	9	Fa5	F5	340	340	3	8	833	95	94	sin  	25.33333
189	9	Do5	C5	318	318	1	8	278	95	84	SAZ	25.44444
190	9	Re5	D5	327	327	1	8	278	95	96	.	25.55556
191	9	Mi5	E5	336	336	1	8	278	95	96	.	25.66667
192	9	Fa5	F5	340	340	3	8	833	95	96	.	26
193	53			0	0	0	0	0	0	0		26
194	9	Fa5	F5	340	340	3	16	417	99	96	Sev	26.16667
195	9	Sol5	G5	349	349	1	16	139	95	96		26.22222
196	9	La5	A5	358	358	1	8	278	99	96	mek 	26.33333
197	9	Sol5	G5	349	349	1	8	278	95	96		26.44444
198	9	Fa5	F5	340	340	1	8	278	95	96	mi 	26.55556
199	9	Mi5	E5	336	336	1	8	278	95	96	gü	26.66667
200	7	Fa5	F5	340	340	2	8	556	99	96	zel 	26.88889
201	9	Mi5	E5	336	336	1	16	139	99	96		26.94444
202	9	Re5	D5	327	327	1	16	139	95	96		27
203	9	Re5	D5	327	327	3	16	417	99	96	yok	27.16667
204	9	Mi5	E5	336	336	1	16	139	95	96		27.22222
205	9	Fa5	F5	340	340	1	8	278	95	96	sa 	27.33333
206	9	Mi5	E5	336	336	1	8	278	95	96	se	27.44444
207	9	Mi5	E5	336	336	1	8	278	99	96	vil	27.55556
208	9	Re5	D5	327	327	1	8	278	95	96		27.66667
209	9	Re5	D5	327	327	1	8	278	99	96	mek 	27.77778
210	9	Do5	C5	318	318	1	8	278	99	96		27.88889
211	9	Re5	D5	327	327	1	16	139	99	96		27.94444
212	9	Do5	C5	318	318	1	16	139	95	96		28
213	9	Do5	C5	318	318	1	4	556	95	96	mi 	28.22222
214	9			-1	-1	1	2	1111	100	0		28.66667
215	53			0	0	0	0	0	0	0		28.66667
216	9	Re5	D5	327	327	1	8	278	95	96	ne 	28.77778
217	9	Do5	C5	318	318	1	8	278	99	96	der	28.88889
218	9	Si4b5	B4b5	309	309	1	16	139	99	96		28.94444
219	9	La4	A4	305	305	1	16	139	95	96		29
220	9	Si4b5	B4b5	309	309	1	4	556	95	96	sin  	29.22222
221	9			-1	-1	7	8	1944	100	0		30
222	53			0	0	0	0	0	0	0		30
223	9	La4	A4	305	305	3	16	417	99	96	Sev	30.16667
224	9	Si4b5	B4b5	309	309	1	16	139	95	96		30.22222
225	9	Do5	C5	318	318	1	8	278	99	96	mek 	30.33333
226	9	Re5	D5	327	327	1	8	278	95	96		30.44444
227	9	Do5	C5	318	318	1	8	278	95	96	mi 	30.55556
228	9	Si4b5	B4b5	309	309	1	8	278	95	96	gü	30.66667
229	9	La4	A4	305	305	1	8	278	99	96	zel 	30.77778
230	9	Sol4	G4	296	296	1	8	278	99	96		30.88889
231	9	Fa4	F4	287	287	1	8	278	95	96		31
232	9	Fa5	F5	340	340	1	8	278	99	96	yok	31.11111
233	9	Mi5	E5	336	336	1	8	278	95	96		31.22222
234	9	Re5	D5	327	327	1	8	278	95	96	sa 	31.33333
235	9	Do5	C5	318	318	1	8	278	95	96	se	31.44444
236	9	Si4b5	B4b5	309	309	1	8	278	99	96	vil	31.55556
237	9	La4	A4	305	305	1	8	278	95	96		31.66667
238	9	Sol4	G4	296	296	1	8	278	99	96	mek 	31.77778
239	9	Fa4	F4	287	287	1	8	278	99	96		31.88889
240	9	La4	A4	305	305	1	8	278	95	96		32
241	9	Sol4	G4	296	296	1	4	556	95	96	mi 	32.22222
242	9			-1	-1	1	2	1111	100	0		32.66667
243	53			0	0	0	0	0	0	0		32.66667
244	9	La4	A4	305	305	1	8	278	95	114	ne 	32.77778
245	9	Sol4	G4	296	296	1	8	278	99	106	der	32.88889
246	9	Fa4	F4	287	287	1	16	139	99	99		32.94444
247	9	Mi4	E4	283	283	1	16	139	95	92		33
248	9	Fa4	F4	287	287	3	8	833	95	84	sin  	33.33333
249	9	Do5	C5	318	318	1	8	278	95	96	SAZ	33.44444
250	9	Re5	D5	327	327	1	8	278	95	96	.	33.55556
251	9	Mi5	E5	336	336	1	8	278	95	96	.	33.66667
252	9	Fa5	F5	340	340	3	8	833	95	96	.	34
253	53			0	0	0	0	0	0	0		34
254	9	Fa5	F5	340	340	3	16	417	99	96	Sev	34.16667
255	9	Sol5	G5	349	349	1	16	139	95	96		34.22222
256	9	La5	A5	358	358	1	8	278	99	96	mek 	34.33333
257	9	Sol5	G5	349	349	1	8	278	95	96		34.44444
258	9	Fa5	F5	340	340	1	8	278	95	96	mi 	34.55556
259	9	Mi5	E5	336	336	1	8	278	95	96	gü	34.66667
260	7	Fa5	F5	340	340	2	8	556	99	96	zel 	34.88889
261	9	Mi5	E5	336	336	1	16	139	99	96		34.94444
262	9	Re5	D5	327	327	1	16	139	95	96		35
263	9	Re5	D5	327	327	3	16	417	99	96	yok	35.16667
264	9	Mi5	E5	336	336	1	16	139	95	96		35.22222
265	9	Fa5	F5	340	340	1	8	278	95	96	sa 	35.33333
266	9	Mi5	E5	336	336	1	8	278	95	96	se	35.44444
267	9	Mi5	E5	336	336	1	8	278	99	96	vil	35.55556
268	9	Re5	D5	327	327	1	8	278	95	96		35.66667
269	9	Re5	D5	327	327	1	8	278	99	96	mek 	35.77778
270	9	Do5	C5	318	318	1	8	278	99	96		35.88889
271	9	Re5	D5	327	327	1	16	139	99	96		35.94444
272	9	Do5	C5	318	318	1	16	139	95	96		36
273	9	Do5	C5	318	318	1	4	556	95	96	mi 	36.22222
274	9			-1	-1	1	2	1111	100	0		36.66667
275	53			0	0	0	0	0	0	0		36.66667
276	9	Re5	D5	327	327	1	8	278	95	96	ne 	36.77778
277	9	Do5	C5	318	318	1	8	278	99	96	der	36.88889
278	9	Si4b5	B4b5	309	309	1	16	139	99	96		36.94444
279	9	La4	A4	305	305	1	16	139	95	96		37
280	9	Si4b5	B4b5	309	309	1	4	556	95	96	sin  	37.22222
281	9			-1	-1	7	8	1944	100	0		38
282	53			0	0	0	0	0	0	0		38
283	9	La4	A4	305	305	3	16	417	99	96	Sev	38.16667
284	9	Si4b5	B4b5	309	309	1	16	139	95	96		38.22222
285	9	Do5	C5	318	318	1	8	278	99	96	mek 	38.33333
286	9	Re5	D5	327	327	1	8	278	95	96		38.44444
287	9	Do5	C5	318	318	1	8	278	95	96	mi 	38.55556
288	9	Si4b5	B4b5	309	309	1	8	278	95	96	gü	38.66667
289	9	La4	A4	305	305	1	8	278	99	96	zel 	38.77778
290	9	Sol4	G4	296	296	1	8	278	99	96		38.88889
291	9	Fa4	F4	287	287	1	8	278	95	96		39
292	9	Fa5	F5	340	340	1	8	278	99	96	yok	39.11111
293	9	Mi5	E5	336	336	1	8	278	95	96		39.22222
294	9	Re5	D5	327	327	1	8	278	95	96	sa 	39.33333
295	9	Do5	C5	318	318	1	8	278	95	96	se	39.44444
296	9	Si4b5	B4b5	309	309	1	8	278	99	96	vil	39.55556
297	9	La4	A4	305	305	1	8	278	95	96		39.66667
298	9	Sol4	G4	296	296	1	8	278	99	96	mek 	39.77778
299	9	Fa4	F4	287	287	1	8	278	99	96		39.88889
300	9	La4	A4	305	305	1	8	278	95	96		40
301	9	Sol4	G4	296	296	1	4	556	95	96	mi 	40.22222
302	9			-1	-1	1	2	1111	100	0		40.66667
303	53			0	0	0	0	0	0	0		40.66667
304	9	La4	A4	305	305	1	8	278	95	96	ne 	40.77778
305	9	Sol4	G4	296	296	1	8	278	99	96	der	40.88889
306	9	Fa4	F4	287	287	1	16	139	99	96		40.94444
307	9	Mi4	E4	283	283	1	16	139	95	96		41
308	9	Fa4	F4	287	287	3	8	625	95	96	sin  	41.33333
309	54			0	0	0	0	0	0	0	saba@la4	41.33333
310	9	Do5	C5	318	318	1	8	208	95	78	SAZ	41.44444
311	9	Si4b2	B4b1	312	313	1	8	208	95	96	.	41.55556
312	9	Re5b3	D5b4	324	323	1	8	208	95	96	.	41.66667
313	9	Do5	C5	318	318	3	8	625	95	96	.	42
314	53			0	0	0	0	0	0	0		42
315	9	Do5	C5	318	318	1	4	417	95	96	Ben_	42.22222
316	9	Do5	C5	318	318	3	16	312	99	96	ağ	42.38889
317	9	Re5b3	D5b4	324	323	1	16	104	95	96		42.44444
318	9	Do5	C5	318	318	1	16	104	99	96	lı	42.5
319	9	Si4b2	B4b1	312	313	1	16	104	95	96		42.55556
320	9	La4	A4	305	305	1	16	104	99	96	yo	42.61111
321	9	Si4b2	B4b1	312	313	1	16	104	95	96		42.66667
322	9	Do5	C5	318	318	3	8	625	50	96	rum 	43
323	53			0	0	0	0	0	0	0		43
324	55			0	0	0	0	0	0	0		43
325	9	Do5	C5	318	318	1	4	417	95	96	sen 	43.22222
326	9	Re5b2	D5b1	325	326	1	8	208	95	96	de 	43.33333
327	9	Mi5	E5	336	336	1	8	208	95	96	mi 	43.44444
328	9	Fa5	F5	340	340	1	4	417	95	96	bî	43.66667
329	9	Mi5	E5	336	336	1	8	208	99	96	tâb 	43.77778
330	9	Re5	D5	327	327	1	8	208	99	96		43.88889
331	9	Do5	C5	318	318	1	8	208	99	96		44
332	53			0	0	0	0	0	0	0		44
333	9	Do5	C5	318	318	1	4	417	95	96		44.22222
334	9	Re5	D5	327	327	1	8	208	95	96	ı 	44.33333
335	9	Mi5	E5	336	336	1	8	208	95	96	ke	44.44444
336	9	Fa5	F5	340	340	1	8	208	99	96	der	44.55556
337	9	Mi5	E5	336	336	1	8	208	99	96		44.66667
338	9	Fa5	F5	340	340	1	8	208	99	96		44.77778
339	9	Sol5	G5	349	349	1	8	208	99	96		44.88889
340	9	Sol5	G5	349	349	1	16	104	99	96		44.94444
341	9	Fa5	F5	340	340	1	16	104	95	96		45
342	9	Fa5	F5	340	340	3	8	625	95	96	sin  	45.33333
343	53			0	0	0	0	0	0	0		45.33333
344	54			0	0	0	0	0	0	0	saba@la4	45.33333
345	9	Do5	C5	318	318	1	8	208	95	78	SAZ	45.44444
346	9	Si4b2	B4b1	312	313	1	8	208	95	96	.	45.55556
347	9	Re5b3	D5b4	324	323	1	8	208	95	96	.	45.66667
348	9	Do5	C5	318	318	3	8	625	95	96	.	46
349	53			0	0	0	0	0	0	0		46
350	9	Do5	C5	318	318	1	4	417	95	96	Ben_	46.22222
351	9	Do5	C5	318	318	3	16	312	99	96	ağ	46.38889
352	9	Re5b3	D5b4	324	323	1	16	104	95	96		46.44444
353	9	Do5	C5	318	318	1	16	104	99	96	lı	46.5
354	9	Si4b2	B4b1	312	313	1	16	104	95	96		46.55556
355	9	La4	A4	305	305	1	16	104	99	96	yo	46.61111
356	9	Si4b2	B4b1	312	313	1	16	104	95	96		46.66667
357	9	Do5	C5	318	318	3	8	625	50	96	rum 	47
358	53			0	0	0	0	0	0	0		47
359	55			0	0	0	0	0	0	0		47
360	9	Do5	C5	318	318	1	4	417	95	96	sen 	47.22222
361	9	Re5b2	D5b1	325	326	1	8	208	95	96	de 	47.33333
362	9	Mi5	E5	336	336	1	8	208	95	96	mi 	47.44444
363	9	Fa5	F5	340	340	1	4	417	95	96	bî	47.66667
364	9	Mi5	E5	336	336	1	8	208	99	96	tâb 	47.77778
365	9	Re5	D5	327	327	1	8	208	99	96		47.88889
366	9	Do5	C5	318	318	1	8	208	99	96		48
367	53			0	0	0	0	0	0	0		48
368	9	Do5	C5	318	318	1	4	417	95	96		48.22222
369	9	Re5	D5	327	327	1	8	208	95	96	ı 	48.33333
370	9	Mi5	E5	336	336	1	8	208	95	96	ke	48.44444
371	9	Fa5	F5	340	340	1	8	208	99	96	der	48.55556
372	9	Mi5	E5	336	336	1	8	208	99	96		48.66667
373	9	Fa5	F5	340	340	1	8	208	99	114		48.77778
374	9	Sol5	G5	349	349	1	8	208	99	106		48.88889
375	9	Sol5	G5	349	349	1	16	104	99	99		48.94444
376	9	Fa5	F5	340	340	1	16	104	95	92		49
377	9	Fa5	F5	340	340	3	8	417	95	84	sin  	49.33333
378	9	Do5	C5	318	318	1	8	139	95	96	SAZ	49.44444
379	9	Re5	D5	327	327	1	8	139	95	96	.	49.55556
380	9	Mi5	E5	336	336	1	8	139	95	96	.	49.66667
381	9	Fa5	F5	340	340	3	8	417	95	96	.	50
382	53			0	0	0	0	0	0	0		50
383	9	Fa5	F5	340	340	3	16	312	99	96	Sev	50.16667
384	9	Sol5	G5	349	349	1	16	104	95	96		50.22222
385	9	La5	A5	358	358	1	8	208	99	96	mek 	50.33333
386	9	Sol5	G5	349	349	1	8	208	95	96		50.44444
387	9	Fa5	F5	340	340	1	8	208	95	96	mi 	50.55556
388	9	Mi5	E5	336	336	1	8	208	95	96	gü	50.66667
389	7	Fa5	F5	340	340	2	8	417	99	96	zel 	50.88889
390	9	Mi5	E5	336	336	1	16	104	99	96		50.94444
391	9	Re5	D5	327	327	1	16	104	95	96		51
392	9	Re5	D5	327	327	3	16	312	99	96	yok	51.16667
393	9	Mi5	E5	336	336	1	16	104	95	96		51.22222
394	9	Fa5	F5	340	340	1	8	208	95	96	sa 	51.33333
395	9	Mi5	E5	336	336	1	8	208	95	96	se	51.44444
396	9	Mi5	E5	336	336	1	8	208	99	96	vil	51.55556
397	9	Re5	D5	327	327	1	8	208	95	96		51.66667
398	9	Re5	D5	327	327	1	8	208	99	96	mek 	51.77778
399	9	Do5	C5	318	318	1	8	208	99	96		51.88889
400	9	Re5	D5	327	327	1	16	104	99	96		51.94444
401	9	Do5	C5	318	318	1	16	104	95	96		52
402	9	Do5	C5	318	318	1	4	417	95	96	mi 	52.22222
403	9			-1	-1	1	2	833	100	0		52.66667
404	53			0	0	0	0	0	0	0		52.66667
405	9	Re5	D5	327	327	1	8	208	95	96	ne 	52.77778
406	9	Do5	C5	318	318	1	8	208	99	96	der	52.88889
407	9	Si4b5	B4b5	309	309	1	16	104	99	96		52.94444
408	9	La4	A4	305	305	1	16	104	95	96		53
409	9	Si4b5	B4b5	309	309	1	4	417	95	96	sin  	53.22222
410	9			-1	-1	7	8	1458	100	0		54
411	53			0	0	0	0	0	0	0		54
412	9	La4	A4	305	305	3	16	312	99	96	Sev	54.16667
413	9	Si4b5	B4b5	309	309	1	16	104	95	96		54.22222
414	9	Do5	C5	318	318	1	8	208	99	96	mek 	54.33333
415	9	Re5	D5	327	327	1	8	208	95	96		54.44444
416	9	Do5	C5	318	318	1	8	208	95	96	mi 	54.55556
417	9	Si4b5	B4b5	309	309	1	8	208	95	96	gü	54.66667
418	9	La4	A4	305	305	1	8	208	99	96	zel 	54.77778
419	9	Sol4	G4	296	296	1	8	208	99	96		54.88889
420	9	Fa4	F4	287	287	1	8	208	95	96		55
421	9	Fa5	F5	340	340	1	8	208	99	96	yok	55.11111
422	9	Mi5	E5	336	336	1	8	208	95	96		55.22222
423	9	Re5	D5	327	327	1	8	208	95	96	sa 	55.33333
424	9	Do5	C5	318	318	1	8	208	95	96	se	55.44444
425	9	Si4b5	B4b5	309	309	1	8	208	99	96	vil	55.55556
426	9	La4	A4	305	305	1	8	208	95	96		55.66667
427	9	Sol4	G4	296	296	1	8	208	99	96	mek 	55.77778
428	9	Fa4	F4	287	287	1	8	208	99	96		55.88889
429	9	La4	A4	305	305	1	8	208	95	96		56
430	9	Sol4	G4	296	296	1	4	417	95	96	mi 	56.22222
431	9			-1	-1	1	2	833	100	0		56.66667
432	53			0	0	0	0	0	0	0		56.66667
433	9	La4	A4	305	305	1	8	208	95	114	ne 	56.77778
434	9	Sol4	G4	296	296	1	8	208	99	106	der	56.88889
435	9	Fa4	F4	287	287	1	16	104	99	99		56.94444
436	9	Mi4	E4	283	283	1	16	104	95	92		57
437	9	Fa4	F4	287	287	3	8	625	95	84	sin  	57.33333
438	9	Do5	C5	318	318	1	8	208	95	96	SAZ	57.44444
439	9	Re5	D5	327	327	1	8	208	95	96	.	57.55556
440	9	Mi5	E5	336	336	1	8	208	95	96	.	57.66667
441	9	Fa5	F5	340	340	3	8	625	95	96	.	58
442	53			0	0	0	0	0	0	0		58
443	9	Fa5	F5	340	340	3	16	312	99	96	Sev	58.16667
444	9	Sol5	G5	349	349	1	16	104	95	96		58.22222
445	9	La5	A5	358	358	1	8	208	99	96	mek 	58.33333
446	9	Sol5	G5	349	349	1	8	208	95	96		58.44444
447	9	Fa5	F5	340	340	1	8	208	95	96	mi 	58.55556
448	9	Mi5	E5	336	336	1	8	208	95	96	gü	58.66667
449	7	Fa5	F5	340	340	2	8	417	99	96	zel 	58.88889
450	9	Mi5	E5	336	336	1	16	104	99	96		58.94444
451	9	Re5	D5	327	327	1	16	104	95	96		59
452	9	Re5	D5	327	327	3	16	312	99	96	yok	59.16667
453	9	Mi5	E5	336	336	1	16	104	95	96		59.22222
454	9	Fa5	F5	340	340	1	8	208	95	96	sa 	59.33333
455	9	Mi5	E5	336	336	1	8	208	95	96	se	59.44444
456	9	Mi5	E5	336	336	1	8	208	99	96	vil	59.55556
457	9	Re5	D5	327	327	1	8	208	95	96		59.66667
458	9	Re5	D5	327	327	1	8	208	99	96	mek 	59.77778
459	9	Do5	C5	318	318	1	8	208	99	96		59.88889
460	9	Re5	D5	327	327	1	16	104	99	96		59.94444
461	9	Do5	C5	318	318	1	16	104	95	96		60
462	9	Do5	C5	318	318	1	4	417	95	96	mi 	60.22222
463	9			-1	-1	1	2	833	100	0		60.66667
464	53			0	0	0	0	0	0	0		60.66667
465	9	Re5	D5	327	327	1	8	208	95	96	ne 	60.77778
466	9	Do5	C5	318	318	1	8	208	99	96	der	60.88889
467	9	Si4b5	B4b5	309	309	1	16	104	99	96		60.94444
468	9	La4	A4	305	305	1	16	104	95	96		61
469	9	Si4b5	B4b5	309	309	1	4	417	95	96	sin  	61.22222
470	9			-1	-1	7	8	1458	100	0		62
471	53			0	0	0	0	0	0	0		62
472	9	La4	A4	305	305	3	16	312	99	96	Sev	62.16667
473	9	Si4b5	B4b5	309	309	1	16	104	95	96		62.22222
474	9	Do5	C5	318	318	1	8	208	99	96	mek 	62.33333
475	9	Re5	D5	327	327	1	8	208	95	96		62.44444
476	9	Do5	C5	318	318	1	8	208	95	96	mi 	62.55556
477	9	Si4b5	B4b5	309	309	1	8	208	95	96	gü	62.66667
478	9	La4	A4	305	305	1	8	208	99	96	zel 	62.77778
479	9	Sol4	G4	296	296	1	8	208	99	96		62.88889
480	9	Fa4	F4	287	287	1	8	208	95	96		63
481	9	Fa5	F5	340	340	1	8	208	99	96	yok	63.11111
482	9	Mi5	E5	336	336	1	8	208	95	96		63.22222
483	9	Re5	D5	327	327	1	8	208	95	96	sa 	63.33333
484	9	Do5	C5	318	318	1	8	208	95	96	se	63.44444
485	9	Si4b5	B4b5	309	309	1	8	208	99	96	vil	63.55556
486	9	La4	A4	305	305	1	8	208	95	96		63.66667
487	9	Sol4	G4	296	296	1	8	208	99	96	mek 	63.77778
488	9	Fa4	F4	287	287	1	8	208	99	96		63.88889
489	9	La4	A4	305	305	1	8	208	95	96		64
490	9	Sol4	G4	296	296	1	4	417	95	96	mi 	64.22222
491	9			-1	-1	1	2	833	100	0		64.66666
492	53			0	0	0	0	0	0	0		64.66666
493	9	La4	A4	305	305	1	8	208	95	96	ne 	64.77778
494	9	Sol4	G4	296	296	1	8	208	99	96	der	64.88889
495	9	Fa4	F4	287	287	1	16	104	99	96		64.94444
496	9	Mi4	E4	283	283	1	16	104	95	96		65
497	9	Fa4	F4	287	287	3	8	625	95	96	sin  	65.33334
