Sýra	Kod	Nota53	NotaAE	Koma53	KomaAE	Pay	Payda	Ms	LNS	Bas	Soz1	Offset
1	9			-1	-1	1	8	417	100	0		5.555556E-02
2	9	Fa5	F5	340	340	1	16	208	95	96	ARANAÐME	8.333334E-02
3	9	Mi5	E5	336	336	1	16	208	95	66	.	0.1111111
4	9	Fa5	F5	340	340	1	8	417	50	82	.	0.1666667
5	9	Sol5	G5	349	349	1	8	417	50	98	.	0.2222222
6	9	La5	A5	358	358	3	16	625	95	114	.	0.3055556
7	9	Sol5	G5	349	349	1	16	208	95	66	.	0.3333333
8	9	Fa5	F5	340	340	1	8	417	95	82	.	0.3888889
9	9	Mi5	E5	336	336	1	8	417	95	98	.	0.4444444
10	9	Sol5	G5	349	349	3	16	625	95	114	.	0.5277778
11	9	Fa5	F5	340	340	1	16	208	95	96	.	0.5555556
12	9	Mi5	E5	336	336	1	8	417	95	66	.	0.6111111
13	9	Re5	D5	327	327	1	8	417	95	78	.	0.6666667
14	9	Mi5	E5	336	336	1	8	417	95	90	.	0.7222222
15	9	Fa5	F5	340	340	1	8	417	95	102	.	0.7777778
16	9	Sol5	G5	349	349	1	16	208	95	114	.	0.8055556
17	9	Fa5	F5	340	340	1	16	208	95	96	.	0.8333333
18	9	Mi5	E5	336	336	1	16	208	95	96	.	0.8611111
19	9	Re5	D5	327	327	1	16	208	95	96	.	0.8888889
20	9	Do5	C5	318	318	1	4	833	95	96	.	1
21	9			-1	-1	1	8	417	100	0	.	1.055556
22	53			0	0	0	0	0	0	0		1.055556
23	8	Mi6	E6	389	389	0	0	0	95	96	.	1.055556
24	9	Re6	D6	380	380	1	8	417	95	96	.	1.111111
25	9	Do6	C6	371	371	1	8	417	95	96	.	1.166667
26	9	Si5b5	B5b5	362	362	1	8	417	95	96	.	1.222222
27	9	La5	A5	358	358	1	8	417	95	96	.	1.277778
28	9	Do6	C6	371	371	1	8	417	95	96	.	1.333333
29	8	Do6	C6	371	371	0	0	0	95	96	.	1.333333
30	9	Si5b5	B5b5	362	362	1	8	417	95	96	.	1.388889
31	9	La5	A5	358	358	1	8	417	95	96	.	1.444444
32	9	Sol5	G5	349	349	1	8	417	95	96	.	1.5
33	9	La5	A5	358	358	1	8	417	95	96	.	1.555556
34	9	Do6	C6	371	371	1	16	208	95	66	.	1.583333
35	9	Si5b5	B5b5	362	362	1	16	208	95	68	.	1.611111
36	9	La5	A5	358	358	1	16	208	95	70	.	1.638889
37	9	Sol5	G5	349	349	1	16	208	95	72	.	1.666667
38	9	Fa5	F5	340	340	1	2	1667	95	74	.	1.888889
39	53			0	0	0	0	0	0	76		1.888889
40	9	Sol5	G5	349	349	1	8	417	95	78	.	1.944444
41	9	La5	A5	358	358	1	8	417	95	96	.	2
42	9	Si5b5	B5b5	362	362	3	16	625	95	96	.	2.083333
43	10	La5	A5	358	358	1	16	208	95	96	.	2.111111
44	8	Si5b5	B5b5	362	362	0	0	0	95	96	.	2.111111
45	9	Sol5	G5	349	349	1	8	417	95	96	.	2.166667
46	9	Si5b5	B5b5	362	362	1	8	417	95	96	.	2.222222
47	9	La5	A5	358	358	3	16	625	95	96	.	2.305556
48	9	Sol5	G5	349	349	1	16	208	95	96	.	2.333333
49	9	Fa5	F5	340	340	1	8	417	95	96	.	2.388889
50	9	La5	A5	358	358	1	8	417	95	96	.	2.444444
51	9	Sol5	G5	349	349	3	16	625	95	96	.	2.527778
52	9	Fa5	F5	340	340	1	16	208	95	96	.	2.555556
53	9	Mi5	E5	336	336	1	8	417	95	96	.	2.611111
54	9	Sol5	G5	349	349	1	8	417	95	96	.	2.666667
55	9	Fa5	F5	340	340	3	16	625	95	96	.	2.75
56	9	Mi5	E5	336	336	1	16	208	95	96	.	2.777778
57	9	Re5	D5	327	327	1	8	417	95	96	.	2.833333
58	9	Fa5	F5	340	340	1	8	417	95	96	.	2.888889
59	9	Mi5	E5	336	336	1	8	417	95	96	.	2.944444
60	9	Re5	D5	327	327	1	8	417	95	96	.	3
61	53			0	0	0	0	0	0	0		3
62	9	Do5	C5	318	318	3	16	625	95	96	.	3.083333
63	9	Si4b5	B4b5	309	309	1	16	208	95	96	.	3.111111
64	9	La4	A4	305	305	1	8	417	95	96	.	3.166667
65	9	Fa5	F5	340	340	1	8	417	95	96	.	3.222222
66	8	Fa5	F5	340	340	0	0	0	95	96	.	3.222222
67	9	Mi5	E5	336	336	1	8	417	95	96	.	3.277778
68	9	Re5	D5	327	327	1	8	417	95	96	.	3.333333
69	9	Do5	C5	318	318	1	8	417	95	96	.	3.388889
70	9	Si4b5	B4b5	309	309	1	8	417	95	96	.	3.444444
71	9	La4	A4	305	305	3	16	625	95	96	.	3.527778
72	9	Sol4	G4	296	296	1	16	208	95	96	.	3.555556
73	9	La4	A4	305	305	1	16	208	95	96	.	3.583333
74	9	Sol4	G4	296	296	1	16	208	95	96	.	3.611111
75	9	Fa4	F4	287	287	1	16	208	95	66	.	3.638889
76	9	Mi4	E4	283	283	1	16	208	95	70	.	3.666667
77	9	Fa4	F4	287	287	1	4	833	95	74	.	3.777778
78	9	Do5	C5	318	318	1	8	417	95	78	.	3.833333
79	9	Re5	D5	327	327	1	16	208	95	96	.	3.861111
80	9	Mi5	E5	336	336	1	16	208	95	96	.	3.888889
81	9	Fa5	F5	340	340	1	4	833	95	96	.	4
82	53			0	0	0	0	0	0	0		4
83	9			-1	-1	1	8	417	100	0		4.055555
84	9	Fa5	F5	340	340	1	16	208	95	96	ARANAÐME	4.083333
85	9	Mi5	E5	336	336	1	16	208	95	66	.	4.111111
86	9	Fa5	F5	340	340	1	8	417	50	82	.	4.166667
87	9	Sol5	G5	349	349	1	8	417	50	98	.	4.222222
88	9	La5	A5	358	358	3	16	625	95	114	.	4.305555
89	9	Sol5	G5	349	349	1	16	208	95	66	.	4.333333
90	9	Fa5	F5	340	340	1	8	417	95	82	.	4.388889
91	9	Mi5	E5	336	336	1	8	417	95	98	.	4.444445
92	9	Sol5	G5	349	349	3	16	625	95	114	.	4.527778
93	9	Fa5	F5	340	340	1	16	208	95	96	.	4.555555
94	9	Mi5	E5	336	336	1	8	417	95	66	.	4.611111
95	9	Re5	D5	327	327	1	8	417	95	78	.	4.666667
96	9	Mi5	E5	336	336	1	8	417	95	90	.	4.722222
97	9	Fa5	F5	340	340	1	8	417	95	102	.	4.777778
98	9	Sol5	G5	349	349	1	16	208	95	114	.	4.805555
99	9	Fa5	F5	340	340	1	16	208	95	96	.	4.833333
100	9	Mi5	E5	336	336	1	16	208	95	96	.	4.861111
101	9	Re5	D5	327	327	1	16	208	95	96	.	4.888889
102	9	Do5	C5	318	318	1	4	833	95	96	.	5
103	9			-1	-1	1	8	417	100	0	.	5.055555
104	53			0	0	0	0	0	0	0		5.055555
105	8	Mi6	E6	389	389	0	0	0	95	96	.	5.055555
106	9	Re6	D6	380	380	1	8	417	95	96	.	5.111111
107	9	Do6	C6	371	371	1	8	417	95	96	.	5.166667
108	9	Si5b5	B5b5	362	362	1	8	417	95	96	.	5.222222
109	9	La5	A5	358	358	1	8	417	95	96	.	5.277778
110	9	Do6	C6	371	371	1	8	417	95	96	.	5.333333
111	8	Do6	C6	371	371	0	0	0	95	96	.	5.333333
112	9	Si5b5	B5b5	362	362	1	8	417	95	96	.	5.388889
113	9	La5	A5	358	358	1	8	417	95	96	.	5.444445
114	9	Sol5	G5	349	349	1	8	417	95	96	.	5.5
115	9	La5	A5	358	358	1	8	417	95	96	.	5.555555
116	9	Do6	C6	371	371	1	16	208	95	66	.	5.583333
117	9	Si5b5	B5b5	362	362	1	16	208	95	68	.	5.611111
118	9	La5	A5	358	358	1	16	208	95	70	.	5.638889
119	9	Sol5	G5	349	349	1	16	208	95	72	.	5.666667
120	9	Fa5	F5	340	340	1	2	1667	95	74	.	5.888889
121	53			0	0	0	0	0	0	76		5.888889
122	9	Sol5	G5	349	349	1	8	417	95	78	.	5.944445
123	9	La5	A5	358	358	1	8	417	95	96	.	6
124	9	Si5b5	B5b5	362	362	3	16	625	95	96	.	6.083333
125	10	La5	A5	358	358	1	16	208	95	96	.	6.111111
126	8	Si5b5	B5b5	362	362	0	0	0	95	96	.	6.111111
127	9	Sol5	G5	349	349	1	8	417	95	96	.	6.166667
128	9	Si5b5	B5b5	362	362	1	8	417	95	96	.	6.222222
129	9	La5	A5	358	358	3	16	625	95	96	.	6.305555
130	9	Sol5	G5	349	349	1	16	208	95	96	.	6.333333
131	9	Fa5	F5	340	340	1	8	417	95	96	.	6.388889
132	9	La5	A5	358	358	1	8	417	95	96	.	6.444445
133	9	Sol5	G5	349	349	3	16	625	95	96	.	6.527778
134	9	Fa5	F5	340	340	1	16	208	95	96	.	6.555555
135	9	Mi5	E5	336	336	1	8	417	95	96	.	6.611111
136	9	Sol5	G5	349	349	1	8	417	95	96	.	6.666667
137	9	Fa5	F5	340	340	3	16	625	95	96	.	6.75
138	9	Mi5	E5	336	336	1	16	208	95	96	.	6.777778
139	9	Re5	D5	327	327	1	8	417	95	96	.	6.833333
140	9	Fa5	F5	340	340	1	8	417	95	96	.	6.888889
141	9	Mi5	E5	336	336	1	8	417	95	96	.	6.944445
142	9	Re5	D5	327	327	1	8	417	95	96	.	7
143	53			0	0	0	0	0	0	0		7
144	9	Do5	C5	318	318	3	16	625	95	96	.	7.083333
145	9	Si4b5	B4b5	309	309	1	16	208	95	96	.	7.111111
146	9	La4	A4	305	305	1	8	417	95	96	.	7.166667
147	9	Fa5	F5	340	340	1	8	417	95	66	.	7.222222
148	8	Fa5	F5	340	340	0	0	0	95	74	.	7.222222
149	9	Mi5	E5	336	336	1	8	417	95	82	.	7.277778
150	9	Re5	D5	327	327	1	8	417	95	90	.	7.333333
151	9	Do5	C5	318	318	1	8	417	95	98	.	7.388889
152	9	Si4b5	B4b5	309	309	1	8	417	95	106	.	7.444445
153	9	La4	A4	305	305	3	16	625	95	114	.	7.527778
154	9	Sol4	G4	296	296	1	16	208	95	96	.	7.555555
155	9	La4	A4	305	305	1	16	208	95	96	.	7.583333
156	9	Sol4	G4	296	296	1	16	208	95	96	.	7.611111
157	9	Fa4	F4	287	287	1	16	208	95	96	.	7.638889
158	9	Mi4	E4	283	283	1	16	208	95	96	.	7.666667
159	9	Fa4	F4	287	287	1	8	417	95	96	.	7.722222
160	53			0	0	0	0	0	0	0		7.722222
161	1	Fa5	F5	340	340	1	16	208	95	96	.	7.75
162	1	La5	A5	358	358	1	16	208	95	96	.	7.777778
163	1	Sol5	G5	349	349	1	16	208	95	96	.	7.805555
164	1	Fa5	F5	340	340	1	16	208	95	96	.	7.833333
165	1	Mi5	E5	336	336	1	16	208	95	96	.	7.861111
166	1	Fa5	F5	340	340	1	16	208	95	96	.	7.888889
167	1	Mi5	E5	336	336	1	16	208	95	96	.	7.916667
168	1	Re5	D5	327	327	1	16	208	95	96	.	7.944445
169	1	Do5	C5	318	318	1	16	208	95	96	.	7.972222
170	1	Re5	D5	327	327	1	32	104	95	96	.	7.986111
171	1	Mi5	E5	336	336	1	32	104	95	96	.	8
172	1	Fa5	F5	340	340	3	32	312	95	96	.	8.041667
173	1	Mi5	E5	336	336	1	32	104	95	96	.	8.055555
174	1	Fa5	F5	340	340	1	16	208	95	96	.	8.083333
175	1	Sol5	G5	349	349	1	16	208	95	96	.	8.111111
176	1	Fa5	F5	340	340	1	16	208	95	96	.	8.138889
177	1	Mi5	E5	336	336	1	16	208	95	96	.	8.166667
178	1	Re5	D5	327	327	1	16	208	95	96	.	8.194445
179	1	Mi5	E5	336	336	1	16	208	95	96	.	8.222222
180	1	Fa5	F5	340	340	1	8	417	95	96	.	8.277778
181	53			0	0	0	0	0	0	0		8.277778
182	9	Mi5	E5	336	336	4	16	833	95	84	Bir 	8.388889
183	9	Fa5	F5	340	340	1	8	417	95	84	ha	8.444445
184	9	Fa5	F5	340	340	1	2	1667	95	84	ber 	8.666667
185	9	Mi5	E5	336	336	1	8	417	99	96	ver 	8.722222
186	9	Fa5	F5	340	340	1	8	417	99	96		8.777778
187	9	Sol5	G5	349	349	1	8	417	99	96		8.833333
188	9	La5	A5	358	358	1	8	417	99	96		8.888889
189	9	Sol5	G5	349	349	1	8	417	99	96		8.944445
190	9	Fa5	F5	340	340	1	8	417	99	96		9
191	9	Mi5	E5	336	336	3	16	625	99	96		9.083333
192	9	Re5	D5	327	327	1	16	208	99	96		9.111111
193	9	Mi5	E5	336	336	1	16	208	99	96		9.138889
194	9	Re5	D5	327	327	1	16	208	99	96		9.166667
195	9	Do5	C5	318	318	1	8	417	95	96		9.222222
196	9			-1	-1	1	8	417	100	0		9.277778
197	53			0	0	0	0	0	0	0		9.277778
198	54			0	0	0	0	0	0	0	saba@la4	9.277778
199	9	Do5	C5	318	318	1	4	833	95	96	ey 	9.388889
200	9	Re5b3	D5b4	324	323	1	8	417	95	84	sa	9.444445
201	9	Do5	C5	318	318	1	8	417	99	84	bâ	9.5
202	9	Si4b2	B4b1	312	313	1	16	208	99	96		9.527778
203	9	La4	A4	305	305	1	16	208	99	96		9.555555
204	9	Si4b2	B4b1	312	313	1	8	417	99	96		9.611111
205	9	Do5	C5	318	318	1	8	417	95	96		9.666667
206	9	Si4b2	B4b1	312	313	1	8	417	99	66	n'ol	9.722222
207	9	Do5	C5	318	318	1	8	417	99	67		9.777778
208	9	Do5	C5	318	318	1	8	417	99	68		9.833333
209	9	Si4b2	B4b1	312	313	1	8	417	99	69		9.888889
210	9	Mi5	E5	336	336	1	8	417	99	70		9.944445
211	9	Re5b3	D5b4	324	323	1	16	208	99	71		9.972222
212	9	Do5	C5	318	318	1	16	208	100	72		10
213	9	Do5	C5	318	318	5	8	2084	95	73		10.27778
214	53			0	0	0	0	0	0	75		10.27778
215	55			0	0	0	0	0	0	76		10.27778
216	9	Do5	C5	318	318	1	4	833	50	77	du 	10.38889
217	9	Sol5	G5	349	349	1	8	417	95	78	gü	10.44444
218	9	Sol5	G5	349	349	1	2	1667	95	96	lis	10.66667
219	9	Fa5	F5	340	340	1	8	417	99	96	tâ	10.72222
220	9	Sol5	G5	349	349	1	8	417	99	96		10.77778
221	9	La5	A5	358	358	1	8	417	99	96		10.83333
222	9	Si5b5	B5b5	362	362	1	8	417	99	96		10.88889
223	9	La5	A5	358	358	1	8	417	99	96		10.94444
224	9	Sol5	G5	349	349	1	8	417	99	96		11
225	9	Sol5	G5	349	349	1	8	417	99	96		11.05556
226	9	Fa5	F5	340	340	1	4	833	99	96		11.16667
227	9	Mi5	E5	336	336	1	16	208	99	96		11.19444
228	9	Re5	D5	327	327	1	16	208	99	92		11.22222
229	9	Re5	D5	327	327	1	8	417	95	96		11.27778
230	8	Sol5	G5	349	349	0	0	0	95	96		11.27778
231	9	La5	A5	358	358	1	8	417	99	96	ným 	11.33333
232	9	Sol5	G5	349	349	1	8	417	99	96		11.38889
233	9	Fa5	F5	340	340	1	8	417	99	96		11.44444
234	9	Mi5	E5	336	336	1	8	417	99	96		11.5
235	9	Fa5	F5	340	340	1	8	417	99	96		11.55556
236	9	Sol5	G5	349	349	1	8	417	95	96		11.61111
237	9	Sol5	G5	349	349	1	16	208	99	96	be	11.63889
238	9	Fa5	F5	340	340	1	16	208	95	84		11.66667
239	9	Fa5	F5	340	340	3	8	1250	95	96	nim  	11.83333
240	9	Do5	C5	318	318	1	8	417	95	96	SAZ	11.88889
241	9	Re5	D5	327	327	1	8	417	95	96	.	11.94444
242	9	Mi5	E5	336	336	1	8	417	95	96	.	12
243	9	Fa5	F5	340	340	1	4	833	95	96	.	12.11111
244	1	Fa5	F5	340	340	1	16	208	95	96	.	12.13889
245	1	Mi5	E5	336	336	1	16	208	95	96	.	12.16667
246	1	Re5	D5	327	327	1	16	208	95	96	.	12.19444
247	1	Mi5	E5	336	336	1	16	208	95	96	.	12.22222
248	1	Fa5	F5	340	340	1	8	417	95	96	.	12.27778
249	53			0	0	0	0	0	0	0		12.27778
250	9	Fa5	F5	340	340	1	4	833	95	84	Kim	12.38889
251	9	La5	A5	358	358	1	8	417	95	84	ler_	12.44444
252	9	Sol5	G5	349	349	1	8	417	99	96	i	12.5
253	9	Sol5	G5	349	349	1	16	208	99	96		12.52778
254	9	Fa5	F5	340	340	1	16	208	99	96		12.55556
255	9	Mi5	E5	336	336	1	4	833	95	96		12.66667
256	9	Fa5	F5	340	340	1	8	417	99	96	le 	12.72222
257	9	Sol5	G5	349	349	1	8	417	99	96		12.77778
258	9	Fa5	F5	340	340	1	16	208	99	96		12.80556
259	9	Mi5	E5	336	336	1	16	208	99	96		12.83333
260	9	Re5	D5	327	327	1	8	417	99	96		12.88889
261	9	Mi5	E5	336	336	1	8	417	99	96		12.94444
262	9	Fa5	F5	340	340	1	8	417	99	96		13
263	9	Mi5	E5	336	336	1	16	208	99	96		13.02778
264	9	Re5	D5	327	327	1	16	208	99	96		13.05556
265	9	Do5	C5	318	318	1	16	208	99	96		13.08333
266	9	Re5	D5	327	327	1	16	208	99	66		13.11111
267	9	Do5	C5	318	318	1	4	833	95	70		13.22222
268	53			0	0	0	0	0	0	74		13.22222
269	9			-1	-1	1	8	417	100	78		13.27778
270	54			0	0	0	0	0	0	82	segah@la4b1	13.27778
271	9	Re5	D5	327	327	4	16	833	95	86	sa	13.38889
272	9	Mi5b5	E5b5	331	331	1	8	417	95	90	lý	13.44444
273	9	Re5	D5	327	327	1	8	417	99	94	nýr 	13.5
274	9	Do5	C5	318	318	1	8	417	99	98		13.55556
275	9	Si4b5	B4b5	309	309	1	8	417	99	102		13.61111
276	9	La4	A4	305	305	1	8	417	95	106		13.66667
277	8	Do5	C5	318	318	0	0	0	95	110		13.66667
278	9	Re5	D5	327	327	1	4	833	99	114	serv_	13.77778
279	10	Re5	D5	327	327	1	8	417	99	96		13.83333
280	8	Mi5	E5	336	336	0	0	0	99	96		13.83333
281	9	Re5	D5	327	327	1	16	208	99	96		13.86111
282	9	Do5	C5	318	318	1	16	208	99	96		13.88889
283	9	Do5	C5	318	318	3	16	625	99	96		13.97222
284	9	Si4b5	B4b5	309	309	1	16	208	99	96		14
285	9	La4	A4	305	305	3	16	625	99	96		14.08333
286	9	Si4b5	B4b5	309	309	1	16	208	99	96		14.11111
287	9	La4	A4	305	305	1	16	208	99	96		14.13889
288	9	Sol4#4	G4#4	300	300	1	16	208	99	96		14.16667
289	9	La4	A4	305	305	1	4	833	95	66		14.27778
290	53			0	0	0	0	0	0	69		14.27778
291	55			0	0	0	0	0	0	72		14.27778
292	9	Fa4	F4	287	287	1	4	833	50	75	i 	14.38889
293	9	Sol4	G4	296	296	1	8	417	95	78	hý	14.44444
294	9	La4	A4	305	305	1	8	417	99	96	râ	14.5
295	9	Si4b5	B4b5	309	309	1	8	417	99	96		14.55556
296	9	Do5	C5	318	318	1	8	417	99	96		14.61111
297	9	Re5	D5	327	327	1	8	417	95	96		14.66667
298	9	Fa5	F5	340	340	3	16	625	99	96	mâ	14.75
299	9	Mi5b5	E5b5	331	331	1	16	208	99	96		14.77778
300	9	Re5	D5	327	327	3	16	625	99	96		14.86111
301	9	Do5	C5	318	318	1	16	208	99	96		14.88889
302	9	Si4b5	B4b5	309	309	3	16	625	99	96		14.97222
303	9	La4	A4	305	305	1	16	208	99	96		15
304	9	Sol4	G4	296	296	1	2	1667	95	96		15.22222
305	53			0	0	0	0	0	0	0		15.22222
306	9	Sol4	G4	296	296	1	8	417	95	96		15.27778
307	4	La4	A4	305	305	1	8	417	99	84	ným 	15.33333
308	4	Sol4	G4	296	296	1	8	417	99	96		15.38889
309	9	Fa4	F4	287	287	1	8	417	99	96		15.44444
310	9	Mi4	E4	283	283	1	8	417	99	96		15.5
311	9	Fa4	F4	287	287	1	8	417	99	96		15.55556
312	9	Sol4	G4	296	296	1	8	417	95	96		15.61111
313	9	Sol4	G4	296	296	1	16	208	99	96	be	15.63889
314	9	Fa4	F4	287	287	1	16	208	95	66		15.66667
315	9	Fa4	F4	287	287	3	8	1250	95	90	nim  	15.83333
316	9	Do5	C5	318	318	1	8	417	95	114	SAZ	15.88889
317	9	Re5	D5	327	327	1	8	417	95	96	.	15.94444
318	9	Mi5	E5	336	336	1	8	417	95	96	.	16
319	9	Fa5	F5	340	340	1	4	833	95	96	.	16.11111
320	1	Fa5	F5	340	340	1	16	208	95	96	.	16.13889
321	1	Mi5	E5	336	336	1	16	208	95	96	.	16.16667
322	1	Re5	D5	327	327	1	16	208	95	96	.	16.19444
323	1	Mi5	E5	336	336	1	16	208	95	96	.	16.22222
324	1	Fa5	F5	340	340	1	8	417	95	96	.	16.27778
325	53			0	0	0	0	0	0	0		16.27778
326	9	Fa5	F5	340	340	1	4	833	95	84	Kim	16.38889
327	9	La5	A5	358	358	1	8	417	95	84	ler_	16.44444
328	9	Sol5	G5	349	349	1	8	417	99	96	i	16.5
329	9	Sol5	G5	349	349	1	16	208	99	96		16.52778
330	9	Fa5	F5	340	340	1	16	208	99	96		16.55556
331	9	Mi5	E5	336	336	1	4	833	95	96		16.66667
332	9	Fa5	F5	340	340	1	8	417	99	96	le 	16.72222
333	9	Sol5	G5	349	349	1	8	417	99	96		16.77778
334	9	Fa5	F5	340	340	1	16	208	99	96		16.80556
335	9	Mi5	E5	336	336	1	16	208	99	96		16.83333
336	9	Re5	D5	327	327	1	8	417	99	96		16.88889
337	9	Mi5	E5	336	336	1	8	417	99	96		16.94444
338	9	Fa5	F5	340	340	1	8	417	99	96		17
339	9	Mi5	E5	336	336	1	16	208	99	96		17.02778
340	9	Re5	D5	327	327	1	16	208	99	96		17.05556
341	9	Do5	C5	318	318	1	16	208	99	96		17.08333
342	9	Re5	D5	327	327	1	16	208	99	66		17.11111
343	9	Do5	C5	318	318	1	4	833	95	70		17.22222
344	53			0	0	0	0	0	0	74		17.22222
345	9			-1	-1	1	8	417	100	78		17.27778
346	54			0	0	0	0	0	0	82	segah@la4b1	17.27778
347	9	Re5	D5	327	327	4	16	833	95	86	sa	17.38889
348	9	Mi5b5	E5b5	331	331	1	8	417	95	90	lý	17.44444
349	9	Re5	D5	327	327	1	8	417	99	94	nýr 	17.5
350	9	Do5	C5	318	318	1	8	417	99	98		17.55556
351	9	Si4b5	B4b5	309	309	1	8	417	99	102		17.61111
352	9	La4	A4	305	305	1	8	417	95	106		17.66667
353	8	Do5	C5	318	318	0	0	0	95	110		17.66667
354	9	Re5	D5	327	327	1	4	833	99	114	serv_	17.77778
355	10	Re5	D5	327	327	1	8	417	99	96		17.83333
356	8	Mi5	E5	336	336	0	0	0	99	96		17.83333
357	9	Re5	D5	327	327	1	16	208	99	96		17.86111
358	9	Do5	C5	318	318	1	16	208	99	96		17.88889
359	9	Do5	C5	318	318	3	16	625	99	96		17.97222
360	9	Si4b5	B4b5	309	309	1	16	208	99	96		18
361	9	La4	A4	305	305	3	16	625	99	96		18.08333
362	9	Si4b5	B4b5	309	309	1	16	208	99	96		18.11111
363	9	La4	A4	305	305	1	16	208	99	96		18.13889
364	9	Sol4#4	G4#4	300	300	1	16	208	99	96		18.16667
365	9	La4	A4	305	305	1	4	833	95	66		18.27778
366	53			0	0	0	0	0	0	69		18.27778
367	55			0	0	0	0	0	0	72		18.27778
368	9	Fa4	F4	287	287	1	4	833	50	75	i 	18.38889
369	9	Sol4	G4	296	296	1	8	417	95	78	hý	18.44444
370	9	La4	A4	305	305	1	8	417	99	96	râ	18.5
371	9	Si4b5	B4b5	309	309	1	8	417	99	96		18.55556
372	9	Do5	C5	318	318	1	8	417	99	96		18.61111
373	9	Re5	D5	327	327	1	8	417	95	96		18.66667
374	9	Fa5	F5	340	340	3	16	625	99	96	mâ	18.75
375	9	Mi5b5	E5b5	331	331	1	16	208	99	96		18.77778
376	9	Re5	D5	327	327	3	16	625	99	96		18.86111
377	9	Do5	C5	318	318	1	16	208	99	96		18.88889
378	9	Si4b5	B4b5	309	309	3	16	625	99	96		18.97222
379	9	La4	A4	305	305	1	16	208	99	96		19
380	9	Sol4	G4	296	296	1	2	1667	95	96		19.22222
381	9	Sol4	G4	296	296	1	8	417	95	96		19.27778
382	4	La4	A4	305	305	1	8	417	99	84	ným 	19.33333
383	4	Sol4	G4	296	296	1	8	417	99	96		19.38889
384	9	Fa4	F4	287	287	1	8	417	99	96		19.44444
385	9	Mi4	E4	283	283	1	8	417	99	96		19.5
386	9	Fa4	F4	287	287	1	8	417	99	96		19.55556
387	9	Sol4	G4	296	296	1	8	417	95	96		19.61111
388	9	Sol4	G4	296	296	1	16	208	99	96	be	19.63889
389	9	Fa4	F4	287	287	1	16	208	95	84		19.66667
390	9	Fa4	F4	287	287	3	8	1250	95	96	nim  	19.83333
391	53			0	0	0	0	0	0	0		19.83333
392	54			0	0	0	0	0	0	0	muhayyersunbule@la4	19.83333
393	9	Sol5	G5	349	349	1	8	417	95	66	SAZ	19.88889
394	9	Fa5	F5	340	340	1	8	417	95	67	.	19.94444
395	9	Sol5	G5	349	349	1	8	417	95	69	.	20
396	9	La5	A5	358	358	1	2	1667	95	70	.	20.22222
397	53			0	0	0	0	0	0	71		20.22222
398	9			-1	-1	1	8	417	100	73		20.27778
399	9	Sol5	G5	349	349	1	4	833	95	74	Bül	20.38889
400	9	La5	A5	358	358	1	8	417	95	75	bül_	20.44444
401	9	La5	A5	358	358	8	16	1667	95	77	ü	20.66667
402	9	La5	A5	358	358	1	8	417	99	78	müþ	20.72222
403	9	Si5b2	B5b1	365	366	1	8	417	99	96		20.77778
404	9	Do6	C6	371	371	1	8	417	99	96		20.83333
405	9	Si5b2	B5b1	365	366	1	8	417	99	96		20.88889
406	9	Do6	C6	371	371	1	8	417	99	96		20.94444
407	9	Si5b3	B5b4	364	363	1	8	417	99	96		21
408	9	Do6	C6	371	371	1	8	417	99	66		21.05556
409	9	Si5b5	B5b5	362	362	1	16	208	99	70		21.08333
410	9	La5	A5	358	358	1	16	208	99	74		21.11111
411	9	La5	A5	358	358	3	8	1250	95	78		21.27778
412	53			0	0	0	0	0	0	82		21.27778
413	55			0	0	0	0	0	0	86		21.27778
414	8	La5	A5	358	358	0	0	0	95	90		21.27778
415	9	Si5b5	B5b5	362	362	1	4	833	95	94	tâ	21.38889
416	9	Si5b5	B5b5	362	362	1	8	417	95	98	ký	21.44444
417	9	Si5b5	B5b5	362	362	1	8	417	99	102	nýn 	21.5
418	9	La5	A5	358	358	4	16	833	99	106		21.61111
419	9	Sol5	G5	349	349	1	8	417	95	110		21.66667
420	9	Sol5	G5	349	349	1	8	417	99	114	að	21.72222
421	9	La5	A5	358	358	1	8	417	99	96		21.77778
422	9	Sol5	G5	349	349	1	8	417	99	96		21.83333
423	9	Fa5	F5	340	340	1	8	417	99	96		21.88889
424	9	Mi5	E5	336	336	1	8	417	99	96		21.94444
425	9	Re5	D5	327	327	1	8	417	99	96		22
426	9	Re5	D5	327	327	1	8	417	99	96		22.05556
427	9	Mi5	E5	336	336	1	16	208	99	96		22.08333
428	9	Re5	D5	327	327	1	16	208	99	96		22.11111
429	9	Do5	C5	318	318	1	16	208	99	96		22.13889
430	9	Si4b2	B4b1	312	313	1	16	208	99	96		22.16667
431	9	Do5	C5	318	318	1	8	417	99	96		22.22222
432	53			0	0	0	0	0	0	0		22.22222
433	9	Do5	C5	318	318	1	8	417	95	96		22.27778
434	9	Do5	C5	318	318	1	4	833	95	96	la	22.38889
435	9	Sol5	G5	349	349	1	8	417	95	96	dý	22.44444
436	9	Sol5	G5	349	349	1	2	1667	95	96	ðýn 	22.66667
437	9	Fa5	F5	340	340	1	8	417	99	96	yâr 	22.72222
438	9	Sol5	G5	349	349	1	8	417	99	96		22.77778
439	9	La5	A5	358	358	1	8	417	99	96		22.83333
440	9	Si5b5	B5b5	362	362	1	8	417	99	96		22.88889
441	9	La5	A5	358	358	1	8	417	99	96		22.94444
442	9	Sol5	G5	349	349	1	8	417	99	96		23
443	9	Sol5	G5	349	349	1	8	417	99	96		23.05556
444	9	Fa5	F5	340	340	1	4	833	99	96		23.16667
445	9	Mi5	E5	336	336	1	16	208	99	96		23.19444
446	9	Re5	D5	327	327	1	16	208	99	96		23.22222
447	9	Re5	D5	327	327	1	8	417	95	96		23.27778
448	8	Sol5	G5	349	349	0	0	0	95	96		23.27778
449	9	La5	A5	358	358	1	8	417	99	96	i	23.33333
450	9	Sol5	G5	349	349	1	8	417	99	96		23.38889
451	9	Fa5	F5	340	340	1	8	417	99	96		23.44444
452	9	Mi5	E5	336	336	1	8	417	99	96		23.5
453	9	Fa5	F5	340	340	1	8	417	99	96		23.55556
454	9	Sol5	G5	349	349	1	8	417	95	96		23.61111
455	9	Sol5	G5	349	349	1	16	208	99	96	þi	23.63889
456	9	Fa5	F5	340	340	1	16	208	95	88		23.66667
457	9	Fa5	F5	340	340	3	8	1250	95	96	tip  	23.83333
458	9	Do5	C5	318	318	1	8	417	95	96	SAZ	23.88889
459	9	Re5	D5	327	327	1	8	417	95	96	.	23.94444
460	9	Mi5	E5	336	336	1	8	417	95	96	.	24
461	9	Fa5	F5	340	340	1	4	833	95	96	.	24.11111
462	1	Fa5	F5	340	340	1	16	208	95	96	.	24.13889
463	1	Mi5	E5	336	336	1	16	208	95	96	.	24.16667
464	1	Re5	D5	327	327	1	16	208	95	96	.	24.19444
465	1	Mi5	E5	336	336	1	16	208	95	96	.	24.22222
466	1	Fa5	F5	340	340	1	8	417	95	96	.	24.27778
467	53			0	0	0	0	0	0	0		24.27778
468	9	Fa5	F5	340	340	1	4	833	95	84	Kim	24.38889
469	9	La5	A5	358	358	1	8	417	95	84	ler_	24.44444
470	9	Sol5	G5	349	349	1	8	417	99	96	i	24.5
471	9	Sol5	G5	349	349	1	16	208	99	96		24.52778
472	9	Fa5	F5	340	340	1	16	208	99	96		24.55556
473	9	Mi5	E5	336	336	1	4	833	95	96		24.66667
474	9	Fa5	F5	340	340	1	8	417	99	96	le 	24.72222
475	9	Sol5	G5	349	349	1	8	417	99	96		24.77778
476	9	Fa5	F5	340	340	1	16	208	99	96		24.80556
477	9	Mi5	E5	336	336	1	16	208	99	96		24.83333
478	9	Re5	D5	327	327	1	8	417	99	96		24.88889
479	9	Mi5	E5	336	336	1	8	417	99	96		24.94444
480	9	Fa5	F5	340	340	1	8	417	99	96		25
481	9	Mi5	E5	336	336	1	16	208	99	96		25.02778
482	9	Re5	D5	327	327	1	16	208	99	96		25.05556
483	9	Do5	C5	318	318	1	16	208	99	96		25.08333
484	9	Re5	D5	327	327	1	16	208	99	66		25.11111
485	9	Do5	C5	318	318	1	4	833	95	70		25.22222
486	53			0	0	0	0	0	0	74		25.22222
487	9			-1	-1	1	8	417	100	78		25.27778
488	54			0	0	0	0	0	0	82	segah@la4b1	25.27778
489	9	Re5	D5	327	327	4	16	833	95	86	sa	25.38889
490	9	Mi5b5	E5b5	331	331	1	8	417	95	90	lý	25.44444
491	9	Re5	D5	327	327	1	8	417	99	94	nýr 	25.5
492	9	Do5	C5	318	318	1	8	417	99	98		25.55556
493	9	Si4b5	B4b5	309	309	1	8	417	99	102		25.61111
494	9	La4	A4	305	305	1	8	417	95	106		25.66667
495	8	Do5	C5	318	318	0	0	0	95	110		25.66667
496	9	Re5	D5	327	327	1	4	833	99	114	serv_	25.77778
497	10	Re5	D5	327	327	1	8	417	99	96		25.83333
498	8	Mi5	E5	336	336	0	0	0	99	96		25.83333
499	9	Re5	D5	327	327	1	16	208	99	96		25.86111
500	9	Do5	C5	318	318	1	16	208	99	96		25.88889
501	9	Do5	C5	318	318	3	16	625	99	96		25.97222
502	9	Si4b5	B4b5	309	309	1	16	208	99	96		26
503	9	La4	A4	305	305	3	16	625	99	96		26.08333
504	9	Si4b5	B4b5	309	309	1	16	208	99	96		26.11111
505	9	La4	A4	305	305	1	16	208	99	96		26.13889
506	9	Sol4#4	G4#4	300	300	1	16	208	99	96		26.16667
507	9	La4	A4	305	305	1	4	833	95	66		26.27778
508	53			0	0	0	0	0	0	69		26.27778
509	55			0	0	0	0	0	0	72		26.27778
510	9	Fa4	F4	287	287	1	4	833	50	75	i 	26.38889
511	9	Sol4	G4	296	296	1	8	417	95	78	hý	26.44444
512	9	La4	A4	305	305	1	8	417	99	96	râ	26.5
513	9	Si4b5	B4b5	309	309	1	8	417	99	96		26.55556
514	9	Do5	C5	318	318	1	8	417	99	96		26.61111
515	9	Re5	D5	327	327	1	8	417	95	96		26.66667
516	9	Fa5	F5	340	340	3	16	625	99	96	mâ	26.75
517	9	Mi5b5	E5b5	331	331	1	16	208	99	96		26.77778
518	9	Re5	D5	327	327	3	16	625	99	96		26.86111
519	9	Do5	C5	318	318	1	16	208	99	96		26.88889
520	9	Si4b5	B4b5	309	309	3	16	625	99	96		26.97222
521	9	La4	A4	305	305	1	16	208	99	96		27
522	9	Sol4	G4	296	296	1	2	1667	95	96		27.22222
523	53			0	0	0	0	0	0	0		27.22222
524	9	Sol4	G4	296	296	1	8	417	95	96		27.27778
525	4	La4	A4	305	305	1	8	417	99	84	ným 	27.33333
526	4	Sol4	G4	296	296	1	8	417	99	96		27.38889
527	9	Fa4	F4	287	287	1	8	417	99	96		27.44444
528	9	Mi4	E4	283	283	1	8	417	99	96		27.5
529	9	Fa4	F4	287	287	1	8	417	99	96		27.55556
530	9	Sol4	G4	296	296	1	8	417	95	96		27.61111
531	9	Sol4	G4	296	296	1	16	208	99	96	be	27.63889
532	9	Fa4	F4	287	287	1	16	208	95	66		27.66667
533	9	Fa4	F4	287	287	3	8	1250	95	90	nim  	27.83333
534	9	Do5	C5	318	318	1	8	417	95	114	SAZ	27.88889
535	9	Re5	D5	327	327	1	8	417	95	96	.	27.94444
536	9	Mi5	E5	336	336	1	8	417	95	96	.	28
537	9	Fa5	F5	340	340	1	4	833	95	96	.	28.11111
538	1	Fa5	F5	340	340	1	16	208	95	96	.	28.13889
539	1	Mi5	E5	336	336	1	16	208	95	96	.	28.16667
540	1	Re5	D5	327	327	1	16	208	95	96	.	28.19444
541	1	Mi5	E5	336	336	1	16	208	95	96	.	28.22222
542	1	Fa5	F5	340	340	1	8	417	95	96	.	28.27778
543	53			0	0	0	0	0	0	0		28.27778
544	9	Fa5	F5	340	340	1	4	833	95	84	Kim	28.38889
545	9	La5	A5	358	358	1	8	417	95	84	ler_	28.44444
546	9	Sol5	G5	349	349	1	8	417	99	96	i	28.5
547	9	Sol5	G5	349	349	1	16	208	99	96		28.52778
548	9	Fa5	F5	340	340	1	16	208	99	96		28.55556
549	9	Mi5	E5	336	336	1	4	833	95	96		28.66667
550	9	Fa5	F5	340	340	1	8	417	99	96	le 	28.72222
551	9	Sol5	G5	349	349	1	8	417	99	96		28.77778
552	9	Fa5	F5	340	340	1	16	208	99	96		28.80556
553	9	Mi5	E5	336	336	1	16	208	99	96		28.83333
554	9	Re5	D5	327	327	1	8	417	99	96		28.88889
555	9	Mi5	E5	336	336	1	8	417	99	96		28.94444
556	9	Fa5	F5	340	340	1	8	417	99	96		29
557	9	Mi5	E5	336	336	1	16	208	99	96		29.02778
558	9	Re5	D5	327	327	1	16	208	99	96		29.05556
559	9	Do5	C5	318	318	1	16	208	99	96		29.08333
560	9	Re5	D5	327	327	1	16	208	99	66		29.11111
561	9	Do5	C5	318	318	1	4	833	95	70		29.22222
562	53			0	0	0	0	0	0	74		29.22222
563	9			-1	-1	1	8	417	100	78		29.27778
564	54			0	0	0	0	0	0	82	segah@la4b1	29.27778
565	9	Re5	D5	327	327	4	16	833	95	86	sa	29.38889
566	9	Mi5b5	E5b5	331	331	1	8	417	95	90	lý	29.44444
567	9	Re5	D5	327	327	1	8	417	99	94	nýr 	29.5
568	9	Do5	C5	318	318	1	8	417	99	98		29.55556
569	9	Si4b5	B4b5	309	309	1	8	417	99	102		29.61111
570	9	La4	A4	305	305	1	8	417	95	106		29.66667
571	8	Do5	C5	318	318	0	0	0	95	110		29.66667
572	9	Re5	D5	327	327	1	4	833	99	114	serv_	29.77778
573	10	Re5	D5	327	327	1	8	417	99	96		29.83333
574	8	Mi5	E5	336	336	0	0	0	99	96		29.83333
575	9	Re5	D5	327	327	1	16	208	99	96		29.86111
576	9	Do5	C5	318	318	1	16	208	99	96		29.88889
577	9	Do5	C5	318	318	3	16	625	99	96		29.97222
578	9	Si4b5	B4b5	309	309	1	16	208	99	96		30
579	9	La4	A4	305	305	3	16	625	99	96		30.08333
580	9	Si4b5	B4b5	309	309	1	16	208	99	96		30.11111
581	9	La4	A4	305	305	1	16	208	99	96		30.13889
582	9	Sol4#4	G4#4	300	300	1	16	208	99	96		30.16667
583	9	La4	A4	305	305	1	4	833	95	66		30.27778
584	53			0	0	0	0	0	0	69		30.27778
585	55			0	0	0	0	0	0	72		30.27778
586	9	Fa4	F4	287	287	1	4	833	50	75	i 	30.38889
587	9	Sol4	G4	296	296	1	8	417	95	78	hý	30.44444
588	9	La4	A4	305	305	1	8	417	99	96	râ	30.5
589	9	Si4b5	B4b5	309	309	1	8	417	99	96		30.55556
590	9	Do5	C5	318	318	1	8	417	99	96		30.61111
591	9	Re5	D5	327	327	1	8	417	95	96		30.66667
592	9	Fa5	F5	340	340	3	16	625	99	96	mâ	30.75
593	9	Mi5b5	E5b5	331	331	1	16	208	99	96		30.77778
594	9	Re5	D5	327	327	3	16	625	99	96		30.86111
595	9	Do5	C5	318	318	1	16	208	99	96		30.88889
596	9	Si4b5	B4b5	309	309	3	16	625	99	96		30.97222
597	9	La4	A4	305	305	1	16	208	99	96		31
598	9	Sol4	G4	296	296	1	2	1667	95	96		31.22222
599	9	Sol4	G4	296	296	1	8	417	95	96		31.27778
600	4	La4	A4	305	305	1	8	417	99	84	ným 	31.33333
601	4	Sol4	G4	296	296	1	8	417	99	96		31.38889
602	9	Fa4	F4	287	287	1	8	417	99	96		31.44444
603	9	Mi4	E4	283	283	1	8	417	99	96		31.5
604	9	Fa4	F4	287	287	1	8	417	99	96		31.55556
605	9	Sol4	G4	296	296	1	8	417	95	96		31.61111
606	9	Sol4	G4	296	296	1	16	208	99	96	be	31.63889
607	9	Fa4	F4	287	287	1	16	208	95	84		31.66667
608	9	Fa4	F4	287	287	3	8	1250	95	96	nim  	31.83333
609	53			0	0	0	0	0	0	0		31.83333
