Sýra	Kod	Nota53	NotaAE	Koma53	KomaAE	Pay	Payda	Ms	LNS	Bas	Soz1	Offset
1	9			-1	-1	1	4	769	100	0		0.2222222
2	9	Mi5	E5	336	336	1	8	385	95	96	Din	0.3333333
3	9	Fa5	F5	340	340	1	8	385	95	96	le 	0.4444444
4	9	Sol5	G5	349	349	1	8	385	99	96	sö	0.5555556
5	9	La5	A5	358	358	1	8	385	95	96		0.6666667
6	9	Si5b5	B5b5	362	362	3	8	1154	95	96	züm 	1
7	53			0	0	0	0	0	0	0		1
8	9	Si5b5	B5b5	362	362	3	16	577	99	96	ey 	1.166667
9	9	La5	A5	358	358	1	16	192	95	96		1.222222
10	9	La5	A5	358	358	3	16	577	99	96	dil	1.388889
11	9	Sol5	G5	349	349	1	16	192	95	96		1.444444
12	54			0	0	0	0	0	0	0	sevk`efza@fa4	1.444444
13	9	Sol5	G5	349	349	1	8	385	99	96	ru	1.555556
14	9	La5b4	A5b4	354	354	1	8	385	95	96		1.666667
15	9	Do6	C6	371	371	1	16	192	99	96	bâ  	1.722222
16	9	Si5b1	B5b1	366	366	1	16	192	99	96		1.777778
17	9	La5b4	A5b4	354	354	1	16	192	99	96		1.833333
18	9	Sol5	G5	349	349	1	16	192	99	96		1.888889
19	9	Fa5	F5	340	340	1	16	192	99	96		1.944444
20	9	Mi5	E5	336	336	1	16	192	99	96		2
21	9	Fa5	F5	340	340	1	4	769	95	96		2.222222
22	55			0	0	0	0	0	0	0		2.222222
23	53			0	0	0	0	0	0	0		2.222222
24	9	La5	A5	358	358	1	16	192	99	96	Gi	2.277778
25	9	Sol5	G5	349	349	1	16	192	95	96		2.333333
26	9	Sol5	G5	349	349	1	16	192	99	96	de	2.388889
27	9	Fa5	F5	340	340	1	16	192	95	96		2.444444
28	9	Fa5	F5	340	340	1	16	192	99	96	lim 	2.5
29	9	Mi5	E5	336	336	1	16	192	99	96		2.555556
30	9	Mi5	E5	336	336	1	16	192	99	96		2.611111
31	9	Re5	D5	327	327	1	16	192	95	96		2.666667
32	9	Re5	D5	327	327	1	8	385	99	96	mec	2.777778
33	9	Mi5	E5	336	336	1	8	385	99	96		2.888889
34	9	Re5	D5	327	327	1	16	192	99	96		2.944444
35	9	Do5	C5	318	318	1	16	192	99	96		3
36	53			0	0	0	0	0	0	0		3
37	54			0	0	0	0	0	0	0	nikriz@do5	3
38	9	Do5	C5	318	318	1	8	385	95	96		3.111111
39	9	Sol5	G5	349	349	1	8	385	99	96	li	3.222222
40	9	Fa5#4	F5#4	344	344	1	8	385	99	96		3.333333
41	9	Sol5	G5	349	349	1	8	385	95	96		3.444444
42	9	Mi5b5	E5b5	331	331	1	16	192	99	96	se 	3.5
43	9	Re5	D5	327	327	1	16	192	99	96		3.555556
44	9	Do5	C5	318	318	1	8	385	95	96		3.666667
45	9	Re5	D5	327	327	1	8	385	99	96	ten	3.777778
46	9	Mi5b5	E5b5	331	331	1	16	192	99	96		3.833333
47	9	Re5	D5	327	327	1	16	192	99	96		3.888889
48	9	Do5	C5	318	318	1	16	192	99	96		3.944444
49	9	Si4	B4	314	314	1	16	192	95	96		4
50	9	Do5	C5	318	318	3	8	1154	95	96	hâ  	4.333333
51	53			0	0	0	0	0	0	0		4.333333
52	55			0	0	0	0	0	0	0		4.333333
53	9	Re5	D5	327	327	1	16	192	99	96	Yâr_	4.388889
54	9	Mi5	E5	336	336	1	16	192	95	96		4.444445
55	9	Fa5	F5	340	340	1	16	192	99	96	ey 	4.5
56	9	Mi5	E5	336	336	1	16	192	99	96		4.555555
57	9	Re5	D5	327	327	1	16	192	99	96		4.611111
58	9	Mi5	E5	336	336	1	16	192	99	96		4.666667
59	9	Fa5	F5	340	340	3	8	1154	95	96		5
60	53			0	0	0	0	0	0	0		5
61	9	Fa5	F5	340	340	3	16	577	99	96	yâr  	5.166667
62	9	Mi5	E5	336	336	1	16	192	99	96		5.222222
63	9	Mi5	E5	336	336	3	16	577	99	96		5.388889
64	9	Re5	D5	327	327	1	16	192	99	96		5.444445
65	9	Re5	D5	327	327	3	16	577	99	96		5.611111
66	9	Do5	C5	318	318	1	16	192	99	96		5.666667
67	9	Re5	D5	327	327	1	8	385	99	96		5.777778
68	9	Mi5	E5	336	336	1	8	385	99	96		5.888889
69	9	Re5	D5	327	327	1	16	192	99	96		5.944445
70	9	Do5	C5	318	318	1	16	192	99	96		6
71	9	Do5	C5	318	318	1	4	769	95	96		6.222222
72	9	Re5	D5	327	327	1	8	385	95	96	E	6.333333
73	9	Mi5	E5	336	336	1	8	385	95	96	de	6.444445
74	9	Fa5	F5	340	340	1	4	769	95	96	lim 	6.666667
75	9	Sol5	G5	349	349	1	4	769	99	96	sâ	6.888889
76	9	Fa5	F5	340	340	1	16	192	99	96		6.944445
77	9	Mi5b5	E5b5	331	331	1	16	192	99	96		7
78	9	Re5	D5	327	327	1	4	769	95	96		7.222222
79	53			0	0	0	0	0	0	0		7.222222
80	9	Do5	C5	318	318	1	8	385	95	96	yen	7.333333
81	9	Re5	D5	327	327	1	8	385	95	96	de 	7.444445
82	9	Do5	C5	318	318	1	8	385	99	96	sa	7.555555
83	9	Si4b5	B4b5	309	309	1	8	385	95	96		7.666667
84	54			0	0	0	0	0	0	0	nikriz@fa4	7.666667
85	9	Mi5b5	E5b5	331	331	1	4	769	99	96	fâ  	7.888889
86	9	Mi5b5	E5b5	331	331	1	16	192	99	96		7.944445
87	9	Re5	D5	327	327	1	16	192	99	96		8
88	9	Mi5b5	E5b5	331	331	1	4	769	95	96		8.222222
89	53			0	0	0	0	0	0	0		8.222222
90	9	Sol5	G5	349	349	1	8	385	95	96	Et	8.333333
91	9	Fa5	F5	340	340	1	8	385	95	96	me 	8.444445
92	9	Mi5b5	E5b5	331	331	1	8	385	99	96	ce	8.555555
93	9	Re5	D5	327	327	1	8	385	95	96		8.666667
94	9	Do5	C5	318	318	1	8	385	99	96	fâ 	8.777778
95	9	Si4	B4	314	314	1	8	385	99	96		8.888889
96	9	Do5	C5	318	318	1	8	385	95	96		9
97	53			0	0	0	0	0	0	0		9
98	9			-1	-1	1	8	385	100	0		9.111111
99	9	Do5	C5	318	318	1	8	385	99	96	ba	9.222222
100	9	Si4	B4	314	314	1	8	385	99	96		9.333333
101	9	Do5	C5	318	318	1	8	385	95	96		9.444445
102	9	La4b5	A4b5	300	300	1	16	192	99	96	na 	9.5
103	9	Sol4	G4	296	296	1	16	192	99	96		9.555555
104	9	Fa4	F4	287	287	1	8	385	95	96		9.666667
105	9	Sol4	G4	296	296	1	8	385	99	96	mâ	9.777778
106	9	La4b5	A4b5	300	300	1	16	192	99	96		9.833333
107	9	Sol4	G4	296	296	1	16	192	99	96		9.888889
108	9	Fa4	F4	287	287	1	16	192	99	96		9.944445
109	9	Mi4	E4	283	283	1	16	192	95	96		10
110	9	Fa4	F4	287	287	3	8	1154	95	96	hým  	10.33333
111	53			0	0	0	0	0	0	0		10.33333
112	55			0	0	0	0	0	0	0		10.33333
113	9	Re5	D5	327	327	1	16	192	99	96	Yâr_	10.38889
114	9	Mi5	E5	336	336	1	16	192	95	96		10.44444
115	9	Fa5	F5	340	340	1	16	192	99	96	ey 	10.5
116	9	Mi5	E5	336	336	1	16	192	99	96		10.55556
117	9	Re5	D5	327	327	1	16	192	99	96		10.61111
118	9	Mi5	E5	336	336	1	16	192	99	96		10.66667
119	9	Fa5	F5	340	340	3	8	1154	95	96		11
120	53			0	0	0	0	0	0	0		11
121	9	Fa5	F5	340	340	3	16	577	99	96	yâr 	11.16667
122	9	Mi5	E5	336	336	1	16	192	99	96		11.22222
123	9	Mi5	E5	336	336	3	16	577	99	96		11.38889
124	9	Re5	D5	327	327	1	16	192	99	96		11.44444
125	9	Re5	D5	327	327	1	4	769	99	96		11.66667
126	9	Re5	D5	327	327	1	8	385	99	96		11.77778
127	9	Mi5	E5	336	336	1	8	385	99	96		11.88889
128	9	Re5	D5	327	327	1	16	192	99	96		11.94444
129	9	Do5	C5	318	318	1	16	192	99	96		12
130	9	Do5	C5	318	318	1	8	385	95	96		12.11111
131	9	La5	A5	358	358	1	4	769	95	96	yâr 	12.33333
132	9	La5	A5	358	358	1	16	192	99	96	a	12.38889
133	9	Sol5	G5	349	349	1	16	192	95	96		12.44444
134	9	Sol5	G5	349	349	1	16	192	99	96	man 	12.5
135	9	Fa5	F5	340	340	1	16	192	95	96		12.55556
136	9	Fa5	F5	340	340	1	16	192	99	96	a	12.61111
137	9	Mi5	E5	336	336	1	16	192	95	96		12.66667
138	9	Fa5	F5	340	340	1	4	769	99	96	man  	12.88889
139	9	Fa5	F5	340	340	1	16	192	99	96		12.94444
140	9	Mi5	E5	336	336	1	16	192	99	96		13
141	9	Fa5	F5	340	340	1	4	769	95	96		13.22222
142	53			0	0	0	0	0	0	0		13.22222
143	9	Re5	D5	327	327	1	8	385	95	96	Nev	13.33333
144	9	Mi5	E5	336	336	1	8	385	95	96	res	13.44444
145	9	Fa5	F5	340	340	1	4	769	95	96	te	13.66667
146	9	Sol5	G5	349	349	3	8	1154	95	96	sin 	14
147	9	Fa5	F5	340	340	1	8	385	99	96	ah 	14.11111
148	9	Si5b5	B5b5	362	362	1	8	385	99	96		14.22222
149	9	La5	A5	358	358	1	8	385	99	96		14.33333
150	9	Sol5	G5	349	349	1	8	385	99	96		14.44444
151	9	Fa5	F5	340	340	1	8	385	99	96		14.55556
152	9	Mi5b5	E5b5	331	331	1	8	385	99	96		14.66667
153	9	Re5	D5	327	327	1	8	385	99	96		14.77778
154	9	Do5	C5	318	318	1	8	385	99	96		14.88889
155	9	Si4b5	B4b5	309	309	1	8	385	95	96		15
156	53			0	0	0	0	0	0	0		15
157	9	Re5	D5	327	327	1	8	385	99	96	al	15.11111
158	9	Do5	C5	318	318	1	16	192	99	96		15.16667
159	9	Si4b5	B4b5	309	309	1	16	192	99	96		15.22222
160	9	Re5	D5	327	327	1	8	385	99	96		15.33333
161	9	Do5	C5	318	318	1	16	192	99	96		15.38889
162	9	Si4b5	B4b5	309	309	1	16	192	95	96		15.44444
163	9	La4	A4	305	305	3	16	577	99	96	ma 	15.61111
164	9	Sol4	G4	296	296	1	16	192	95	96		15.66667
165	9	Sol4	G4	296	296	1	8	385	99	96	â	15.77778
166	9	La4	A4	305	305	1	8	385	99	96		15.88889
167	9	Sol4	G4	296	296	1	16	192	99	96		15.94444
168	9	Fa4	F4	287	287	1	16	192	95	96		16
169	9	Fa4	F4	287	287	3	16	577	95	96	hým  	16.16667
170	53			0	0	0	0	0	0	0		16.16667
171	9	Si5b5	B5b5	362	362	1	16	192	95	96	ARANAÐME 	16.22222
172	9	La5	A5	358	358	1	16	192	95	96	.	16.27778
173	9	Si5b5	B5b5	362	362	1	16	192	95	96	.	16.33333
174	9	Sol5	G5	349	349	1	16	192	95	96	.	16.38889
175	9	La5	A5	358	358	1	16	192	95	96	.	16.44444
176	9	Fa5	F5	340	340	1	16	192	95	96	.	16.5
177	9	Sol5	G5	349	349	1	16	192	95	96	.	16.55556
178	9	Mi5	E5	336	336	1	16	192	95	96	.	16.61111
179	9	Fa5	F5	340	340	1	16	192	95	96	.	16.66667
180	9	Re5	D5	327	327	1	4	769	95	96	.	16.88889
181	9	Do5	C5	318	318	1	8	385	95	96	.	17
182	53			0	0	0	0	0	0	0		17
183	9	Re5	D5	327	327	1	8	385	95	96	.	17.11111
184	9	Do5	C5	318	318	1	16	192	95	96	.	17.16667
185	9	Re5	D5	327	327	1	16	192	95	96	.	17.22222
186	9	Mi5	E5	336	336	1	8	385	95	96	.	17.33333
187	9	Re5	D5	327	327	1	16	192	95	96	.	17.38889
188	9	Mi5	E5	336	336	1	16	192	95	96	.	17.44444
189	9	Fa5	F5	340	340	1	8	385	95	96	.	17.55556
190	9	Mi5	E5	336	336	1	16	192	95	96	.	17.61111
191	9	Fa5	F5	340	340	1	16	192	95	96	.	17.66667
192	9	Sol5	G5	349	349	3	8	1154	95	96	.	18
193	53			0	0	0	0	0	0	0		18
194	9	Fa5	F5	340	340	3	16	577	95	96	.	18.16667
195	9	Si5b5	B5b5	362	362	1	16	192	95	96	.	18.22222
196	9	La5	A5	358	358	1	16	192	95	96	.	18.27778
197	9	Si5b5	B5b5	362	362	1	16	192	95	96	.	18.33333
198	9	Sol5	G5	349	349	1	16	192	95	96	.	18.38889
199	9	La5	A5	358	358	1	16	192	95	96	.	18.44444
200	9	Fa5	F5	340	340	1	16	192	95	96	.	18.5
201	9	Sol5	G5	349	349	1	16	192	95	96	.	18.55556
202	9	Mi5	E5	336	336	1	16	192	95	96	.	18.61111
203	9	Fa5	F5	340	340	1	16	192	95	96	.	18.66667
204	9	Re5	D5	327	327	1	16	192	95	96	.	18.72222
205	9	Mi5	E5	336	336	1	16	192	95	96	.	18.77778
206	9	Do5	C5	318	318	1	16	192	95	96	.	18.83333
207	9	Re5	D5	327	327	1	16	192	95	96	.	18.88889
208	9	Do5	C5	318	318	1	16	192	95	96	.	18.94444
209	9	Si4b5	B4b5	309	309	1	16	192	95	96	.	19
210	9	La4	A4	305	305	1	16	192	95	96	.	19.05556
211	9	Si4b5	B4b5	309	309	1	16	192	95	96	.	19.11111
212	9	Do5	C5	318	318	1	16	192	95	96	.	19.16667
213	9	Re5	D5	327	327	1	16	192	95	96	.	19.22222
214	9	Do5	C5	318	318	1	16	192	95	96	.	19.27778
215	9	Si4b5	B4b5	309	309	1	16	192	95	96	.	19.33333
216	9	La4	A4	305	305	1	16	192	95	96	.	19.38889
217	9	Sol4	G4	296	296	1	16	192	95	96	.	19.44444
218	9	La4	A4	305	305	1	16	192	95	96	.	19.5
219	9	Sol4	G4	296	296	1	16	192	95	96	.	19.55556
220	9	Fa4	F4	287	287	1	16	192	95	96	.	19.61111
221	9	Mi4	E4	283	283	1	16	192	95	96	.	19.66667
222	9	Fa4	F4	287	287	3	8	1154	95	96	.	20
223	53			0	0	0	0	0	0	0		20
224	9	Fa4	F4	287	287	3	16	577	95	96	hým  	20.16667
225	53			0	0	0	0	0	0	0		20.16667
226	9	Si5b5	B5b5	362	362	1	16	192	95	96	ARANAÐME 	20.22222
227	9	La5	A5	358	358	1	16	192	95	96	.	20.27778
228	9	Si5b5	B5b5	362	362	1	16	192	95	96	.	20.33333
229	9	Sol5	G5	349	349	1	16	192	95	96	.	20.38889
230	9	La5	A5	358	358	1	16	192	95	96	.	20.44444
231	9	Fa5	F5	340	340	1	16	192	95	96	.	20.5
232	9	Sol5	G5	349	349	1	16	192	95	96	.	20.55556
233	9	Mi5	E5	336	336	1	16	192	95	96	.	20.61111
234	9	Fa5	F5	340	340	1	16	192	95	96	.	20.66667
235	9	Re5	D5	327	327	1	4	769	95	96	.	20.88889
236	9	Do5	C5	318	318	1	8	385	95	96	.	21
237	53			0	0	0	0	0	0	0		21
238	9	Re5	D5	327	327	1	8	385	95	96	.	21.11111
239	9	Do5	C5	318	318	1	16	192	95	96	.	21.16667
240	9	Re5	D5	327	327	1	16	192	95	96	.	21.22222
241	9	Mi5	E5	336	336	1	8	385	95	96	.	21.33333
242	9	Re5	D5	327	327	1	16	192	95	96	.	21.38889
243	9	Mi5	E5	336	336	1	16	192	95	96	.	21.44444
244	9	Fa5	F5	340	340	1	8	385	95	96	.	21.55556
245	9	Mi5	E5	336	336	1	16	192	95	96	.	21.61111
246	9	Fa5	F5	340	340	1	16	192	95	96	.	21.66667
247	9	Sol5	G5	349	349	3	8	1154	95	96	.	22
248	53			0	0	0	0	0	0	0		22
249	9	Fa5	F5	340	340	3	16	577	95	96	.	22.16667
250	9	Si5b5	B5b5	362	362	1	16	192	95	96	.	22.22222
251	9	La5	A5	358	358	1	16	192	95	96	.	22.27778
252	9	Si5b5	B5b5	362	362	1	16	192	95	96	.	22.33333
253	9	Sol5	G5	349	349	1	16	192	95	96	.	22.38889
254	9	La5	A5	358	358	1	16	192	95	96	.	22.44444
255	9	Fa5	F5	340	340	1	16	192	95	96	.	22.5
256	9	Sol5	G5	349	349	1	16	192	95	96	.	22.55556
257	9	Mi5	E5	336	336	1	16	192	95	96	.	22.61111
258	9	Fa5	F5	340	340	1	16	192	95	96	.	22.66667
259	9	Re5	D5	327	327	1	16	192	95	96	.	22.72222
260	9	Mi5	E5	336	336	1	16	192	95	96	.	22.77778
261	9	Do5	C5	318	318	1	16	192	95	96	.	22.83333
262	9	Re5	D5	327	327	1	16	192	95	96	.	22.88889
263	9	Do5	C5	318	318	1	16	192	95	96	.	22.94444
264	9	Si4b5	B4b5	309	309	1	16	192	95	96	.	23
265	9	La4	A4	305	305	1	16	192	95	96	.	23.05556
266	9	Si4b5	B4b5	309	309	1	16	192	95	96	.	23.11111
267	9	Do5	C5	318	318	1	16	192	95	96	.	23.16667
268	9	Re5	D5	327	327	1	16	192	95	96	.	23.22222
269	9	Do5	C5	318	318	1	16	192	95	96	.	23.27778
270	9	Si4b5	B4b5	309	309	1	16	192	95	96	.	23.33333
271	9	La4	A4	305	305	1	16	192	95	96	.	23.38889
272	9	Sol4	G4	296	296	1	16	192	95	96	.	23.44444
273	9	La4	A4	305	305	1	16	192	95	96	.	23.5
274	9	Sol4	G4	296	296	1	16	192	95	96	.	23.55556
275	9	Fa4	F4	287	287	1	16	192	95	96	.	23.61111
276	9	Mi4	E4	283	283	1	16	192	95	96	.	23.66667
277	9	Fa4	F4	287	287	3	8	1154	95	96	.	24
278	53			0	0	0	0	0	0	0		24
279	9			-1	-1	1	4	769	100	0		24.22222
280	9	Mi5	E5	336	336	1	8	385	95	96	Din	24.33333
281	9	Fa5	F5	340	340	1	8	385	95	96	le 	24.44444
282	9	Sol5	G5	349	349	1	8	385	99	96	sö	24.55556
283	9	La5	A5	358	358	1	8	385	95	96		24.66667
284	9	Si5b5	B5b5	362	362	3	8	1154	95	96	züm 	25
285	53			0	0	0	0	0	0	0		25
286	9	Si5b5	B5b5	362	362	3	16	577	99	96	ey 	25.16667
287	9	La5	A5	358	358	1	16	192	95	96		25.22222
288	9	La5	A5	358	358	3	16	577	99	96	dil	25.38889
289	9	Sol5	G5	349	349	1	16	192	95	96		25.44444
290	54			0	0	0	0	0	0	0	sevk`efza@fa4	25.44444
291	9	Sol5	G5	349	349	1	8	385	99	96	ru	25.55556
292	9	La5b4	A5b4	354	354	1	8	385	95	96		25.66667
293	9	Do6	C6	371	371	1	16	192	99	96	bâ  	25.72222
294	9	Si5b1	B5b1	366	366	1	16	192	99	96		25.77778
295	9	La5b4	A5b4	354	354	1	16	192	99	96		25.83333
296	9	Sol5	G5	349	349	1	16	192	99	96		25.88889
297	9	Fa5	F5	340	340	1	16	192	99	96		25.94444
298	9	Mi5	E5	336	336	1	16	192	99	96		26
299	9	Fa5	F5	340	340	1	4	769	95	96		26.22222
300	55			0	0	0	0	0	0	0		26.22222
301	53			0	0	0	0	0	0	0		26.22222
302	9	La5	A5	358	358	1	16	192	99	96	Gi	26.27778
303	9	Sol5	G5	349	349	1	16	192	95	96		26.33333
304	9	Sol5	G5	349	349	1	16	192	99	96	de	26.38889
305	9	Fa5	F5	340	340	1	16	192	95	96		26.44444
306	9	Fa5	F5	340	340	1	16	192	99	96	lim 	26.5
307	9	Mi5	E5	336	336	1	16	192	99	96		26.55556
308	9	Mi5	E5	336	336	1	16	192	99	96		26.61111
309	9	Re5	D5	327	327	1	16	192	95	96		26.66667
310	9	Re5	D5	327	327	1	8	385	99	96	mec	26.77778
311	9	Mi5	E5	336	336	1	8	385	99	96		26.88889
312	9	Re5	D5	327	327	1	16	192	99	96		26.94444
313	9	Do5	C5	318	318	1	16	192	99	96		27
314	53			0	0	0	0	0	0	0		27
315	54			0	0	0	0	0	0	0	nikriz@do5	27
316	9	Do5	C5	318	318	1	8	385	95	96		27.11111
317	9	Sol5	G5	349	349	1	8	385	99	96	li	27.22222
318	9	Fa5#4	F5#4	344	344	1	8	385	99	96		27.33333
319	9	Sol5	G5	349	349	1	8	385	95	96		27.44444
320	9	Mi5b5	E5b5	331	331	1	16	192	99	96	se 	27.5
321	9	Re5	D5	327	327	1	16	192	99	96		27.55556
322	9	Do5	C5	318	318	1	8	385	95	96		27.66667
323	9	Re5	D5	327	327	1	8	385	99	96	ten	27.77778
324	9	Mi5b5	E5b5	331	331	1	16	192	99	96		27.83333
325	9	Re5	D5	327	327	1	16	192	99	96		27.88889
326	9	Do5	C5	318	318	1	16	192	99	96		27.94444
327	9	Si4	B4	314	314	1	16	192	95	96		28
328	9	Do5	C5	318	318	3	8	1154	95	96	hâ  	28.33333
329	53			0	0	0	0	0	0	0		28.33333
330	55			0	0	0	0	0	0	0		28.33333
331	9	Re5	D5	327	327	1	16	192	99	96	Yâr_	28.38889
332	9	Mi5	E5	336	336	1	16	192	95	96		28.44444
333	9	Fa5	F5	340	340	1	16	192	99	96	ey 	28.5
334	9	Mi5	E5	336	336	1	16	192	99	96		28.55556
335	9	Re5	D5	327	327	1	16	192	99	96		28.61111
336	9	Mi5	E5	336	336	1	16	192	99	96		28.66667
337	9	Fa5	F5	340	340	3	8	1154	95	96		29
338	53			0	0	0	0	0	0	0		29
339	9	Fa5	F5	340	340	3	16	577	99	96	yâr  	29.16667
340	9	Mi5	E5	336	336	1	16	192	99	96		29.22222
341	9	Mi5	E5	336	336	3	16	577	99	96		29.38889
342	9	Re5	D5	327	327	1	16	192	99	96		29.44444
343	9	Re5	D5	327	327	3	16	577	99	96		29.61111
344	9	Do5	C5	318	318	1	16	192	99	96		29.66667
345	9	Re5	D5	327	327	1	8	385	99	96		29.77778
346	9	Mi5	E5	336	336	1	8	385	99	96		29.88889
347	9	Re5	D5	327	327	1	16	192	99	96		29.94444
348	9	Do5	C5	318	318	1	16	192	99	96		30
349	9	Do5	C5	318	318	1	4	769	95	96		30.22222
350	9	Re5	D5	327	327	1	8	385	95	96	E	30.33333
351	9	Mi5	E5	336	336	1	8	385	95	96	de	30.44444
352	9	Fa5	F5	340	340	1	4	769	95	96	lim 	30.66667
353	9	Sol5	G5	349	349	1	4	769	99	96	sâ	30.88889
354	9	Fa5	F5	340	340	1	16	192	99	96		30.94444
355	9	Mi5b5	E5b5	331	331	1	16	192	99	96		31
356	9	Re5	D5	327	327	1	4	769	95	96		31.22222
357	53			0	0	0	0	0	0	0		31.22222
358	9	Do5	C5	318	318	1	8	385	95	96	yen	31.33333
359	9	Re5	D5	327	327	1	8	385	95	96	de 	31.44444
360	9	Do5	C5	318	318	1	8	385	99	96	sa	31.55556
361	9	Si4b5	B4b5	309	309	1	8	385	95	96		31.66667
362	54			0	0	0	0	0	0	0	nikriz@fa4	31.66667
363	9	Mi5b5	E5b5	331	331	1	4	769	99	96	fâ  	31.88889
364	9	Mi5b5	E5b5	331	331	1	16	192	99	96		31.94444
365	9	Re5	D5	327	327	1	16	192	99	96		32
366	9	Mi5b5	E5b5	331	331	1	4	769	95	96		32.22222
367	53			0	0	0	0	0	0	0		32.22222
368	9	Sol5	G5	349	349	1	8	385	95	96	Et	32.33333
369	9	Fa5	F5	340	340	1	8	385	95	96	me 	32.44444
370	9	Mi5b5	E5b5	331	331	1	8	385	99	96	ce	32.55556
371	9	Re5	D5	327	327	1	8	385	95	96		32.66667
372	9	Do5	C5	318	318	1	8	385	99	96	fâ 	32.77778
373	9	Si4	B4	314	314	1	8	385	99	96		32.88889
374	9	Do5	C5	318	318	1	8	385	95	96		33
375	53			0	0	0	0	0	0	0		33
376	9			-1	-1	1	8	385	100	0		33.11111
377	9	Do5	C5	318	318	1	8	385	99	96	ba	33.22222
378	9	Si4	B4	314	314	1	8	385	99	96		33.33333
379	9	Do5	C5	318	318	1	8	385	95	96		33.44444
380	9	La4b5	A4b5	300	300	1	16	192	99	96	na 	33.5
381	9	Sol4	G4	296	296	1	16	192	99	96		33.55556
382	9	Fa4	F4	287	287	1	8	385	95	96		33.66667
383	9	Sol4	G4	296	296	1	8	385	99	96	mâ	33.77778
384	9	La4b5	A4b5	300	300	1	16	192	99	96		33.83333
385	9	Sol4	G4	296	296	1	16	192	99	96		33.88889
386	9	Fa4	F4	287	287	1	16	192	99	96		33.94444
387	9	Mi4	E4	283	283	1	16	192	95	96		34
388	9	Fa4	F4	287	287	3	8	1154	95	96	hým  	34.33333
389	53			0	0	0	0	0	0	0		34.33333
390	55			0	0	0	0	0	0	0		34.33333
391	9	Re5	D5	327	327	1	16	192	99	96	Yâr_	34.38889
392	9	Mi5	E5	336	336	1	16	192	95	96		34.44444
393	9	Fa5	F5	340	340	1	16	192	99	96	ey 	34.5
394	9	Mi5	E5	336	336	1	16	192	99	96		34.55556
395	9	Re5	D5	327	327	1	16	192	99	96		34.61111
396	9	Mi5	E5	336	336	1	16	192	99	96		34.66667
397	9	Fa5	F5	340	340	3	8	1154	95	96		35
398	53			0	0	0	0	0	0	0		35
399	9	Fa5	F5	340	340	3	16	577	99	96	yâr 	35.16667
400	9	Mi5	E5	336	336	1	16	192	99	96		35.22222
401	9	Mi5	E5	336	336	3	16	577	99	96		35.38889
402	9	Re5	D5	327	327	1	16	192	99	96		35.44444
403	9	Re5	D5	327	327	1	4	769	99	96		35.66667
404	9	Re5	D5	327	327	1	8	385	99	96		35.77778
405	9	Mi5	E5	336	336	1	8	385	99	96		35.88889
406	9	Re5	D5	327	327	1	16	192	99	96		35.94444
407	9	Do5	C5	318	318	1	16	192	99	96		36
408	9	Do5	C5	318	318	1	8	385	95	96		36.11111
409	9	La5	A5	358	358	1	4	769	95	96	yâr 	36.33333
410	9	La5	A5	358	358	1	16	192	99	96	a	36.38889
411	9	Sol5	G5	349	349	1	16	192	95	96		36.44444
412	9	Sol5	G5	349	349	1	16	192	99	96	man 	36.5
413	9	Fa5	F5	340	340	1	16	192	95	96		36.55556
414	9	Fa5	F5	340	340	1	16	192	99	96	a	36.61111
415	9	Mi5	E5	336	336	1	16	192	95	96		36.66667
416	9	Fa5	F5	340	340	1	4	769	99	96	man  	36.88889
417	9	Fa5	F5	340	340	1	16	192	99	96		36.94444
418	9	Mi5	E5	336	336	1	16	192	99	96		37
419	9	Fa5	F5	340	340	1	4	769	95	96		37.22222
420	53			0	0	0	0	0	0	0		37.22222
421	9	Re5	D5	327	327	1	8	385	95	96	Nev	37.33333
422	9	Mi5	E5	336	336	1	8	385	95	96	res	37.44444
423	9	Fa5	F5	340	340	1	4	769	95	96	te	37.66667
424	9	Sol5	G5	349	349	3	8	1154	95	96	sin 	38
425	9	Fa5	F5	340	340	1	8	385	99	96	ah 	38.11111
426	9	Si5b5	B5b5	362	362	1	8	385	99	96		38.22222
427	9	La5	A5	358	358	1	8	385	99	96		38.33333
428	9	Sol5	G5	349	349	1	8	385	99	96		38.44444
429	9	Fa5	F5	340	340	1	8	385	99	96		38.55556
430	9	Mi5b5	E5b5	331	331	1	8	385	99	96		38.66667
431	9	Re5	D5	327	327	1	8	385	99	96		38.77778
432	9	Do5	C5	318	318	1	8	385	99	96		38.88889
433	9	Si4b5	B4b5	309	309	1	8	385	95	96		39
434	53			0	0	0	0	0	0	0		39
435	9	Re5	D5	327	327	1	8	385	99	96	al	39.11111
436	9	Do5	C5	318	318	1	16	192	99	96		39.16667
437	9	Si4b5	B4b5	309	309	1	16	192	99	96		39.22222
438	9	Re5	D5	327	327	1	8	385	99	96		39.33333
439	9	Do5	C5	318	318	1	16	192	99	96		39.38889
440	9	Si4b5	B4b5	309	309	1	16	192	95	96		39.44444
441	9	La4	A4	305	305	3	16	577	99	96	ma 	39.61111
442	9	Sol4	G4	296	296	1	16	192	95	96		39.66667
443	9	Sol4	G4	296	296	1	8	385	99	96	â	39.77778
444	9	La4	A4	305	305	1	8	385	99	96		39.88889
445	9	Sol4	G4	296	296	1	16	192	99	96		39.94444
446	9	Fa4	F4	287	287	1	16	192	95	96		40
447	9	Fa4	F4	287	287	3	16	577	95	96	hým  	40.16667
448	53			0	0	0	0	0	0	0		40.16667
