Sıra	Kod	Nota53	NotaAE	Koma53	KomaAE	Pay	Payda	Ms	LNS	Bas	Soz1	Offset
1	9			-1	-1	1	4	870	100	0		0.2
2	9			-1	-1	1	8	435	100	0		0.3
3	9			-1	-1	1	4	870	100	0		0.5
4	9			-1	-1	1	4	870	100	0		0.7
5	9	Mi5	E5	336	336	4	16	870	99	96	Çık	0.9
6	9	Re5	D5	327	327	1	8	435	95	96		1
7	9	Re5	D5	327	327	1	4	870	95	96	maz 	1.2
8	9	Do5	C5	318	318	1	8	435	95	96	de	1.3
9	9	Re5	D5	327	327	1	8	435	99	96	rûn_	1.4
10	9	Do5	C5	318	318	1	8	435	99	96		1.5
11	9	Re5	D5	327	327	1	8	435	95	96		1.6
12	9	Mi5	E5	336	336	1	8	435	95	96	ü 	1.7
13	9	Do5	C5	318	318	4	16	870	99	96	dil	1.9
14	9	Si4b2	B4b1	312	313	1	8	435	99	66		2
15	9	Do5	C5	318	318	4	16	870	99	120		2.2
16	9	Si4b2	B4b1	312	313	1	8	435	99	66		2.3
17	9	Do5	C5	318	318	1	8	435	99	120		2.4
18	9	Si4b2	B4b1	312	313	1	8	435	95	96		2.5
19	8	Fa5#3	F5#4	343	344	0	0	0	95	96		2.5
20	9	Sol5	G5	349	349	1	8	435	95	96	den_	2.6
21	9	Sol5	G5	349	349	1	8	435	95	96	e	2.7
22	9	Sol5	G5	349	349	1	8	435	99	96	fen	2.8
23	9	Fa5	F5	340	340	1	8	435	99	96		2.9
24	9	Mi5	E5	336	336	1	8	435	99	96		3
25	9	Re5	D5	327	327	1	4	870	95	96		3.2
26	53			0	0	0	0	0	0	0		3.2
27	9	Sol4	G4	296	296	1	4	870	50	96	dim 	3.4
28	9	La4	A4	305	305	1	8	435	95	96	mu	3.5
29	9	Si4b2	B4b1	312	313	1	8	435	99	96	hab	3.6
30	9	Do5	C5	318	318	1	8	435	99	96		3.7
31	9	Re5	D5	327	327	4	16	870	99	96		3.9
32	9	Do5	C5	318	318	1	8	435	99	96		4
33	9	Si4b2	B4b1	312	313	1	4	870	99	96		4.2
34	10	La4	A4	305	305	1	8	435	99	96		4.3
35	8	Si4b2	B4b1	312	313	0	0	0	99	96		4.3
36	9	Sol4	G4	296	296	1	4	870	95	96		4.5
37	9	Mi5	E5	336	336	1	8	435	99	96	be	4.6
38	9	Re5	D5	327	327	1	8	435	95	96		4.7
39	9	Re5	D5	327	327	1	4	870	99	96	tin 	4.9
40	9	Do5	C5	318	318	1	8	435	95	96		5
41	9	Si4b2	B4b1	312	313	1	4	870	99	96	vay  	5.2
42	9	La4	A4	305	305	1	2	1739	95	96		5.6
43	9			-1	-1	1	8	435	100	0		5.7
44	53			0	0	0	0	0	0	0		5.7
45	12	Mi5	E5	336	336	4	16	870	95	96	Kur	5.9
46	9	Re5	D5	327	327	1	8	435	95	96		6
47	9	Re5	D5	327	327	1	4	870	95	96	bâ	6.2
48	9	Do5	C5	318	318	1	8	435	95	96	nın_	6.3
49	9	Re5	D5	327	327	1	8	435	99	96	ol	6.4
50	9	Do5	C5	318	318	1	8	435	99	96		6.5
51	9	Re5	D5	327	327	1	8	435	95	96		6.6
52	9	Mi5	E5	336	336	1	8	435	95	96	du	6.7
53	9	Do5	C5	318	318	4	16	870	99	96	ğum 	6.9
54	9	Si4b2	B4b1	312	313	1	8	435	99	66		7
55	9	Do5	C5	318	318	4	16	870	99	120		7.2
56	9	Si4b2	B4b1	312	313	1	8	435	99	66		7.3
57	9	Do5	C5	318	318	1	8	435	99	120		7.4
58	9	Si4b2	B4b1	312	313	1	8	435	95	96		7.5
59	8	Fa5#3	F5#4	343	344	0	0	0	95	96		7.5
60	9	Sol5	G5	349	349	1	8	435	95	96	bi	7.6
61	9	Sol5	G5	349	349	1	8	435	95	96	ze 	7.7
62	9	Sol5	G5	349	349	1	8	435	99	96	yok 	7.8
63	9	Fa5	F5	340	340	1	8	435	99	96		7.9
64	9	Mi5	E5	336	336	1	8	435	99	96		8
65	9	Re5	D5	327	327	1	4	870	95	96		8.2
66	53			0	0	0	0	0	0	0		8.2
67	9	Sol4	G4	296	296	1	4	870	50	96	mu 	8.4
68	9	La4	A4	305	305	1	8	435	95	96	mü	8.5
69	9	Si4b2	B4b1	312	313	1	8	435	99	96	rüv	8.6
70	9	Do5	C5	318	318	1	8	435	99	96		8.7
71	9	Re5	D5	327	327	4	16	870	99	96		8.9
72	9	Do5	C5	318	318	1	8	435	99	96		9
73	9	Si4b2	B4b1	312	313	1	4	870	99	96		9.2
74	10	La4	A4	305	305	1	8	435	99	96		9.3
75	8	Si4b2	B4b1	312	313	0	0	0	99	96		9.3
76	9	Sol4	G4	296	296	1	4	870	95	96		9.5
77	9	Mi5	E5	336	336	1	8	435	99	96	ve	9.6
78	9	Re5	D5	327	327	1	8	435	95	96		9.7
79	9	Re5	D5	327	327	1	4	870	99	96	tin 	9.9
80	9	Do5	C5	318	318	1	8	435	95	96		10
81	51			0	0	6	4	0	90	0	Yürüksemâî (6/4)	10
82	9	Si4b2	B4b1	312	313	1	4	606	99	96	vay  	10.16667
83	9	Do5	C5	318	318	1	4	606	99	96		10.33333
84	9	Si4b2	B4b1	312	313	1	4	606	99	96		10.5
85	9	La4	A4	305	305	1	4	606	100	96		10.66667
86	9	La4	A4	305	305	3	8	909	95	96		10.91667
87	9			-1	-1	1	8	303	100	0		11
88	53			0	0	0	0	0	0	0		11
89	9	Sol4	G4	296	296	1	4	606	95	96	Sen 	11.16667
90	10	La4	A4	305	305	1	4	606	99	96	han	11.33333
91	8	Si4b2	B4b1	312	313	0	0	0	99	96		11.33333
92	9	La4	A4	305	305	1	8	303	99	96		11.41667
93	9	Sol4	G4	296	296	1	8	303	95	96		11.5
94	9	Si4b2	B4b1	312	313	1	8	303	99	96	gi 	11.58333
95	9	Do5	C5	318	318	1	8	303	95	96		11.66667
96	9	Re5	D5	327	327	1	2	1212	95	96	ba	12
97	53			0	0	0	0	0	0	0		12
98	9	Mi5	E5	336	336	1	8	303	99	96	ğın 	12.08333
99	9	Re5	D5	327	327	1	8	303	99	96		12.16667
100	10	Re5	D5	327	327	1	8	303	99	96		12.25
101	8	Mi5	E5	336	336	0	0	0	99	96		12.25
102	7	Do5	C5	318	318	1	4	606	99	96		12.41667
103	9	Si4b2	B4b1	312	313	1	8	303	95	96		12.5
104	10	Mi5	E5	336	336	1	8	303	95	96	gü	12.58333
105	8	Fa5	F5	340	340	0	0	0	95	96		12.58333
106	9	Mi5	E5	336	336	1	16	152	99	96	lü	12.625
107	9	Re5	D5	327	327	1	16	152	95	96		12.66667
108	9	Re5	D5	327	327	3	8	909	95	96	sün 	12.91667
109	9			-1	-1	1	8	303	100	0		13
110	53			0	0	0	0	0	0	0		13
111	9	Sol4	G4	296	296	1	4	606	95	96	ne 	13.16667
112	10	La4	A4	305	305	1	4	606	99	96	gül	13.33333
113	8	Si4b2	B4b1	312	313	0	0	0	99	96		13.33333
114	9	La4	A4	305	305	1	8	303	99	96		13.41667
115	9	Sol4	G4	296	296	1	8	303	95	96		13.5
116	9	Si4b2	B4b1	312	313	1	8	303	99	96	şe	13.58333
117	9	Do5	C5	318	318	1	8	303	95	96		13.66667
118	54			0	0	0	0	0	0	0	nikriz@do5	13.66667
119	9	Re5	D5	327	327	3	16	455	99	66	nin 	13.79167
120	9	Mi5b3	E5b4	333	332	1	16	152	99	66		13.83333
121	9	Re5	D5	327	327	1	16	152	99	93		13.875
122	9	Mi5b3	E5b4	333	332	1	16	152	99	120		13.91667
123	9	Re5	D5	327	327	1	16	152	99	96		13.95833
124	9	Do5	C5	318	318	1	16	152	95	96		14
125	9	Fa5#3	F5#4	343	344	1	16	152	99	96	bül	14.04167
126	9	Mi5b3	E5b4	333	332	1	16	152	99	96		14.08333
127	9	Re5	D5	327	327	1	16	152	99	96		14.125
128	10	Do5	C5	318	318	1	16	152	99	96		14.16667
129	8	Re5	D5	327	327	0	0	0	99	96		14.16667
130	55			0	0	0	0	0	0	0		14.16667
131	9	Do5	C5	318	318	3	8	909	99	96		14.41667
132	9	Si4b2	B4b1	312	313	1	8	303	95	96		14.5
133	10	Si4b2	B4b1	312	313	1	8	303	95	96	bü	14.58333
134	8	Do5	C5	318	318	0	0	0	95	96		14.58333
135	9	Si4b2	B4b1	312	313	1	16	152	99	96	lü	14.625
136	9	La4	A4	305	305	1	16	152	95	96		14.66667
137	9	La4	A4	305	305	3	8	909	95	96	sün  	14.91667
138	9			-1	-1	1	8	303	100	0		15
139	53			0	0	0	0	0	0	0		15
140	9	Sol4	G4	296	296	1	4	606	95	96	Ey 	15.16667
141	10	La4	A4	305	305	1	4	606	99	96	serv_	15.33333
142	8	Si4b2	B4b1	312	313	0	0	0	99	96		15.33333
143	9	La4	A4	305	305	1	8	303	99	96		15.41667
144	9	Sol4	G4	296	296	1	8	303	95	96		15.5
145	9	Si4b2	B4b1	312	313	1	8	303	95	96	i 	15.58333
146	9	Do5	C5	318	318	1	8	303	95	96	se	15.66667
147	9	Re5	D5	327	327	3	8	909	95	96	men 	15.91667
148	9			-1	-1	1	8	303	100	0		16
149	53			0	0	0	0	0	0	0		16
150	10	Mi5	E5	336	336	1	8	303	99	96	bûy_	16.08333
151	8	Fa5	F5	340	340	0	0	0	99	96		16.08333
152	9	Mi5	E5	336	336	1	16	152	99	96		16.125
153	9	Re5	D5	327	327	1	16	152	99	96		16.16667
154	9	Do5	C5	318	318	1	2	1212	99	96		16.5
155	9	Si4b2	B4b1	312	313	1	8	303	99	96		16.58333
156	9	Do5	C5	318	318	1	8	303	99	96		16.66667
157	10	Si4b2	B4b1	312	313	1	4	606	99	96		16.83333
158	8	Do5	C5	318	318	0	0	0	99	96		16.83333
159	9	Si4b2	B4b1	312	313	1	8	303	99	96		16.91667
160	9	La4	A4	305	305	1	8	303	99	96		17
161	9	La4	A4	305	305	1	2	1212	95	96		17.33333
162	53			0	0	0	0	0	0	0		17.33333
163	9	Sol4	G4	296	296	1	8	303	95	96	i 	17.41667
164	9	Do5	C5	318	318	1	8	303	95	96	re	17.5
165	9	Si4b2	B4b1	312	313	1	8	303	99	96	sî	17.58333
166	9	La4	A4	305	305	1	8	303	95	96		17.66667
167	9	La4	A4	305	305	3	8	909	95	96	dem  	17.91667
168	9			-1	-1	1	8	303	100	0		18
169	53			0	0	0	0	0	0	0		18
170	9	Sol4	G4	296	296	1	4	606	95	96	Ey 	18.16667
171	10	La4	A4	305	305	1	4	606	99	96	â	18.33333
172	8	Si4b2	B4b1	312	313	0	0	0	99	96		18.33333
173	9	La4	A4	305	305	1	8	303	99	96		18.41667
174	9	Sol4	G4	296	296	1	8	303	95	96		18.5
175	9	Si4b2	B4b1	312	313	1	8	303	95	96	fet_	18.58333
176	9	Do5	C5	318	318	1	8	303	95	96	i 	18.66667
177	9	Re5	D5	327	327	1	2	1212	50	96	dil 	19
178	53			0	0	0	0	0	0	0		19
179	10	Mi5	E5	336	336	1	8	303	99	96	cûy_	19.08333
180	8	Fa5	F5	340	340	0	0	0	99	96		19.08333
181	9	Mi5	E5	336	336	1	16	152	99	96		19.125
182	9	Re5	D5	327	327	1	16	152	99	96		19.16667
183	9	Do5	C5	318	318	4	8	1212	99	96		19.5
184	9	Si4b2	B4b1	312	313	1	8	303	99	96		19.58333
185	9	Do5	C5	318	318	1	8	303	99	96		19.66667
186	9	Si4b2	B4b1	312	313	1	4	606	99	96		19.83333
187	9	Si4b2	B4b1	312	313	1	8	303	99	96		19.91667
188	10	La4	A4	305	305	1	8	303	99	96		20
189	8	Si4b2	B4b1	312	313	0	0	0	99	96		20
190	9	La4	A4	305	305	1	2	1212	95	96		20.33333
191	53			0	0	0	0	0	0	0		20.33333
192	54			0	0	0	0	0	0	0	sazkar@sol4	20.33333
193	9	Sol4	G4	296	296	1	8	303	95	96	i 	20.41667
194	9	Do5	C5	318	318	1	8	303	95	96	gü	20.5
195	10	Si4b2	B4b1	312	313	1	8	303	99	96	zî	20.58333
196	8	Do5	C5	318	318	0	0	0	99	96		20.58333
197	9	La4#2	A4	307	305	1	8	303	95	96		20.66667
198	9	Si4b2	B4b1	312	313	3	8	909	95	96	dem  	20.91667
199	9			-1	-1	1	8	303	101	0		21
200	53			0	0	0	0	0	0	0		21
201	51			0	0	10	8	0	80	0	K. Curcuna	21
202	9			-1	-1	1	4	263	100	0		21.2
203	9	Sol4	G4	296	296	1	8	132	95	96	Ne	21.3
204	9	Si4b2	B4b1	312	313	1	4	263	95	96	dir 	21.5
205	9	Si4b2	B4b1	312	313	1	4	263	95	96	o 	21.7
206	9	Si4b2	B4b1	312	313	3	8	395	50	96	iş	22
207	9	Do5	C5	318	318	1	4	263	95	96	ve	22.2
208	8	Do5	C5	318	318	0	0	0	95	96		22.2
209	9	Mi5	E5	336	336	3	8	395	95	96	ler 	22.5
210	9	Re5	D5	327	327	1	4	263	95	96	ne	22.7
211	10	Do5	C5	318	318	1	8	132	99	96	dir 	22.8
212	8	Re5	D5	327	327	0	0	0	99	96		22.8
213	9	Si4b2	B4b1	312	313	1	8	132	99	96		22.9
214	9	La4	A4	305	305	1	8	132	99	96		23
215	9	Sol4	G4	296	296	1	8	132	95	96		23.1
216	9			-1	-1	1	8	132	100	0		23.2
217	53			0	0	0	0	0	0	0		23.2
218	9	Sol4	G4	296	296	1	8	132	95	96	ne	23.3
219	9	Si4b2	B4b1	312	313	1	4	263	95	96	dir 	23.5
220	9	Si4b2	B4b1	312	313	1	4	263	95	96	o 	23.7
221	9	Si4b2	B4b1	312	313	3	8	395	50	96	şî	24
222	9	Do5	C5	318	318	1	4	263	95	96	ve	24.2
223	8	Do5	C5	318	318	0	0	0	95	96		24.2
224	9	Mi5	E5	336	336	1	4	263	99	96	ler 	24.4
225	9	Mi5	E5	336	336	1	8	132	95	96		24.5
226	9	Re5	D5	327	327	1	4	263	95	96	ne	24.7
227	9	Do5	C5	318	318	1	8	132	99	96	dir  	24.8
228	9	Si4b2	B4b1	312	313	1	8	132	99	96		24.9
229	10	La4	A4	305	305	1	8	132	99	96		25
230	8	Si4b2	B4b1	312	313	0	0	0	99	96		25
231	9	Sol4	G4	296	296	1	8	132	95	96		25.1
232	9			-1	-1	1	8	132	100	0		25.2
233	53			0	0	0	0	0	0	0		25.2
234	9	Do5	C5	318	318	1	8	132	95	96	Te	25.3
235	9	Re5	D5	327	327	1	4	263	95	96	ga	25.5
236	9	Re5	D5	327	327	1	4	263	95	96	fü	25.7
237	9	Re5	D5	327	327	3	8	395	95	96	lâ	26
238	9	Re5	D5	327	327	1	4	263	95	96	ne 	26.2
239	9	Re5	D5	327	327	1	4	263	99	96	nâz 	26.4
240	9	Mi5	E5	336	336	1	8	132	95	96		26.5
241	10	Re5	D5	327	327	1	8	132	99	96	i	26.6
242	8	Mi5	E5	336	336	0	0	0	99	96		26.6
243	9	Do5	C5	318	318	1	8	132	95	96		26.7
244	9	Do5	C5	318	318	1	4	263	99	96	le 	26.9
245	9	Si4b2	B4b1	312	313	1	16	66	99	96		26.95
246	9	La4	A4	305	305	1	16	66	99	96		27
247	9	Si4b2	B4b1	312	313	1	4	263	95	96		27.2
248	53			0	0	0	0	0	0	0		27.2
249	9	Do5	C5	318	318	1	8	132	95	96	te	27.3
250	9	Re5	D5	327	327	1	4	263	95	96	ga	27.5
251	9	Re5	D5	327	327	1	4	263	95	96	fü	27.7
252	9	Re5	D5	327	327	3	8	395	95	96	lâ	28
253	9	Re5	D5	327	327	1	4	263	95	96	ne 	28.2
254	9	Re5	D5	327	327	1	4	263	99	96	nâz 	28.4
255	9	Mi5	E5	336	336	1	8	132	95	96		28.5
256	9	Re5	D5	327	327	1	8	132	99	96	i	28.6
257	10	Do5	C5	318	318	1	8	132	95	96		28.7
258	8	Re5	D5	327	327	0	0	0	95	96		28.7
259	9	Do5	C5	318	318	1	4	263	99	96	le  	28.9
260	9	Si4b2	B4b1	312	313	1	16	66	99	96		28.95
261	9	La4	A4	305	305	1	16	66	99	96		29
262	9	Si4b2	B4b1	312	313	1	4	263	95	96		29.2
263	53			0	0	0	0	0	0	0		29.2
264	55			0	0	0	0	0	0	0		29.2
265	9	Mi5	E5	336	336	1	8	132	95	96	ki 	29.3
266	9	Re5	D5	327	327	1	4	263	95	96	bu 	29.5
267	9	Do5	C5	318	318	1	8	132	99	96	gi	29.6
268	9	Si4b2	B4b1	312	313	1	8	132	95	96		29.7
269	9	Si4b2	B4b1	312	313	1	4	263	99	96	riş	29.9
270	9	La4	A4	305	305	1	8	132	95	96		30
271	9	La4	A4	305	305	1	4	263	95	96	me	30.2
272	9	La4	A4	305	305	1	4	263	99	96	ler 	30.4
273	9	Sol4	G4	296	296	1	8	132	95	96		30.5
274	9	Re5	D5	327	327	1	4	263	50	96	ne	30.7
275	9	Re5	D5	327	327	3	8	395	95	96	dir 	31
276	53			0	0	0	0	0	0	0		31
277	9			-1	-1	1	4	263	100	0		31.2
278	9	Re5	D5	327	327	1	8	132	95	96	ki 	31.3
279	9	Re5	D5	327	327	1	4	263	95	96	bu 	31.5
280	9	Do5	C5	318	318	1	8	132	99	96	gi	31.6
281	9	Si4b2	B4b1	312	313	1	8	132	95	96		31.7
282	9	Re5	D5	327	327	1	4	263	99	96	riş	31.9
283	9	Do5	C5	318	318	1	8	132	95	96		32
284	9	Do5	C5	318	318	1	4	263	95	96	me	32.2
285	9	Do5	C5	318	318	1	4	263	99	96	ler 	32.4
286	9	Si4b2	B4b1	312	313	1	8	132	95	96		32.5
287	9	Si4b2	B4b1	312	313	1	8	132	99	96	ne	32.6
288	9	La4	A4	305	305	1	8	132	95	96		32.7
289	9	La4	A4	305	305	3	8	395	95	96	dir  	33
290	53			0	0	0	0	0	0	0		33
291	9			-1	-1	1	4	263	100	0		33.2
292	54			0	0	0	0	0	0	0	huseyni@la4	33.2
293	9	Re5	D5	327	327	1	8	132	95	96	Gö	33.3
294	9	Mi5	E5	336	336	1	4	263	95	96	ren 	33.5
295	9	Mi5	E5	336	336	1	4	263	95	96	o 	33.7
296	9	Mi5	E5	336	336	3	8	395	95	96	gül 	34
297	9	Mi5	E5	336	336	1	4	263	95	96	ce	34.2
298	9	Mi5	E5	336	336	1	4	263	99	96	mâ	34.4
299	9	Fa5	F5	340	340	1	8	132	95	96		34.5
300	9	Sol5	G5	349	349	1	8	132	99	96	li	34.6
301	9	Mi5	E5	336	336	1	8	132	95	96		34.7
302	9	Mi5	E5	336	336	1	4	263	99	96	ni 	34.9
303	9	Re5	D5	327	327	1	8	132	95	96		35
304	53			0	0	0	0	0	0	0		35
305	9			-1	-1	1	4	263	100	0		35.2
306	9	Re5	D5	327	327	1	8	132	95	96	gö	35.3
307	9	Mi5	E5	336	336	1	4	263	95	96	ren 	35.5
308	9	Mi5	E5	336	336	1	4	263	95	96	o 	35.7
309	9	La5	A5	358	358	1	4	263	99	96	gül 	35.9
310	9	Mi5	E5	336	336	1	8	132	95	96		36
311	9	Mi5	E5	336	336	1	8	132	99	96	ce	36.1
312	9	Re5	D5	327	327	1	8	132	95	96		36.2
313	9	Re5	D5	327	327	1	4	263	99	96	mâ	36.4
314	9	Mi5	E5	336	336	1	8	132	95	96		36.5
315	9	Re5	D5	327	327	1	8	132	99	96	li	36.6
316	10	Do5	C5	318	318	1	8	132	95	96		36.7
317	8	Re5	D5	327	327	0	0	0	95	96		36.7
318	9	Do5	C5	318	318	3	8	395	95	96	ni  	37
319	53			0	0	0	0	0	0	0		37
320	55			0	0	0	0	0	0	0		37
321	9			-1	-1	1	4	263	100	0		37.2
322	54			0	0	0	0	0	0	0	saba@la4	37.2
323	9	Sol4	G4	296	296	1	8	132	95	96	ta	37.3
324	9	Do5	C5	318	318	1	4	263	95	96	sav	37.5
325	9	Do5	C5	318	318	1	4	263	95	96	vur 	37.7
326	9	Do5	C5	318	318	3	8	395	95	96	ey	38
327	9	Do5	C5	318	318	1	4	263	95	96	ler 	38.2
328	9	Do5	C5	318	318	1	4	263	99	96	ha	38.4
329	9	Re5b3	D5b4	324	323	1	8	132	95	96		38.5
330	9	Re5b3	D5b4	324	323	1	8	132	99	96	li	38.6
331	9	Do5	C5	318	318	1	8	132	95	96		38.7
332	9	Do5	C5	318	318	1	8	132	99	96	ni 	38.8
333	9	Si4b2	B4b1	312	313	1	16	66	99	96		38.85
334	9	La4	A4	305	305	1	16	66	99	96		38.9
335	9	Si4b2	B4b1	312	313	1	16	66	99	96		38.95
336	9	Do5	C5	318	318	1	16	66	95	96		39
337	9	Si4b2	B4b1	312	313	1	4	263	99	96	vay  	39.2
338	9	Do5	C5	318	318	1	1	1053	95	96		40
339	53			0	0	0	0	0	0	0		40
340	55			0	0	0	0	0	0	0		40
341	9			-1	-1	1	4	263	100	0		40.2
342	54			0	0	0	0	0	0	0	huseyni@la4	40.2
343	9	Re5	D5	327	327	1	8	132	95	96	Ha	40.3
344	9	Mi5	E5	336	336	1	4	263	95	96	yâl_	40.5
345	9	Mi5	E5	336	336	1	4	263	95	96	i 	40.7
346	9	Mi5	E5	336	336	3	8	395	95	96	lâ	41
347	9	Mi5	E5	336	336	1	4	263	95	96	lin_	41.2
348	9	Mi5	E5	336	336	1	4	263	99	96	ey	41.4
349	9	Fa5	F5	340	340	1	8	132	95	96		41.5
350	9	Sol5	G5	349	349	1	8	132	99	96	le	41.6
351	9	Mi5	E5	336	336	1	8	132	95	96		41.7
352	9	Mi5	E5	336	336	1	4	263	99	96	yen 	41.9
353	9	Re5	D5	327	327	1	8	132	99	96		42
354	9	Re5	D5	327	327	1	4	263	50	96		42.2
355	53			0	0	0	0	0	0	0		42.2
356	9	Re5	D5	327	327	1	8	132	95	96	ha	42.3
357	9	Mi5	E5	336	336	1	4	263	95	96	yâl_	42.5
358	9	Mi5	E5	336	336	1	4	263	95	96	i 	42.7
359	9	Mi5	E5	336	336	3	8	395	95	96	lâ	43
360	9	Mi5	E5	336	336	1	4	263	95	96	lin_	43.2
361	9	Mi5	E5	336	336	1	4	263	99	96	ey	43.4
362	9	Fa5	F5	340	340	1	8	132	95	96		43.5
363	9	Sol5	G5	349	349	1	8	132	99	96	le	43.6
364	9	Mi5	E5	336	336	1	8	132	95	96		43.7
365	9	Mi5	E5	336	336	1	4	263	99	96	yen  	43.9
366	9	Re5	D5	327	327	1	8	132	95	96		44
367	53			0	0	0	0	0	0	0		44
368	55			0	0	0	0	0	0	0		44
369	9			-1	-1	1	4	263	100	0		44.2
370	9	Do5	C5	318	318	1	8	132	95	96	se	44.3
371	9	Re5	D5	327	327	1	4	263	95	96	nin 	44.5
372	9	Re5	D5	327	327	1	4	263	95	96	çe	44.7
373	9	Re5	D5	327	327	1	4	263	99	96	ker 	44.9
374	9	Do5	C5	318	318	1	8	132	95	96		45
375	9	Do5	C5	318	318	1	4	263	95	96	ve	45.2
376	9	Do5	C5	318	318	1	4	263	99	96	bâ	45.4
377	9	Si4b2	B4b1	312	313	1	8	132	95	96		45.5
378	9	Re5	D5	327	327	1	4	263	95	96	li	45.7
379	9	Re5	D5	327	327	3	8	395	50	96	ni 	46
380	53			0	0	0	0	0	0	0		46
381	9			-1	-1	1	4	263	100	0		46.2
382	9	Do5	C5	318	318	1	8	132	95	96	se	46.3
383	9	Re5	D5	327	327	1	4	263	95	96	nin 	46.5
384	9	Re5	D5	327	327	1	4	263	95	96	çe	46.7
385	9	Re5	D5	327	327	1	4	263	99	96	ker 	46.9
386	9	Do5	C5	318	318	1	8	132	95	96		47
387	51			0	0	6	4	0	90	0	Yürüksemâî (6/4)	47
388	9	Do5	C5	318	318	1	4	606	95	96	ve	47.16667
389	10	Do5	C5	318	318	1	4	606	99	96	bâ	47.33333
390	8	Re5	D5	327	327	0	0	0	99	96		47.33333
391	9	Do5	C5	318	318	1	8	303	99	96		47.41667
392	9	Si4b2	B4b1	312	313	1	8	303	95	96		47.5
393	9	Si4b2	B4b1	312	313	1	8	303	95	96	li	47.58333
394	9	La4	A4	305	305	1	8	303	95	96	ni  	47.66667
395	9			-1	-1	1	8	303	100	0		47.75
396	12	Mi5	E5	336	336	4	16	606	99	96	Kur	47.91667
397	9	Re5	D5	327	327	1	8	303	95	96		48
398	53			0	0	0	0	0	0	0		48
399	51			0	0	10	8	0	30	0	Aksaksemâî	48
400	9	Re5	D5	327	327	1	4	417	95	96	bâ	48.2
401	9	Do5	C5	318	318	1	8	208	95	96	nın_	48.3
402	9	Re5	D5	327	327	1	8	208	99	96	ol	48.4
403	9	Do5	C5	318	318	1	8	208	99	96		48.5
404	9	Re5	D5	327	327	1	8	208	95	96		48.6
405	9	Mi5	E5	336	336	1	8	208	95	96	du	48.7
406	9	Do5	C5	318	318	4	16	417	99	96	ğum 	48.9
407	9	Si4b2	B4b1	312	313	1	8	208	99	96		49
408	9	Do5	C5	318	318	1	4	417	99	96		49.2
409	9	Si4b2	B4b1	312	313	1	8	208	99	96		49.3
410	9	Do5	C5	318	318	1	8	208	99	96		49.4
411	9	Si4b2	B4b1	312	313	1	8	208	95	96		49.5
412	8	Fa5#3	F5#4	343	344	0	0	0	95	96		49.5
413	9	Sol5	G5	349	349	1	8	208	95	96	bi	49.6
414	9	Sol5	G5	349	349	1	8	208	95	96	ze 	49.7
415	9	Sol5	G5	349	349	1	8	208	99	96	yok 	49.8
416	9	Fa5	F5	340	340	1	8	208	99	96		49.9
417	9	Mi5	E5	336	336	1	8	208	99	96		50
418	9	Re5	D5	327	327	1	4	417	95	96		50.2
419	53			0	0	0	0	0	0	0		50.2
420	9	Sol4	G4	296	296	1	4	417	50	96	mu 	50.4
421	9	La4	A4	305	305	1	8	208	95	96	mü	50.5
422	9	Si4b2	B4b1	312	313	1	8	208	99	96	rüv	50.6
423	9	Do5	C5	318	318	1	8	208	99	96		50.7
424	9	Re5	D5	327	327	4	16	417	99	96		50.9
425	9	Do5	C5	318	318	1	8	208	99	96		51
426	9	Si4b2	B4b1	312	313	1	4	417	99	96		51.2
427	10	La4	A4	305	305	1	8	208	99	96		51.3
428	8	Si4b2	B4b1	312	313	0	0	0	99	96		51.3
429	9	Sol4	G4	296	296	1	4	417	95	96		51.5
430	9	Mi5	E5	336	336	1	8	208	99	96	ve	51.6
431	9	Re5	D5	327	327	1	8	208	95	96		51.7
432	9	Re5	D5	327	327	1	4	417	99	96	tin 	51.9
433	9	Do5	C5	318	318	1	8	208	95	96		52
434	9	Si4b2	B4b1	312	313	1	4	417	99	96	vay  	52.2
435	9	La4	A4	305	305	1	8	208	99	96		52.3
436	9	La4	A4	305	305	3	8	625	95	96		52.6
437	9			-1	-1	1	8	208	100	0		52.7
438	53			0	0	0	0	0	0	0		52.7
439	54			0	0	0	0	0	0	0	muhayyer@la4	52.7
440	12	Sol5	G5	349	349	4	16	417	99	96	Ey 	52.9
441	9	La5	A5	358	358	1	8	208	95	96		53
442	9	La5	A5	358	358	1	4	417	95	96	dil 	53.2
443	9	Sol5	G5	349	349	1	8	208	95	96	ne	53.3
444	9	Do6	C6	371	371	1	8	208	99	96	dir 	53.4
445	9	Si5b2	B5b1	365	366	1	8	208	99	96		53.5
446	9	La5	A5	358	358	1	8	208	95	96		53.6
447	9	Sol5	G5	349	349	1	8	208	95	96	bu 	53.7
448	9	Fa5#3	F5#4	343	344	1	4	417	99	96	mer	53.9
449	9	Mi5	E5	336	336	1	8	208	99	96		54
450	9	Re5	D5	327	327	1	4	417	95	96		54.2
451	53			0	0	0	0	0	0	0		54.2
452	55			0	0	0	0	0	0	0		54.2
453	9	Re5	D5	327	327	1	8	208	95	96	te	54.3
454	8	Re5	D5	327	327	0	0	0	95	96		54.3
455	9	La5	A5	358	358	1	8	208	99	96	be 	54.4
456	9	Sol5	G5	349	349	1	8	208	99	96		54.5
457	9	Fa5	F5	340	340	1	8	208	99	96		54.6
458	9	Mi5	E5	336	336	1	8	208	95	96		54.7
459	9	Re5	D5	327	327	4	16	417	99	96	hâ	54.9
460	9	Do5	C5	318	318	1	8	208	99	96		55
461	53			0	0	0	0	0	0	0		55
462	9	Si4b2	B4b1	312	313	1	8	208	99	96		55.1
463	9	La4	A4	305	305	1	8	208	95	96		55.2
464	9	Sol4	G4	296	296	4	16	417	99	96	hiş	55.4
465	9	La4	A4	305	305	1	8	208	99	96		55.5
466	9	Si4b2	B4b1	312	313	1	8	208	99	96		55.6
467	9	Do5	C5	318	318	1	8	208	99	96		55.7
468	9	Re5	D5	327	327	1	8	208	99	96		55.8
469	9	Mi5	E5	336	336	1	8	208	99	96		55.9
470	9	Re5	D5	327	327	1	8	208	99	96		56
471	53			0	0	0	0	0	0	0		56
472	9	Do5	C5	318	318	1	4	417	95	96		56.2
473	9	Do5	C5	318	318	1	8	208	95	96	le	56.3
474	9	Si4b2	B4b1	312	313	1	8	208	99	96	rin 	56.4
475	9	Do5	C5	318	318	1	8	208	99	96		56.5
476	9	Si4b2	B4b1	312	313	1	8	208	95	96		56.6
477	9	Do5	C5	318	318	1	8	208	95	96	se	56.7
478	9	Si4b2	B4b1	312	313	1	4	417	99	96	nin 	56.9
479	9	La4	A4	305	305	1	8	208	95	96		57
480	9	La4	A4	305	305	5	8	1042	95	96	vay  	57.5
481	9			-1	-1	1	4	417	100	0		57.7
482	53			0	0	0	0	0	0	0		57.7
483	9	Mi5	E5	336	336	4	16	417	99	96	Cây_	57.9
484	9	Re5	D5	327	327	1	8	208	95	96		58
485	9	Re5	D5	327	327	1	4	417	95	96	ı 	58.2
486	9	Do5	C5	318	318	1	8	208	95	96	me	58.3
487	9	Re5	D5	327	327	1	8	208	99	96	râ	58.4
488	9	Do5	C5	318	318	1	8	208	95	96		58.5
489	9	Re5	D5	327	327	1	8	208	95	96	mın_	58.6
490	9	Mi5	E5	336	336	1	8	208	99	96	üz	58.7
491	9	Do5	C5	318	318	4	16	417	99	96		58.9
492	9	Si4b2	B4b1	312	313	1	8	208	99	96		59
493	9	Do5	C5	318	318	4	16	417	99	96		59.2
494	9	Si4b2	B4b1	312	313	1	8	208	99	96		59.3
495	9	Do5	C5	318	318	1	8	208	99	96		59.4
496	9	Si4b2	B4b1	312	313	1	8	208	95	96		59.5
497	8	Fa5#3	F5#4	343	344	0	0	0	95	96		59.5
498	9	Sol5	G5	349	349	1	8	208	95	96	re 	59.6
499	9	Sol5	G5	349	349	1	8	208	95	96	i	59.7
500	9	Sol5	G5	349	349	1	8	208	99	96	ka	59.8
501	9	Fa5	F5	340	340	1	8	208	99	96		59.9
502	9	Mi5	E5	336	336	1	8	208	99	96		60
503	9	Re5	D5	327	327	1	4	417	95	96		60.2
504	53			0	0	0	0	0	0	0		60.2
505	9	Sol4	G4	296	296	1	4	417	50	96	met 	60.4
506	9	La4	A4	305	305	1	8	208	95	96	mi 	60.5
507	9	Si4b2	B4b1	312	313	1	8	208	99	96	niy	60.6
508	9	Do5	C5	318	318	1	8	208	99	96		60.7
509	12	Re5	D5	327	327	4	16	417	99	96		60.9
510	9	Do5	C5	318	318	1	8	208	99	96		61
511	9	Si4b2	B4b1	312	313	1	4	417	99	96		61.2
512	10	La4	A4	305	305	1	8	208	99	96		61.3
513	8	Si4b2	B4b1	312	313	0	0	0	99	96		61.3
514	9	Sol4	G4	296	296	1	4	417	95	96		61.5
515	9	Mi5	E5	336	336	1	8	208	99	96	ye	61.6
516	9	Re5	D5	327	327	1	8	208	95	96		61.7
517	9	Re5	D5	327	327	1	4	417	99	96	tin 	61.9
518	9	Do5	C5	318	318	1	8	208	95	96		62
519	9	Si4b2	B4b1	312	313	1	4	417	99	96	vay  	62.2
520	9	La4	A4	305	305	7	8	1458	95	96		62.9
521	9			-1	-1	1	8	208	100	0		63
522	53			0	0	0	0	0	0	0		63
