Sýra	Kod	Nota53	NotaAE	Koma53	KomaAE	Pay	Payda	Ms	LNS	Bas	Soz1	Offset
1	9	La4	A4	305	305	1	16	250	95	96	ARANAÐME 	0.0625
2	9	Sol4#4	G4#4	300	300	1	16	250	95	96	.	0.125
3	9	La4	A4	305	305	1	16	250	95	96	.	0.1875
4	9	Si4	B4	314	314	1	16	250	95	96	.	0.25
5	9	Do5	C5	318	318	1	8	500	95	96	.	0.375
6	9	Si4	B4	314	314	1	8	500	95	96	.	0.5
7	9	La4	A4	305	305	1	8	500	95	96	.	0.625
8	9	Sol4#4	G4#4	300	300	1	8	500	95	96	.	0.75
9	9	La4	A4	305	305	1	8	500	95	96	.	0.875
10	9	Mi4	E4	283	283	1	8	500	95	96	.	1
11	9	La4	A4	305	305	1	16	250	95	96	.	1.0625
12	9	Sol4#4	G4#4	300	300	1	16	250	95	96	.	1.125
13	9	La4	A4	305	305	1	16	250	95	96	.	1.1875
14	9	Si4	B4	314	314	1	16	250	95	96	.	1.25
15	9	Do5	C5	318	318	1	8	500	95	96	.	1.375
16	9	Si4	B4	314	314	1	8	500	95	96	.	1.5
17	9	La4	A4	305	305	1	16	250	95	96	.	1.5625
18	9	Sol4#4	G4#4	300	300	1	16	250	95	96	.	1.625
19	9	La4	A4	305	305	1	16	250	95	96	.	1.6875
20	9	Fa5	F5	340	340	1	16	250	95	96	.	1.75
21	9	Mi5	E5	336	336	1	8	500	95	96	.	1.875
22	9			-1	-1	1	8	500	100	0	.	2
23	53			0	0	0	0	0	0	0		2
24	9	Sol5	G5	349	349	1	16	250	95	96	.	2.0625
25	9	Fa5	F5	340	340	1	16	250	95	96	.	2.125
26	9	Mi5	E5	336	336	1	16	250	95	96	.	2.1875
27	9	Sol5	G5	349	349	1	16	250	95	96	.	2.25
28	9	Fa5	F5	340	340	1	16	250	95	96	.	2.3125
29	9	Mi5	E5	336	336	1	16	250	95	96	.	2.375
30	9	Re5	D5	327	327	1	16	250	95	96	.	2.4375
31	9	Fa5	F5	340	340	1	16	250	95	96	.	2.5
32	9	Mi5	E5	336	336	1	16	250	95	96	.	2.5625
33	9	Re5	D5	327	327	1	16	250	95	96	.	2.625
34	9	Do5	C5	318	318	1	16	250	95	96	.	2.6875
35	9	Re5	D5	327	327	1	16	250	95	96	.	2.75
36	9	Do5	C5	318	318	1	16	250	95	96	.	2.8125
37	9	Si4	B4	314	314	1	16	250	95	96	.	2.875
38	9	La4	A4	305	305	1	16	250	95	96	.	2.9375
39	9	Si4	B4	314	314	1	16	250	95	96	.	3
40	9	La4	A4	305	305	1	8	500	95	96	.	3.125
41	9	Si4	B4	314	314	1	8	500	95	96	.	3.25
42	9	Do5	C5	318	318	1	8	500	95	96	.	3.375
43	9	Si4	B4	314	314	1	8	500	95	96	.	3.5
44	9	La4	A4	305	305	1	16	250	95	96	.	3.5625
45	9	Si4	B4	314	314	1	16	250	95	96	.	3.625
46	9	La4	A4	305	305	1	8	500	95	96	.	3.75
47	9	Mi5	E5	336	336	1	4	1000	95	96	.	4
48	53			0	0	0	0	0	0	0		4
49	9	Re5	D5	327	327	1	8	500	95	96	.	4.125
50	9	Do5	C5	318	318	1	8	500	95	96	.	4.25
51	9	Si4	B4	314	314	1	8	500	95	96	.	4.375
52	9	La4	A4	305	305	1	8	500	95	96	.	4.5
53	9	Do5	C5	318	318	1	16	250	95	96	.	4.5625
54	9	Si4	B4	314	314	1	16	250	95	96	.	4.625
55	9	La4	A4	305	305	1	16	250	95	96	.	4.6875
56	9	Sol4#4	G4#4	300	300	1	16	250	95	96	.	4.75
57	9	La4	A4	305	305	1	8	500	95	96	.	4.875
58	9			-1	-1	1	8	500	100	0		5
59	53			0	0	0	0	0	0	0		5
60	9	La4	A4	305	305	1	16	250	95	96	ARANAÐME 	5.0625
61	9	Sol4#4	G4#4	300	300	1	16	250	95	96	.	5.125
62	9	La4	A4	305	305	1	16	250	95	96	.	5.1875
63	9	Si4	B4	314	314	1	16	250	95	96	.	5.25
64	9	Do5	C5	318	318	1	8	500	95	96	.	5.375
65	9	Si4	B4	314	314	1	8	500	95	96	.	5.5
66	9	La4	A4	305	305	1	8	500	95	96	.	5.625
67	9	Sol4#4	G4#4	300	300	1	8	500	95	96	.	5.75
68	9	La4	A4	305	305	1	8	500	95	96	.	5.875
69	9	Mi4	E4	283	283	1	8	500	95	96	.	6
70	9	La4	A4	305	305	1	16	250	95	96	.	6.0625
71	9	Sol4#4	G4#4	300	300	1	16	250	95	96	.	6.125
72	9	La4	A4	305	305	1	16	250	95	96	.	6.1875
73	9	Si4	B4	314	314	1	16	250	95	96	.	6.25
74	9	Do5	C5	318	318	1	8	500	95	96	.	6.375
75	9	Si4	B4	314	314	1	8	500	95	96	.	6.5
76	9	La4	A4	305	305	1	16	250	95	96	.	6.5625
77	9	Sol4#4	G4#4	300	300	1	16	250	95	96	.	6.625
78	9	La4	A4	305	305	1	16	250	95	96	.	6.6875
79	9	Fa5	F5	340	340	1	16	250	95	96	.	6.75
80	9	Mi5	E5	336	336	1	8	500	95	96	.	6.875
81	9			-1	-1	1	8	500	100	0	.	7
82	53			0	0	0	0	0	0	0		7
83	9	Sol5	G5	349	349	1	16	250	95	96	.	7.0625
84	9	Fa5	F5	340	340	1	16	250	95	96	.	7.125
85	9	Mi5	E5	336	336	1	16	250	95	96	.	7.1875
86	9	Sol5	G5	349	349	1	16	250	95	96	.	7.25
87	9	Fa5	F5	340	340	1	16	250	95	96	.	7.3125
88	9	Mi5	E5	336	336	1	16	250	95	96	.	7.375
89	9	Re5	D5	327	327	1	16	250	95	96	.	7.4375
90	9	Fa5	F5	340	340	1	16	250	95	96	.	7.5
91	9	Mi5	E5	336	336	1	16	250	95	96	.	7.5625
92	9	Re5	D5	327	327	1	16	250	95	96	.	7.625
93	9	Do5	C5	318	318	1	16	250	95	96	.	7.6875
94	9	Re5	D5	327	327	1	16	250	95	96	.	7.75
95	9	Do5	C5	318	318	1	16	250	95	96	.	7.8125
96	9	Si4	B4	314	314	1	16	250	95	96	.	7.875
97	9	La4	A4	305	305	1	16	250	95	96	.	7.9375
98	9	Si4	B4	314	314	1	16	250	95	96	.	8
99	9	La4	A4	305	305	1	8	500	95	96	.	8.125
100	9	Si4	B4	314	314	1	8	500	95	96	.	8.25
101	9	Do5	C5	318	318	1	8	500	95	96	.	8.375
102	9	Si4	B4	314	314	1	8	500	95	96	.	8.5
103	9	La4	A4	305	305	1	16	250	95	96	.	8.5625
104	9	Si4	B4	314	314	1	16	250	95	96	.	8.625
105	9	La4	A4	305	305	1	8	500	95	96	.	8.75
106	9	Mi5	E5	336	336	1	4	1000	95	96	.	9
107	53			0	0	0	0	0	0	0		9
108	9	Re5	D5	327	327	1	8	500	95	96	.	9.125
109	9	Do5	C5	318	318	1	8	500	95	96	.	9.25
110	9	Si4	B4	314	314	1	8	500	95	96	.	9.375
111	9	La4	A4	305	305	1	8	500	95	96	.	9.5
112	9	Do5	C5	318	318	1	16	250	95	96	.	9.5625
113	9	Si4	B4	314	314	1	16	250	95	96	.	9.625
114	9	La4	A4	305	305	1	16	250	95	96	.	9.6875
115	9	Sol4#4	G4#4	300	300	1	16	250	95	96	.	9.75
116	9	La4	A4	305	305	1	8	500	95	96	.	9.875
117	9			-1	-1	1	8	500	100	0		10
118	53			0	0	0	0	0	0	0		10
119	9	Si4	B4	314	314	1	8	500	99	96	Al	10.125
120	9	Do5	C5	318	318	1	8	500	99	96		10.25
121	9	Do5	C5	318	318	1	16	250	99	96		10.3125
122	9	Re5	D5	327	327	1	16	250	99	96		10.375
123	9	Do5	C5	318	318	1	16	250	99	96		10.4375
124	9	Si4	B4	314	314	1	16	250	95	96		10.5
125	9	La4	A4	305	305	1	4	1000	95	96	dýn 	10.75
126	9	Sol4#4	G4#4	300	300	1	4	1000	95	96	ak	11
127	9	La4	A4	305	305	3	16	750	99	96	lým 	11.1875
128	9	Si4	B4	314	314	1	16	250	99	96		11.25
129	9	Do5	C5	318	318	1	8	500	99	96		11.375
130	9	Re5	D5	327	327	1	8	500	99	96		11.5
131	9	Re5	D5	327	327	1	16	250	99	96		11.5625
132	9	Mi5	E5	336	336	1	8	500	99	96		11.6875
133	9	Re5	D5	327	327	1	16	250	99	96		11.75
134	9	Do5	C5	318	318	1	8	500	95	96		11.875
135	9			-1	-1	1	8	500	100	0		12
136	53			0	0	0	0	0	0	0		12
137	9	Fa5#4	F5#4	344	344	1	8	500	99	96	ey 	12.125
138	9	Sol5	G5	349	349	1	8	500	99	96		12.25
139	9	Sol5	G5	349	349	1	16	250	99	96		12.3125
140	9	La5	A5	358	358	1	16	250	99	96		12.375
141	9	Sol5	G5	349	349	1	16	250	99	96		12.4375
142	9	Fa5	F5	340	340	1	16	250	95	96		12.5
143	54			0	0	0	0	0	0	0	neveser@la4	12.5
144	9	Fa5	F5	340	340	1	16	250	99	96	meh_	12.5625
145	9	Mi5	E5	336	336	1	16	250	99	96		12.625
146	9	Mi5	E5	336	336	1	16	250	99	96		12.6875
147	9	Re5#4	D5#4	331	331	1	16	250	99	96		12.75
148	9	Do5	C5	318	318	1	16	250	99	96	i 	12.8125
149	9	Re5#4	D5#4	331	331	1	16	250	99	96		12.875
150	9	Mi5	E5	336	336	1	16	250	99	96		12.9375
151	9	Fa5	F5	340	340	1	16	250	95	96		13
152	9	Re5#4	D5#4	331	331	1	8	500	99	96	veþ  	13.125
153	9	Mi5	E5	336	336	1	8	500	95	96		13.25
154	9	Mi5	E5	336	336	3	32	375	95	96	SAZ 	13.34375
155	9	Sol5	G5	349	349	1	32	125	95	96	.	13.375
156	9	Fa5	F5	340	340	1	16	250	95	96	.	13.4375
157	9	Mi5	E5	336	336	1	16	250	95	96	.	13.5
158	9	Mi5	E5	336	336	1	4	1000	95	96	.	13.75
159	9			-1	-1	1	4	1000	100	0		14
160	53			0	0	0	0	0	0	0		14
161	55			0	0	0	0	0	0	0		14
162	54			0	0	0	0	0	0	0	hicaz@mi5	14
163	9	Mi5	E5	336	336	3	16	750	99	96	Nâz 	14.1875
164	9	La5	A5	358	358	1	16	250	99	96		14.25
165	9	Sol5#4	G5#4	353	353	1	8	500	99	96		14.375
166	9	La5	A5	358	358	1	8	500	95	96		14.5
167	9	Sol5#4	G5#4	353	353	1	16	250	99	96	et	14.5625
168	9	Fa5	F5	340	340	1	16	250	99	96		14.625
169	9	Fa5	F5	340	340	1	16	250	99	96		14.6875
170	9	Mi5	E5	336	336	1	16	250	95	96		14.75
171	9	Mi5	E5	336	336	1	4	1000	95	96	me 	15
172	53			0	0	0	0	0	0	0		15
173	55			0	0	0	0	0	0	0		15
174	9	Mi5	E5	336	336	1	8	500	99	96	gel 	15.125
175	9	Re5	D5	327	327	1	16	250	99	96		15.1875
176	9	Do5	C5	318	318	1	16	250	99	96		15.25
177	9	Sol5	G5	349	349	1	8	500	99	96		15.375
178	9	Fa5	F5	340	340	1	16	250	99	96		15.4375
179	9	Mi5	E5	336	336	1	16	250	99	96		15.5
180	9	Re5	D5	327	327	1	16	250	99	96		15.5625
181	9	Fa5	F5	340	340	1	16	250	99	96		15.625
182	9	Mi5	E5	336	336	1	16	250	99	96		15.6875
183	9	Re5	D5	327	327	1	16	250	99	96		15.75
184	9	Do5	C5	318	318	1	16	250	99	96		15.8125
185	9	Si4	B4	314	314	1	16	250	99	96		15.875
186	9	Do5	C5	318	318	1	8	500	95	96		16
187	53			0	0	0	0	0	0	0		16
188	9	Si4	B4	314	314	1	8	500	99	96	o	16.125
189	9	Do5	C5	318	318	1	8	500	99	96		16.25
190	9	Do5	C5	318	318	1	16	250	99	96		16.3125
191	9	Re5	D5	327	327	1	16	250	99	96		16.375
192	9	Do5	C5	318	318	1	16	250	99	96		16.4375
193	9	Si4	B4	314	314	1	16	250	95	96		16.5
194	9	Si4	B4	314	314	1	16	250	99	96	la	16.5625
195	9	Do5	C5	318	318	1	16	250	99	96		16.625
196	9	Si4	B4	314	314	1	16	250	99	96		16.6875
197	9	La4	A4	305	305	1	16	250	95	96		16.75
198	9	Do5	C5	318	318	1	16	250	99	96	lým 	16.8125
199	9	Si4	B4	314	314	1	16	250	99	96		16.875
200	9	La4	A4	305	305	1	16	250	99	96		16.9375
201	9	Sol4#4	G4#4	300	300	1	16	250	95	96		17
202	9	La4	A4	305	305	1	4	1000	95	96	eþ  	17.25
203	53			0	0	0	0	0	0	0		17.25
204	9	Sol4#4	G4#4	300	300	1	16	250	95	96	SAZ 	17.3125
205	9	La4	A4	305	305	1	16	250	95	96	.	17.375
206	9	Si4	B4	314	314	1	16	250	95	96	.	17.4375
207	9	Sol4#4	G4#4	300	300	1	16	250	95	96	.	17.5
208	9	La4	A4	305	305	3	16	750	95	96	.	17.6875
209	54			0	0	0	0	0	0	0	hicazkar@la4	17.6875
210	9	Si5	B5	367	367	1	16	250	95	96	.	17.75
211	9	La5	A5	358	358	1	16	250	95	96	.	17.8125
212	9	Sol5#4	G5#4	353	353	1	16	250	95	96	.	17.875
213	9	La5	A5	358	358	1	8	500	95	96	.	18
214	53			0	0	0	0	0	0	0		18
215	9	Sol5#4	G5#4	353	353	1	8	500	99	96	E	18.125
216	9	La5	A5	358	358	1	8	500	99	96		18.25
217	9	La5	A5	358	358	1	16	250	99	96		18.3125
218	9	Sol5#4	G5#4	353	353	1	16	250	99	96		18.375
219	9	Fa5	F5	340	340	1	16	250	99	96		18.4375
220	9	Mi5	E5	336	336	1	16	250	95	96		18.5
221	9	Re5	D5	327	327	1	16	250	99	96	le 	18.5625
222	9	Mi5	E5	336	336	1	16	250	99	96		18.625
223	9	Fa5	F5	340	340	1	16	250	99	96		18.6875
224	9	Sol5#4	G5#4	353	353	1	16	250	95	96		18.75
225	9	La5	A5	358	358	1	8	500	95	96	gel	18.875
226	9			-1	-1	1	8	500	100	0		19
227	53			0	0	0	0	0	0	0		19
228	9	Si5	B5	367	367	1	8	500	99	96	mez 	19.125
229	9	La5	A5	358	358	1	16	250	99	96		19.1875
230	9	Sol5#4	G5#4	353	353	1	16	250	99	96		19.25
231	9	La5	A5	358	358	1	8	500	99	96		19.375
232	9	Sol5#4	G5#4	353	353	1	16	250	99	96		19.4375
233	9	Fa5	F5	340	340	1	16	250	99	96		19.5
234	9	Sol5#4	G5#4	353	353	1	8	500	99	96		19.625
235	9	Fa5	F5	340	340	1	16	250	99	96		19.6875
236	9	Mi5	E5	336	336	1	16	250	99	96		19.75
237	9	Mi5	E5	336	336	1	4	1000	95	96		20
238	53			0	0	0	0	0	0	0		20
239	55			0	0	0	0	0	0	0		20
240	9	Fa5#4	F5#4	344	344	1	8	500	99	96	böy	20.125
241	9	Sol5	G5	349	349	1	8	500	99	96		20.25
242	9	Sol5	G5	349	349	1	16	250	99	96		20.3125
243	9	La5	A5	358	358	1	16	250	99	96		20.375
244	9	Sol5	G5	349	349	1	16	250	99	96		20.4375
245	9	Fa5#4	F5#4	344	344	1	16	250	95	96		20.5
246	54			0	0	0	0	0	0	0	neveser@la4	20.5
247	9	Fa5#4	F5#4	344	344	1	16	250	99	96	le 	20.5625
248	9	Mi5	E5	336	336	1	16	250	99	96		20.625
249	9	Mi5	E5	336	336	1	16	250	99	96		20.6875
250	9	Re5#4	D5#4	331	331	1	16	250	95	96		20.75
251	9	Do5	C5	318	318	1	16	250	99	96	dü	20.8125
252	9	Re5#4	D5#4	331	331	1	16	250	99	96		20.875
253	9	Mi5	E5	336	336	1	16	250	99	96		20.9375
254	9	Fa5	F5	340	340	1	16	250	95	96		21
255	9	Re5#4	D5#4	331	331	1	8	500	99	96	þeþ  	21.125
256	9	Mi5	E5	336	336	1	8	500	95	96	SAZ 	21.25
257	9	Mi5	E5	336	336	1	16	250	95	96	.	21.3125
258	9	Sol5#4	G5#4	353	353	1	16	250	95	96	.	21.375
259	9	Fa5	F5	340	340	1	16	250	95	96	.	21.4375
260	9	Mi5	E5	336	336	1	16	250	95	96	.	21.5
261	9	Mi5	E5	336	336	1	4	1000	95	96	.	21.75
262	9			-1	-1	1	4	1000	100	0		22
263	53			0	0	0	0	0	0	0		22
264	55			0	0	0	0	0	0	0		22
265	54			0	0	0	0	0	0	0	hicaz@mi5	22
266	9	Mi5	E5	336	336	3	16	750	99	96	Nâz 	22.1875
267	9	La5	A5	358	358	1	16	250	99	96		22.25
268	9	Sol5#4	G5#4	353	353	1	8	500	99	96		22.375
269	9	La5	A5	358	358	1	8	500	95	96		22.5
270	9	Sol5#4	G5#4	353	353	1	16	250	99	96	et	22.5625
271	9	Fa5	F5	340	340	1	16	250	99	96		22.625
272	9	Fa5	F5	340	340	1	16	250	99	96		22.6875
273	9	Mi5	E5	336	336	1	16	250	95	96		22.75
274	9	Mi5	E5	336	336	1	4	1000	95	96	me 	23
275	53			0	0	0	0	0	0	0		23
276	55			0	0	0	0	0	0	0		23
277	9	Mi5	E5	336	336	1	8	500	99	96	gel 	23.125
278	9	Re5	D5	327	327	1	16	250	99	96		23.1875
279	9	Do5	C5	318	318	1	16	250	99	96		23.25
280	9	Sol5	G5	349	349	1	8	500	99	96		23.375
281	9	Fa5	F5	340	340	1	16	250	99	96		23.4375
282	9	Mi5	E5	336	336	1	16	250	99	96		23.5
283	9	Re5	D5	327	327	1	16	250	99	96		23.5625
284	9	Fa5	F5	340	340	1	16	250	99	96		23.625
285	9	Mi5	E5	336	336	1	16	250	99	96		23.6875
286	9	Re5	D5	327	327	1	16	250	99	96		23.75
287	9	Do5	C5	318	318	1	16	250	99	96		23.8125
288	9	Si4	B4	314	314	1	16	250	99	96		23.875
289	9	Do5	C5	318	318	1	8	500	95	96		24
290	53			0	0	0	0	0	0	0		24
291	9	Si4	B4	314	314	1	8	500	99	96	o	24.125
292	9	Do5	C5	318	318	1	8	500	99	96		24.25
293	9	Do5	C5	318	318	1	16	250	99	96		24.3125
294	9	Re5	D5	327	327	1	16	250	99	96		24.375
295	9	Do5	C5	318	318	1	16	250	99	96		24.4375
296	9	Si4	B4	314	314	1	16	250	95	96		24.5
297	9	Si4	B4	314	314	1	16	250	99	96	la	24.5625
298	9	Do5	C5	318	318	1	16	250	99	96		24.625
299	9	Si4	B4	314	314	1	16	250	99	96		24.6875
300	9	La4	A4	305	305	1	16	250	95	96		24.75
301	9	Do5	C5	318	318	1	16	250	99	96	lým 	24.8125
302	9	Si4	B4	314	314	1	16	250	99	96		24.875
303	9	La4	A4	305	305	1	16	250	99	96		24.9375
304	9	Sol4#4	G4#4	300	300	1	16	250	95	96		25
305	9	La4	A4	305	305	1	4	1000	95	96	eþ  	25.25
306	53			0	0	0	0	0	0	0		25.25
307	9	Sol4#4	G4#4	300	300	1	16	250	95	96	SAZ 	25.3125
308	9	La4	A4	305	305	1	16	250	95	96	.	25.375
309	9	Si4	B4	314	314	1	16	250	95	96	.	25.4375
310	9	Sol4#4	G4#4	300	300	1	16	250	95	96	.	25.5
311	9	La4	A4	305	305	3	16	750	95	96	.	25.6875
312	9	Mi5	E5	336	336	1	16	250	95	96	.	25.75
313	9	Re5#4	D5#4	331	331	1	8	500	95	96	.	25.875
314	9	Mi5	E5	336	336	1	8	500	95	96	.	26
315	53			0	0	0	0	0	0	0		26
316	9	Re5#4	D5#4	331	331	3	16	750	99	96	Kýl 	26.1875
317	9	Mi5	E5	336	336	1	16	250	99	96		26.25
318	9	Mi5	E5	336	336	3	16	750	99	96		26.4375
319	9	Re5	D5	327	327	1	16	250	95	96		26.5
320	9	Do5	C5	318	318	3	16	750	99	96	mü	26.6875
321	9	Si4	B4	314	314	1	16	250	95	96		26.75
322	9	La4	A4	305	305	1	4	1000	95	96	rüv	27
323	53			0	0	0	0	0	0	0		27
324	9	Mi5	E5	336	336	1	8	500	99	96	vet 	27.125
325	9	Fa5	F5	340	340	1	4	1000	99	96		27.375
326	9	Mi5	E5	336	336	1	16	250	99	96		27.4375
327	9	Fa5	F5	340	340	1	16	250	99	96		27.5
328	9	Sol5	G5	349	349	1	16	250	99	96		27.5625
329	9	La5	A5	358	358	1	16	250	99	96		27.625
330	9	Sol5	G5	349	349	1	16	250	99	96		27.6875
331	9	Fa5	F5	340	340	1	16	250	99	96		27.75
332	9	Mi5	E5	336	336	1	4	1000	95	96		28
333	53			0	0	0	0	0	0	0		28
334	9	Mi5	E5	336	336	1	16	250	99	96	ol	28.0625
335	9	Fa5	F5	340	340	1	16	250	99	96		28.125
336	9	Sol5	G5	349	349	1	16	250	99	96		28.1875
337	9	Mi5	E5	336	336	1	16	250	99	96		28.25
338	9	Fa5	F5	340	340	1	16	250	99	96		28.3125
339	9	Re5	D5	327	327	1	16	250	99	96		28.375
340	9	Mi5	E5	336	336	1	16	250	99	96		28.4375
341	9	Do5	C5	318	318	1	16	250	95	96		28.5
342	9	Re5	D5	327	327	1	16	250	99	96	ma 	28.5625
343	9	Do5	C5	318	318	1	16	250	99	96		28.625
344	9	Si4	B4	314	314	1	16	250	99	96		28.6875
345	9	La4	A4	305	305	1	16	250	95	96		28.75
346	9	Do5	C5	318	318	1	16	250	99	96	ser	28.8125
347	9	Si4	B4	314	314	1	16	250	99	96		28.875
348	9	La4	A4	305	305	1	16	250	99	96		28.9375
349	9	Sol4#4	G4#4	300	300	1	16	250	95	96		29
350	9	La4	A4	305	305	1	4	1000	95	96	keþ  	29.25
351	53			0	0	0	0	0	0	0		29.25
352	9	Sol4#4	G4#4	300	300	1	16	250	95	96	SAZ 	29.3125
353	9	La4	A4	305	305	1	16	250	95	96	.	29.375
354	9	Si4	B4	314	314	1	16	250	95	96	.	29.4375
355	9	Sol4#4	G4#4	300	300	1	16	250	95	96	.	29.5
356	9	La4	A4	305	305	1	4	1000	95	96	.	29.75
357	9			-1	-1	1	4	1000	100	0		30
358	53			0	0	0	0	0	0	0		30
359	9	La4	A4	305	305	1	16	250	95	96	ARANAÐME 	30.0625
360	9	Sol4#4	G4#4	300	300	1	16	250	95	96	.	30.125
361	9	La4	A4	305	305	1	16	250	95	96	.	30.1875
362	9	Si4	B4	314	314	1	16	250	95	96	.	30.25
363	9	Do5	C5	318	318	1	8	500	95	96	.	30.375
364	9	Si4	B4	314	314	1	8	500	95	96	.	30.5
365	9	La4	A4	305	305	1	8	500	95	96	.	30.625
366	9	Sol4#4	G4#4	300	300	1	8	500	95	96	.	30.75
367	9	La4	A4	305	305	1	8	500	95	96	.	30.875
368	9	Mi4	E4	283	283	1	8	500	95	96	.	31
369	9	La4	A4	305	305	1	16	250	95	96	.	31.0625
370	9	Sol4#4	G4#4	300	300	1	16	250	95	96	.	31.125
371	9	La4	A4	305	305	1	16	250	95	96	.	31.1875
372	9	Si4	B4	314	314	1	16	250	95	96	.	31.25
373	9	Do5	C5	318	318	1	8	500	95	96	.	31.375
374	9	Si4	B4	314	314	1	8	500	95	96	.	31.5
375	9	La4	A4	305	305	1	16	250	95	96	.	31.5625
376	9	Sol4#4	G4#4	300	300	1	16	250	95	96	.	31.625
377	9	La4	A4	305	305	1	16	250	95	96	.	31.6875
378	9	Fa5	F5	340	340	1	16	250	95	96	.	31.75
379	9	Mi5	E5	336	336	1	8	500	95	96	.	31.875
380	9			-1	-1	1	8	500	100	0	.	32
381	53			0	0	0	0	0	0	0		32
382	9	Sol5	G5	349	349	1	16	250	95	96	.	32.0625
383	9	Fa5	F5	340	340	1	16	250	95	96	.	32.125
384	9	Mi5	E5	336	336	1	16	250	95	96	.	32.1875
385	9	Sol5	G5	349	349	1	16	250	95	96	.	32.25
386	9	Fa5	F5	340	340	1	16	250	95	96	.	32.3125
387	9	Mi5	E5	336	336	1	16	250	95	96	.	32.375
388	9	Re5	D5	327	327	1	16	250	95	96	.	32.4375
389	9	Fa5	F5	340	340	1	16	250	95	96	.	32.5
390	9	Mi5	E5	336	336	1	16	250	95	96	.	32.5625
391	9	Re5	D5	327	327	1	16	250	95	96	.	32.625
392	9	Do5	C5	318	318	1	16	250	95	96	.	32.6875
393	9	Re5	D5	327	327	1	16	250	95	96	.	32.75
394	9	Do5	C5	318	318	1	16	250	95	96	.	32.8125
395	9	Si4	B4	314	314	1	16	250	95	96	.	32.875
396	9	La4	A4	305	305	1	16	250	95	96	.	32.9375
397	9	Si4	B4	314	314	1	16	250	95	96	.	33
398	9	La4	A4	305	305	1	8	500	95	96	.	33.125
399	9	Si4	B4	314	314	1	8	500	95	96	.	33.25
400	9	Do5	C5	318	318	1	8	500	95	96	.	33.375
401	9	Si4	B4	314	314	1	8	500	95	96	.	33.5
402	9	La4	A4	305	305	1	16	250	95	96	.	33.5625
403	9	Si4	B4	314	314	1	16	250	95	96	.	33.625
404	9	La4	A4	305	305	1	8	500	95	96	.	33.75
405	9	Mi5	E5	336	336	1	4	1000	95	96	.	34
406	53			0	0	0	0	0	0	0		34
407	9	Re5	D5	327	327	1	8	500	95	96	.	34.125
408	9	Do5	C5	318	318	1	8	500	95	96	.	34.25
409	9	Si4	B4	314	314	1	8	500	95	96	.	34.375
410	9	La4	A4	305	305	1	8	500	95	96	.	34.5
411	9	Do5	C5	318	318	1	16	250	95	96	.	34.5625
412	9	Si4	B4	314	314	1	16	250	95	96	.	34.625
413	9	La4	A4	305	305	1	16	250	95	96	.	34.6875
414	9	Sol4#4	G4#4	300	300	1	16	250	95	96	.	34.75
415	9	La4	A4	305	305	1	8	500	95	96	.	34.875
416	9			-1	-1	1	8	500	100	0		35
417	53			0	0	0	0	0	0	0		35
418	9	La4	A4	305	305	1	16	250	95	96	ARANAÐME 	35.0625
419	9	Sol4#4	G4#4	300	300	1	16	250	95	96	.	35.125
420	9	La4	A4	305	305	1	16	250	95	96	.	35.1875
421	9	Si4	B4	314	314	1	16	250	95	96	.	35.25
422	9	Do5	C5	318	318	1	8	500	95	96	.	35.375
423	9	Si4	B4	314	314	1	8	500	95	96	.	35.5
424	9	La4	A4	305	305	1	8	500	95	96	.	35.625
425	9	Sol4#4	G4#4	300	300	1	8	500	95	96	.	35.75
426	9	La4	A4	305	305	1	8	500	95	96	.	35.875
427	9	Mi4	E4	283	283	1	8	500	95	96	.	36
428	9	La4	A4	305	305	1	16	250	95	96	.	36.0625
429	9	Sol4#4	G4#4	300	300	1	16	250	95	96	.	36.125
430	9	La4	A4	305	305	1	16	250	95	96	.	36.1875
431	9	Si4	B4	314	314	1	16	250	95	96	.	36.25
432	9	Do5	C5	318	318	1	8	500	95	96	.	36.375
433	9	Si4	B4	314	314	1	8	500	95	96	.	36.5
434	9	La4	A4	305	305	1	16	250	95	96	.	36.5625
435	9	Sol4#4	G4#4	300	300	1	16	250	95	96	.	36.625
436	9	La4	A4	305	305	1	16	250	95	96	.	36.6875
437	9	Fa5	F5	340	340	1	16	250	95	96	.	36.75
438	9	Mi5	E5	336	336	1	8	500	95	96	.	36.875
439	9			-1	-1	1	8	500	100	0	.	37
440	53			0	0	0	0	0	0	0		37
441	9	Sol5	G5	349	349	1	16	250	95	96	.	37.0625
442	9	Fa5	F5	340	340	1	16	250	95	96	.	37.125
443	9	Mi5	E5	336	336	1	16	250	95	96	.	37.1875
444	9	Sol5	G5	349	349	1	16	250	95	96	.	37.25
445	9	Fa5	F5	340	340	1	16	250	95	96	.	37.3125
446	9	Mi5	E5	336	336	1	16	250	95	96	.	37.375
447	9	Re5	D5	327	327	1	16	250	95	96	.	37.4375
448	9	Fa5	F5	340	340	1	16	250	95	96	.	37.5
449	9	Mi5	E5	336	336	1	16	250	95	96	.	37.5625
450	9	Re5	D5	327	327	1	16	250	95	96	.	37.625
451	9	Do5	C5	318	318	1	16	250	95	96	.	37.6875
452	9	Re5	D5	327	327	1	16	250	95	96	.	37.75
453	9	Do5	C5	318	318	1	16	250	95	96	.	37.8125
454	9	Si4	B4	314	314	1	16	250	95	96	.	37.875
455	9	La4	A4	305	305	1	16	250	95	96	.	37.9375
456	9	Si4	B4	314	314	1	16	250	95	96	.	38
457	9	La4	A4	305	305	1	8	500	95	96	.	38.125
458	9	Si4	B4	314	314	1	8	500	95	96	.	38.25
459	9	Do5	C5	318	318	1	8	500	95	96	.	38.375
460	9	Si4	B4	314	314	1	8	500	95	96	.	38.5
461	9	La4	A4	305	305	1	16	250	95	96	.	38.5625
462	9	Si4	B4	314	314	1	16	250	95	96	.	38.625
463	9	La4	A4	305	305	1	8	500	95	96	.	38.75
464	9	Mi5	E5	336	336	1	4	1000	95	96	.	39
465	53			0	0	0	0	0	0	0		39
466	9	Re5	D5	327	327	1	8	500	95	96	.	39.125
467	9	Do5	C5	318	318	1	8	500	95	96	.	39.25
468	9	Si4	B4	314	314	1	8	500	95	96	.	39.375
469	9	La4	A4	305	305	1	8	500	95	96	.	39.5
470	9	Do5	C5	318	318	1	16	250	95	96	.	39.5625
471	9	Si4	B4	314	314	1	16	250	95	96	.	39.625
472	9	La4	A4	305	305	1	16	250	95	96	.	39.6875
473	9	Sol4#4	G4#4	300	300	1	16	250	95	96	.	39.75
474	9	La4	A4	305	305	1	8	500	95	96	.	39.875
475	9			-1	-1	1	8	500	100	0		40
476	53			0	0	0	0	0	0	0		40
477	9	Si4	B4	314	314	1	8	500	99	96	Al	40.125
478	9	Do5	C5	318	318	1	8	500	99	96		40.25
479	9	Do5	C5	318	318	1	16	250	99	96		40.3125
480	9	Re5	D5	327	327	1	16	250	99	96		40.375
481	9	Do5	C5	318	318	1	16	250	99	96		40.4375
482	9	Si4	B4	314	314	1	16	250	95	96		40.5
483	9	La4	A4	305	305	1	4	1000	95	96	dýn 	40.75
484	9	Sol4#4	G4#4	300	300	1	4	1000	95	96	ak	41
485	9	La4	A4	305	305	3	16	750	99	96	lým 	41.1875
486	9	Si4	B4	314	314	1	16	250	99	96		41.25
487	9	Do5	C5	318	318	1	8	500	99	96		41.375
488	9	Re5	D5	327	327	1	8	500	99	96		41.5
489	9	Re5	D5	327	327	1	16	250	99	96		41.5625
490	9	Mi5	E5	336	336	1	8	500	99	96		41.6875
491	9	Re5	D5	327	327	1	16	250	99	96		41.75
492	9	Do5	C5	318	318	1	8	500	95	96		41.875
493	9			-1	-1	1	8	500	100	0		42
494	53			0	0	0	0	0	0	0		42
495	9	Fa5#4	F5#4	344	344	1	8	500	99	96	ey 	42.125
496	9	Sol5	G5	349	349	1	8	500	99	96		42.25
497	9	Sol5	G5	349	349	1	16	250	99	96		42.3125
498	9	La5	A5	358	358	1	16	250	99	96		42.375
499	9	Sol5	G5	349	349	1	16	250	99	96		42.4375
500	9	Fa5	F5	340	340	1	16	250	95	96		42.5
501	54			0	0	0	0	0	0	0	neveser@la4	42.5
502	9	Fa5	F5	340	340	1	16	250	99	96	meh_	42.5625
503	9	Mi5	E5	336	336	1	16	250	99	96		42.625
504	9	Mi5	E5	336	336	1	16	250	99	96		42.6875
505	9	Re5#4	D5#4	331	331	1	16	250	99	96		42.75
506	9	Do5	C5	318	318	1	16	250	99	96	i 	42.8125
507	9	Re5#4	D5#4	331	331	1	16	250	99	96		42.875
508	9	Mi5	E5	336	336	1	16	250	99	96		42.9375
509	9	Fa5	F5	340	340	1	16	250	95	96		43
510	9	Re5#4	D5#4	331	331	1	8	500	99	96	veþ  	43.125
511	9	Mi5	E5	336	336	1	8	500	95	96		43.25
512	9	Mi5	E5	336	336	3	32	375	95	96	SAZ 	43.34375
513	9	Sol5	G5	349	349	1	32	125	95	96	.	43.375
514	9	Fa5	F5	340	340	1	16	250	95	96	.	43.4375
515	9	Mi5	E5	336	336	1	16	250	95	96	.	43.5
516	9	Mi5	E5	336	336	1	4	1000	95	96	.	43.75
517	9			-1	-1	1	4	1000	100	0		44
518	53			0	0	0	0	0	0	0		44
519	55			0	0	0	0	0	0	0		44
520	54			0	0	0	0	0	0	0	hicaz@mi5	44
521	9	Mi5	E5	336	336	3	16	750	99	96	Nâz 	44.1875
522	9	La5	A5	358	358	1	16	250	99	96		44.25
523	9	Sol5#4	G5#4	353	353	1	8	500	99	96		44.375
524	9	La5	A5	358	358	1	8	500	95	96		44.5
525	9	Sol5#4	G5#4	353	353	1	16	250	99	96	et	44.5625
526	9	Fa5	F5	340	340	1	16	250	99	96		44.625
527	9	Fa5	F5	340	340	1	16	250	99	96		44.6875
528	9	Mi5	E5	336	336	1	16	250	95	96		44.75
529	9	Mi5	E5	336	336	1	4	1000	95	96	me 	45
530	53			0	0	0	0	0	0	0		45
531	55			0	0	0	0	0	0	0		45
532	9	Mi5	E5	336	336	1	8	500	99	96	gel 	45.125
533	9	Re5	D5	327	327	1	16	250	99	96		45.1875
534	9	Do5	C5	318	318	1	16	250	99	96		45.25
535	9	Sol5	G5	349	349	1	8	500	99	96		45.375
536	9	Fa5	F5	340	340	1	16	250	99	96		45.4375
537	9	Mi5	E5	336	336	1	16	250	99	96		45.5
538	9	Re5	D5	327	327	1	16	250	99	96		45.5625
539	9	Fa5	F5	340	340	1	16	250	99	96		45.625
540	9	Mi5	E5	336	336	1	16	250	99	96		45.6875
541	9	Re5	D5	327	327	1	16	250	99	96		45.75
542	9	Do5	C5	318	318	1	16	250	99	96		45.8125
543	9	Si4	B4	314	314	1	16	250	99	96		45.875
544	9	Do5	C5	318	318	1	8	500	95	96		46
545	53			0	0	0	0	0	0	0		46
546	9	Si4	B4	314	314	1	8	500	99	96	o	46.125
547	9	Do5	C5	318	318	1	8	500	99	96		46.25
548	9	Do5	C5	318	318	1	16	250	99	96		46.3125
549	9	Re5	D5	327	327	1	16	250	99	96		46.375
550	9	Do5	C5	318	318	1	16	250	99	96		46.4375
551	9	Si4	B4	314	314	1	16	250	95	96		46.5
552	9	Si4	B4	314	314	1	16	250	99	96	la	46.5625
553	9	Do5	C5	318	318	1	16	250	99	96		46.625
554	9	Si4	B4	314	314	1	16	250	99	96		46.6875
555	9	La4	A4	305	305	1	16	250	95	96		46.75
556	9	Do5	C5	318	318	1	16	250	99	96	lým 	46.8125
557	9	Si4	B4	314	314	1	16	250	99	96		46.875
558	9	La4	A4	305	305	1	16	250	99	96		46.9375
559	9	Sol4#4	G4#4	300	300	1	16	250	95	96		47
560	9	La4	A4	305	305	1	4	1000	95	96	eþ  	47.25
561	53			0	0	0	0	0	0	0		47.25
562	9	Sol4#4	G4#4	300	300	1	16	250	95	96	SAZ 	47.3125
563	9	La4	A4	305	305	1	16	250	95	96	.	47.375
564	9	Si4	B4	314	314	1	16	250	95	96	.	47.4375
565	9	Sol4#4	G4#4	300	300	1	16	250	95	96	.	47.5
566	9	La4	A4	305	305	3	16	750	95	96	.	47.6875
567	54			0	0	0	0	0	0	0	hicazkar@la4	47.6875
568	9	Si5	B5	367	367	1	16	250	95	96	.	47.75
569	9	La5	A5	358	358	1	16	250	95	96	.	47.8125
570	9	Sol5#4	G5#4	353	353	1	16	250	95	96	.	47.875
571	9	La5	A5	358	358	1	8	500	95	96	.	48
572	53			0	0	0	0	0	0	0		48
573	9	Sol5#4	G5#4	353	353	1	8	500	99	96	E	48.125
574	9	La5	A5	358	358	1	8	500	99	96		48.25
575	9	La5	A5	358	358	1	16	250	99	96		48.3125
576	9	Sol5#4	G5#4	353	353	1	16	250	99	96		48.375
577	9	Fa5	F5	340	340	1	16	250	99	96		48.4375
578	9	Mi5	E5	336	336	1	16	250	95	96		48.5
579	9	Re5	D5	327	327	1	16	250	99	96	le 	48.5625
580	9	Mi5	E5	336	336	1	16	250	99	96		48.625
581	9	Fa5	F5	340	340	1	16	250	99	96		48.6875
582	9	Sol5#4	G5#4	353	353	1	16	250	95	96		48.75
583	9	La5	A5	358	358	1	8	500	95	96	gel	48.875
584	9			-1	-1	1	8	500	100	0		49
585	53			0	0	0	0	0	0	0		49
586	9	Si5	B5	367	367	1	8	500	99	96	mez 	49.125
587	9	La5	A5	358	358	1	16	250	99	96		49.1875
588	9	Sol5#4	G5#4	353	353	1	16	250	99	96		49.25
589	9	La5	A5	358	358	1	8	500	99	96		49.375
590	9	Sol5#4	G5#4	353	353	1	16	250	99	96		49.4375
591	9	Fa5	F5	340	340	1	16	250	99	96		49.5
592	9	Sol5#4	G5#4	353	353	1	8	500	99	96		49.625
593	9	Fa5	F5	340	340	1	16	250	99	96		49.6875
594	9	Mi5	E5	336	336	1	16	250	99	96		49.75
595	9	Mi5	E5	336	336	1	4	1000	95	96		50
596	53			0	0	0	0	0	0	0		50
597	55			0	0	0	0	0	0	0		50
598	9	Fa5#4	F5#4	344	344	1	8	500	99	96	böy	50.125
599	9	Sol5	G5	349	349	1	8	500	99	96		50.25
600	9	Sol5	G5	349	349	1	16	250	99	96		50.3125
601	9	La5	A5	358	358	1	16	250	99	96		50.375
602	9	Sol5	G5	349	349	1	16	250	99	96		50.4375
603	9	Fa5#4	F5#4	344	344	1	16	250	95	96		50.5
604	54			0	0	0	0	0	0	0	neveser@la4	50.5
605	9	Fa5#4	F5#4	344	344	1	16	250	99	96	le 	50.5625
606	9	Mi5	E5	336	336	1	16	250	99	96		50.625
607	9	Mi5	E5	336	336	1	16	250	99	96		50.6875
608	9	Re5#4	D5#4	331	331	1	16	250	95	96		50.75
609	9	Do5	C5	318	318	1	16	250	99	96	dü	50.8125
610	9	Re5#4	D5#4	331	331	1	16	250	99	96		50.875
611	9	Mi5	E5	336	336	1	16	250	99	96		50.9375
612	9	Fa5	F5	340	340	1	16	250	95	96		51
613	9	Re5#4	D5#4	331	331	1	8	500	99	96	þeþ  	51.125
614	9	Mi5	E5	336	336	1	8	500	95	96	SAZ 	51.25
615	9	Mi5	E5	336	336	1	16	250	95	96	.	51.3125
616	9	Sol5#4	G5#4	353	353	1	16	250	95	96	.	51.375
617	9	Fa5	F5	340	340	1	16	250	95	96	.	51.4375
618	9	Mi5	E5	336	336	1	16	250	95	96	.	51.5
619	9	Mi5	E5	336	336	1	4	1000	95	96	.	51.75
620	9			-1	-1	1	4	1000	100	0		52
621	53			0	0	0	0	0	0	0		52
622	55			0	0	0	0	0	0	0		52
623	54			0	0	0	0	0	0	0	hicaz@mi5	52
624	9	Mi5	E5	336	336	3	16	750	99	96	Nâz 	52.1875
625	9	La5	A5	358	358	1	16	250	99	96		52.25
626	9	Sol5#4	G5#4	353	353	1	8	500	99	96		52.375
627	9	La5	A5	358	358	1	8	500	95	96		52.5
628	9	Sol5#4	G5#4	353	353	1	16	250	99	96	et	52.5625
629	9	Fa5	F5	340	340	1	16	250	99	96		52.625
630	9	Fa5	F5	340	340	1	16	250	99	96		52.6875
631	9	Mi5	E5	336	336	1	16	250	95	96		52.75
632	9	Mi5	E5	336	336	1	4	1000	95	96	me 	53
633	53			0	0	0	0	0	0	0		53
634	55			0	0	0	0	0	0	0		53
635	9	Mi5	E5	336	336	1	8	500	99	96	gel 	53.125
636	9	Re5	D5	327	327	1	16	250	99	96		53.1875
637	9	Do5	C5	318	318	1	16	250	99	96		53.25
638	9	Sol5	G5	349	349	1	8	500	99	96		53.375
639	9	Fa5	F5	340	340	1	16	250	99	96		53.4375
640	9	Mi5	E5	336	336	1	16	250	99	96		53.5
641	9	Re5	D5	327	327	1	16	250	99	96		53.5625
642	9	Fa5	F5	340	340	1	16	250	99	96		53.625
643	9	Mi5	E5	336	336	1	16	250	99	96		53.6875
644	9	Re5	D5	327	327	1	16	250	99	96		53.75
645	9	Do5	C5	318	318	1	16	250	99	96		53.8125
646	9	Si4	B4	314	314	1	16	250	99	96		53.875
647	9	Do5	C5	318	318	1	8	500	95	96		54
648	53			0	0	0	0	0	0	0		54
649	9	Si4	B4	314	314	1	8	500	99	96	o	54.125
650	9	Do5	C5	318	318	1	8	500	99	96		54.25
651	9	Do5	C5	318	318	1	16	250	99	96		54.3125
652	9	Re5	D5	327	327	1	16	250	99	96		54.375
653	9	Do5	C5	318	318	1	16	250	99	96		54.4375
654	9	Si4	B4	314	314	1	16	250	95	96		54.5
655	9	Si4	B4	314	314	1	16	250	99	96	la	54.5625
656	9	Do5	C5	318	318	1	16	250	99	96		54.625
657	9	Si4	B4	314	314	1	16	250	99	96		54.6875
658	9	La4	A4	305	305	1	16	250	95	96		54.75
659	9	Do5	C5	318	318	1	16	250	99	96	lým 	54.8125
660	9	Si4	B4	314	314	1	16	250	99	96		54.875
661	9	La4	A4	305	305	1	16	250	99	96		54.9375
662	9	Sol4#4	G4#4	300	300	1	16	250	95	96		55
663	9	La4	A4	305	305	1	4	1000	95	96	eþ  	55.25
664	53			0	0	0	0	0	0	0		55.25
665	9	Sol4#4	G4#4	300	300	1	16	250	95	96	SAZ 	55.3125
666	9	La4	A4	305	305	1	16	250	95	96	.	55.375
667	9	Si4	B4	314	314	1	16	250	95	96	.	55.4375
668	9	Sol4#4	G4#4	300	300	1	16	250	95	96	.	55.5
669	9	La4	A4	305	305	3	16	750	95	96	.	55.6875
670	9	Mi5	E5	336	336	1	16	250	95	96	.	55.75
671	9	Re5#4	D5#4	331	331	1	8	500	95	96	.	55.875
672	9	Mi5	E5	336	336	1	8	500	95	96	.	56
673	53			0	0	0	0	0	0	0		56
674	9	Re5#4	D5#4	331	331	3	16	750	99	96	Kýl 	56.1875
675	9	Mi5	E5	336	336	1	16	250	99	96		56.25
676	9	Mi5	E5	336	336	3	16	750	99	96		56.4375
677	9	Re5	D5	327	327	1	16	250	95	96		56.5
678	9	Do5	C5	318	318	3	16	750	99	96	mü	56.6875
679	9	Si4	B4	314	314	1	16	250	95	96		56.75
680	9	La4	A4	305	305	1	4	1000	95	96	rüv	57
681	53			0	0	0	0	0	0	0		57
682	9	Mi5	E5	336	336	1	8	500	99	96	vet 	57.125
683	9	Fa5	F5	340	340	1	4	1000	99	96		57.375
684	9	Mi5	E5	336	336	1	16	250	99	96		57.4375
685	9	Fa5	F5	340	340	1	16	250	99	96		57.5
686	9	Sol5	G5	349	349	1	16	250	99	96		57.5625
687	9	La5	A5	358	358	1	16	250	99	96		57.625
688	9	Sol5	G5	349	349	1	16	250	99	96		57.6875
689	9	Fa5	F5	340	340	1	16	250	99	96		57.75
690	9	Mi5	E5	336	336	1	4	1000	95	96		58
691	53			0	0	0	0	0	0	0		58
692	9	Mi5	E5	336	336	1	16	250	99	96	ol	58.0625
693	9	Fa5	F5	340	340	1	16	250	99	96		58.125
694	9	Sol5	G5	349	349	1	16	250	99	96		58.1875
695	9	Mi5	E5	336	336	1	16	250	99	96		58.25
696	9	Fa5	F5	340	340	1	16	250	99	96		58.3125
697	9	Re5	D5	327	327	1	16	250	99	96		58.375
698	9	Mi5	E5	336	336	1	16	250	99	96		58.4375
699	9	Do5	C5	318	318	1	16	250	95	96		58.5
700	9	Re5	D5	327	327	1	16	250	99	96	ma 	58.5625
701	9	Do5	C5	318	318	1	16	250	99	96		58.625
702	9	Si4	B4	314	314	1	16	250	99	96		58.6875
703	9	La4	A4	305	305	1	16	250	95	96		58.75
704	9	Do5	C5	318	318	1	16	250	99	96	ser	58.8125
705	9	Si4	B4	314	314	1	16	250	99	96		58.875
706	9	La4	A4	305	305	1	16	250	99	96		58.9375
707	9	Sol4#4	G4#4	300	300	1	16	250	95	96		59
708	9	La4	A4	305	305	1	4	1000	95	96	keþ  	59.25
709	53			0	0	0	0	0	0	0		59.25
710	9	Sol4#4	G4#4	300	300	1	16	250	95	96	SAZ 	59.3125
711	9	La4	A4	305	305	1	16	250	95	96	.	59.375
712	9	Si4	B4	314	314	1	16	250	95	96	.	59.4375
713	9	Sol4#4	G4#4	300	300	1	16	250	95	96	.	59.5
714	9	La4	A4	305	305	1	4	1000	95	96	.	59.75
715	9			-1	-1	1	4	1000	100	0		60
716	53			0	0	0	0	0	0	0		60
