Sıra	Kod	Nota53	NotaAE	Koma53	KomaAE	Pay	Payda	Ms	LNS	Bas	Soz1	Offset
1	9	Mi5	E5	336	336	1	8	312	99	96	Gül	4.166667E-02
2	9	Re5	D5	327	327	1	8	312	99	96		8.333334E-02
3	9	Do5#4	C5#4	322	322	1	8	312	99	96		0.125
4	9	Re5	D5	327	327	1	8	312	95	96		0.1666667
5	9	Mi5	E5	336	336	1	8	312	99	96	ler 	0.2083333
6	9	Fa5	F5	340	340	1	8	312	99	96		0.25
7	9	Mi5	E5	336	336	1	8	312	99	96		0.2916667
8	9	Re5	D5	327	327	1	8	312	99	96		0.3333333
9	9	Sol5	G5	349	349	1	8	312	99	96		0.375
10	9	Fa5	F5	340	340	1	8	312	99	96		0.4166667
11	9	Mi5	E5	336	336	1	8	312	99	96		0.4583333
12	9	Re5	D5	327	327	1	8	312	95	96		0.5
13	9	Do5#4	C5#4	322	322	1	8	312	99	96	kı	0.5416667
14	9	Si4b4	B4b4	310	310	1	8	312	95	96		0.5833333
15	9	La4	A4	305	305	1	8	312	99	96	za	0.625
16	9	Si4b4	B4b4	310	310	1	8	312	95	96		0.6666667
17	9	Do5#4	C5#4	322	322	3	8	938	99	96	rır 	0.7916667
18	9	Re5	D5	327	327	1	8	312	99	96		0.8333333
19	9	Do5#4	C5#4	322	322	1	8	312	99	96		0.875
20	9	Si4b4	B4b4	310	310	1	8	312	99	96		0.9166667
21	9	La4	A4	305	305	1	4	625	95	96		1
22	53			0	0	0	0	0	0	0		1
23	9			-1	-1	1	4	625	100	0		1.083333
24	9	La4	A4	305	305	1	8	312	99	96	şerm_	1.125
25	9	Si4b4	B4b4	310	310	1	8	312	99	96		1.166667
26	9	La4	A4	305	305	1	4	625	99	96		1.25
27	9	Sol4#4	G4#4	300	300	1	4	625	99	96		1.333333
28	9	La4	A4	305	305	1	2	1250	95	96		1.5
29	9	La4	A4	305	305	1	4	625	95	96	i	1.583333
30	9	Re4	D4	274	274	1	4	625	95	96	le 	1.666667
31	9	La4	A4	305	305	3	8	938	99	96	ol 	1.791667
32	9	Si4b4	B4b4	310	310	1	8	312	99	96		1.833333
33	9	La4	A4	305	305	1	4	625	99	96		1.916667
34	9	Si4b4	B4b4	310	310	1	4	625	95	96		2
35	53			0	0	0	0	0	0	0		2
36	9			-1	-1	1	4	625	100	0		2.083333
37	9	La4	A4	305	305	1	8	312	99	96	gon	2.125
38	9	Si4b4	B4b4	310	310	1	8	312	99	96		2.166667
39	9	La4	A4	305	305	1	4	625	99	96		2.25
40	9	Si4b4	B4b4	310	310	1	4	625	99	96		2.333333
41	9	Re5	D5	327	327	1	2	1250	95	96		2.5
42	9	Mi5	E5	336	336	1	8	312	99	96	ca 	2.541667
43	9	Re5	D5	327	327	1	8	312	95	96		2.583333
44	9	Do5#4	C5#4	322	322	1	8	312	99	96	gü	2.625
45	9	Re5	D5	327	327	1	8	312	95	96		2.666667
46	9	Mi5	E5	336	336	1	8	312	99	96	lün	2.708333
47	9	Fa5	F5	340	340	1	8	312	99	96		2.75
48	9	Mi5	E5	336	336	1	8	312	99	96		2.791667
49	9	Re5	D5	327	327	1	8	312	99	96		2.833333
50	9	Mi5	E5	336	336	1	8	312	99	96		2.875
51	9	Sol5	G5	349	349	1	8	312	99	96		2.916667
52	9	Fa5	F5	340	340	1	8	312	99	96		2.958333
53	9	Mi5	E5	336	336	1	8	312	95	96		3
54	9	Mi5	E5	336	336	3	16	469	99	96	ce  	3.0625
55	9	Re5	D5	327	327	1	16	156	99	96		3.083333
56	9	Do5#4	C5#4	322	322	1	8	312	99	96		3.125
57	9	Re5	D5	327	327	1	8	312	99	96		3.166667
58	9	Do5#4	C5#4	322	322	1	8	312	99	96		3.208333
59	9	Re5	D5	327	327	1	8	312	99	96		3.25
60	9	Mi5	E5	336	336	1	8	312	95	96		3.291667
61	9	Re5	D5	327	327	9	8	2812	99	96		3.666667
62	9	Re5	D5	327	327	1	4	625	95	96		3.75
63	53			0	0	0	0	0	0	0		3.75
64	9			-1	-1	1	4	625	100	0		3.833333
65	9	Re5	D5	327	327	1	2	1250	95	96	Ah 	4
66	9	Mi5	E5	336	336	1	8	312	99	96	Gül	4.041667
67	9	Re5	D5	327	327	1	8	312	99	96		4.083333
68	9	Do5#4	C5#4	322	322	1	8	312	99	96		4.125
69	9	Re5	D5	327	327	1	8	312	95	96		4.166667
70	9	Mi5	E5	336	336	1	8	312	99	96	ler 	4.208333
71	9	Fa5	F5	340	340	1	8	312	99	96		4.25
72	9	Mi5	E5	336	336	1	8	312	99	96		4.291667
73	9	Re5	D5	327	327	1	8	312	99	96		4.333333
74	9	Sol5	G5	349	349	1	8	312	99	96		4.375
75	9	Fa5	F5	340	340	1	8	312	99	96		4.416667
76	9	Mi5	E5	336	336	1	8	312	99	96		4.458333
77	9	Re5	D5	327	327	1	8	312	95	96		4.5
78	9	Do5#4	C5#4	322	322	1	8	312	99	96	kı	4.541667
79	9	Si4b4	B4b4	310	310	1	8	312	95	96		4.583333
80	9	La4	A4	305	305	1	8	312	99	96	za	4.625
81	9	Si4b4	B4b4	310	310	1	8	312	95	96		4.666667
82	9	Do5#4	C5#4	322	322	3	8	938	99	96	rır 	4.791667
83	9	Re5	D5	327	327	1	8	312	99	96		4.833333
84	9	Do5#4	C5#4	322	322	1	8	312	99	96		4.875
85	9	Si4b4	B4b4	310	310	1	8	312	99	96		4.916667
86	9	La4	A4	305	305	1	4	625	95	96		5
87	53			0	0	0	0	0	0	0		5
88	9			-1	-1	1	4	625	100	0		5.083333
89	9	La4	A4	305	305	1	8	312	99	96	şerm_	5.125
90	9	Si4b4	B4b4	310	310	1	8	312	99	96		5.166667
91	9	La4	A4	305	305	1	4	625	99	96		5.25
92	9	Sol4#4	G4#4	300	300	1	4	625	99	96		5.333333
93	9	La4	A4	305	305	1	2	1250	95	96		5.5
94	9	La4	A4	305	305	1	4	625	95	96	i	5.583333
95	9	Re4	D4	274	274	1	4	625	95	96	le 	5.666667
96	9	La4	A4	305	305	3	8	938	99	96	ol 	5.791667
97	9	Si4b4	B4b4	310	310	1	8	312	99	96		5.833333
98	9	La4	A4	305	305	1	4	625	99	96		5.916667
99	9	Si4b4	B4b4	310	310	1	4	625	95	96		6
100	53			0	0	0	0	0	0	0		6
101	9			-1	-1	1	4	625	100	0		6.083333
102	9	La4	A4	305	305	1	8	312	99	96	gon	6.125
103	9	Si4b4	B4b4	310	310	1	8	312	99	96		6.166667
104	9	La4	A4	305	305	1	4	625	99	96		6.25
105	9	Si4b4	B4b4	310	310	1	4	625	99	96		6.333333
106	9	Re5	D5	327	327	1	2	1250	95	96		6.5
107	9	Mi5	E5	336	336	1	8	312	99	96	ca 	6.541667
108	9	Re5	D5	327	327	1	8	312	95	96		6.583333
109	9	Do5#4	C5#4	322	322	1	8	312	99	96	gü	6.625
110	9	Re5	D5	327	327	1	8	312	95	96		6.666667
111	9	Mi5	E5	336	336	1	8	312	99	96	lün	6.708333
112	9	Fa5	F5	340	340	1	8	312	99	96		6.75
113	9	Mi5	E5	336	336	1	8	312	99	96		6.791667
114	9	Re5	D5	327	327	1	8	312	99	96		6.833333
115	9	Mi5	E5	336	336	1	8	312	99	96		6.875
116	9	Sol5	G5	349	349	1	8	312	99	96		6.916667
117	9	Fa5	F5	340	340	1	8	312	99	96		6.958333
118	9	Mi5	E5	336	336	1	8	312	95	96		7
119	9	Mi5	E5	336	336	3	16	469	99	96	ce  	7.0625
120	9	Re5	D5	327	327	1	16	156	99	96		7.083333
121	9	Do5#4	C5#4	322	322	1	8	312	99	96		7.125
122	9	Re5	D5	327	327	1	8	312	99	96		7.166667
123	9	Do5#4	C5#4	322	322	1	8	312	99	96		7.208333
124	9	Re5	D5	327	327	1	8	312	99	96		7.25
125	9	Mi5	E5	336	336	1	8	312	95	96		7.291667
126	9	Re5	D5	327	327	9	8	2812	99	96		7.666667
127	9	Re5	D5	327	327	1	4	625	95	96		7.75
128	53			0	0	0	0	0	0	0		7.75
129	9			-1	-1	1	4	625	100	0		7.833333
130	9	Re5	D5	327	327	1	2	1250	95	96	Ah 	8
131	51			0	0	6	4	0	90	0	Yürüksemâî (6/4)	8
132	9	Mi5	E5	336	336	1	4	500	99	96	Gel 	8.166667
133	9	Fa5	F5	340	340	1	4	500	99	96		8.333333
134	9	Mi5	E5	336	336	1	4	500	99	96		8.5
135	9	Re5	D5	327	327	1	4	500	99	96		8.666667
136	9	Do5#4	C5#4	322	322	1	2	1000	95	96		9
137	9	Do5#4	C5#4	322	322	1	4	500	99	96	gel 	9.166667
138	9	Re5	D5	327	327	1	4	500	99	96		9.333333
139	9	Do5#4	C5#4	322	322	1	4	500	99	96		9.5
140	9	Si4b4	B4b4	310	310	1	4	500	99	96		9.666667
141	9	La4	A4	305	305	1	2	1000	95	96		10
142	53			0	0	0	0	0	0	0		10
143	9	La4	A4	305	305	1	8	250	99	96	in	10.08333
144	9	Sol4	G4	296	296	1	8	250	99	96		10.16667
145	9	Fa4#4	F4#4	291	291	1	8	250	99	96		10.25
146	9	Sol4	G4	296	296	1	8	250	95	96		10.33333
147	9	La4	A4	305	305	1	4	500	95	96	ce 	10.5
148	9	Si4b4	B4b4	310	310	1	4	500	95	96	mi	10.66667
149	9	Re5	D5	327	327	1	8	250	99	96	yan 	10.75
150	9	Do5#4	C5#4	322	322	1	8	250	99	96		10.83333
151	9	Si4b4	B4b4	310	310	1	8	250	99	96		10.91667
152	9	Do5#4	C5#4	322	322	1	8	250	95	96		11
153	9	Re5	D5	327	327	3	4	1500	99	96	gel  	11.5
154	9	Re5	D5	327	327	1	2	1000	95	96		11.83333
155	9			-1	-1	1	4	500	100	0		12
156	53			0	0	0	0	0	0	0		12
157	9	Mi5	E5	336	336	1	4	500	99	96	Gel 	12.16667
158	9	Fa5	F5	340	340	1	4	500	99	96		12.33333
159	9	Mi5	E5	336	336	1	4	500	99	96		12.5
160	9	Re5	D5	327	327	1	4	500	99	96		12.66667
161	9	Do5#4	C5#4	322	322	1	2	1000	95	96		13
162	9	Do5#4	C5#4	322	322	1	4	500	99	96	gel 	13.16667
163	9	Re5	D5	327	327	1	4	500	99	96		13.33333
164	9	Do5#4	C5#4	322	322	1	4	500	99	96		13.5
165	9	Si4b4	B4b4	310	310	1	4	500	99	96		13.66667
166	9	La4	A4	305	305	1	2	1000	95	96		14
167	53			0	0	0	0	0	0	0		14
168	9	La4	A4	305	305	1	8	250	99	96	in	14.08333
169	9	Sol4	G4	296	296	1	8	250	99	96		14.16667
170	9	Fa4#4	F4#4	291	291	1	8	250	99	96		14.25
171	9	Sol4	G4	296	296	1	8	250	95	96		14.33333
172	9	La4	A4	305	305	1	4	500	95	96	ce 	14.5
173	9	Si4b4	B4b4	310	310	1	4	500	95	96	mi	14.66667
174	9	Re5	D5	327	327	1	8	250	99	96	yan 	14.75
175	9	Do5#4	C5#4	322	322	1	8	250	99	96		14.83333
176	9	Si4b4	B4b4	310	310	1	8	250	99	96		14.91667
177	9	Do5#4	C5#4	322	322	1	8	250	95	96		15
178	9	Re5	D5	327	327	3	4	1500	99	96	gel  	15.5
179	9	Re5	D5	327	327	1	2	1000	95	96		15.83333
180	9			-1	-1	1	4	500	100	0		16
181	53			0	0	0	0	0	0	0		16
182	9	Sol4	G4	296	296	1	4	500	95	96	Ah 	16.16667
183	9	La4	A4	305	305	3	4	1500	99	96		16.66667
184	9	La4	A4	305	305	1	2	1000	95	96		17
185	53			0	0	0	0	0	0	0		17
186	54			0	0	0	0	0	0	0	yegah@re4	17
187	9	Do5	C5	318	318	1	1	2000	99	96	ah 	17.66667
188	9	Do5	C5	318	318	1	2	1000	95	96		18
189	9	Si4	B4	314	314	1	8	250	99	96	ah 	18.08333
190	9	La4	A4	305	305	1	8	250	99	96		18.16667
191	9	La4	A4	305	305	1	8	250	99	96		18.25
192	9	Sol4	G4	296	296	1	8	250	99	96		18.33333
193	9	Sol4	G4	296	296	1	8	250	99	96		18.41667
194	9	Fa4#4	F4#4	291	291	1	8	250	99	96		18.5
195	9	Fa4#4	F4#4	291	291	1	8	250	99	96		18.58333
196	9	Mi4	E4	283	283	1	8	250	95	96		18.66667
197	9	Re4	D4	274	274	1	2	1000	99	96		19
198	9	Re4	D4	274	274	1	8	250	95	96		19.08333
199	55			0	0	0	0	0	0	0		19.08333
200	9			-1	-1	1	8	250	100	0		19.16667
201	53			0	0	0	0	0	0	0		19.16667
202	54			0	0	0	0	0	0	0	ussak@la4	19.16667
203	9	Re4	D4	274	274	1	4	500	95	96	Her 	19.33333
204	9	Fa4#4	F4#4	291	291	1	4	500	95	96	ne 	19.5
205	9	Sol4	G4	296	296	1	4	500	95	96	ka	19.66667
206	9	La4	A4	305	305	1	2	1000	99	96	dar 	20
207	9	La4	A4	305	305	1	8	250	95	96		20.08333
208	9			-1	-1	1	8	250	100	0		20.16667
209	53			0	0	0	0	0	0	0		20.16667
210	55			0	0	0	0	0	0	0		20.16667
211	9	La4	A4	305	305	1	8	250	99	96	sev	20.25
212	9	Si4b4	B4b4	310	310	1	8	250	95	96		20.33333
213	9	Re5	D5	327	327	1	8	250	99	96	me	20.41667
214	9	Do5#4	C5#4	322	322	1	8	250	95	96		20.5
215	9	Si4b4	B4b4	310	310	1	8	250	99	96	i	20.58333
216	9	La4	A4	305	305	1	8	250	95	96		20.66667
217	9	Sol4	G4	296	296	1	8	250	99	96	sen 	20.75
218	9	Fa4#4	F4#4	291	291	1	8	250	95	96		20.83333
219	9	Sol4	G4	296	296	1	4	500	99	96		21
220	9	Sol4	G4	296	296	1	8	250	95	96		21.08333
221	9			-1	-1	1	8	250	100	0		21.16667
222	53			0	0	0	0	0	0	0		21.16667
223	9	Fa4#4	F4#4	291	291	1	4	500	95	96	ben 	21.33333
224	9	Sol4	G4	296	296	1	4	500	95	96	se	21.5
225	9	La4	A4	305	305	1	4	500	95	96	ni 	21.66667
226	9	Si4b4	B4b4	310	310	1	2	1000	99	96	can	22
227	9	La4	A4	305	305	1	8	250	95	96		22.08333
228	9			-1	-1	1	8	250	100	0		22.16667
229	53			0	0	0	0	0	0	0		22.16667
230	9	Mi5	E5	336	336	1	8	250	99	96	dan 	22.25
231	9	Re5	D5	327	327	1	8	250	99	96		22.33333
232	9	Re5	D5	327	327	1	8	250	99	96		22.41667
233	9	Do5#4	C5#4	322	322	1	8	250	95	96		22.5
234	9	Do5#4	C5#4	322	322	1	8	250	99	96	se	22.58333
235	9	Si4b4	B4b4	310	310	1	8	250	95	96		22.66667
236	9	Si4b4	B4b4	310	310	1	8	250	99	96	ve	22.75
237	9	La4	A4	305	305	1	8	250	99	96		22.83333
238	9	Si4b4	B4b4	310	310	1	8	250	99	96		22.91667
239	9	La4	A4	305	305	1	8	250	95	96		23
240	9	La4	A4	305	305	1	1	2000	99	96	rim  	23.66667
241	9	La4	A4	305	305	1	4	500	95	96		23.83333
242	9			-1	-1	1	4	500	100	0		24
243	53			0	0	0	0	0	0	0		24
244	9	Mi5	E5	336	336	1	8	250	99	96	Öm	24.08333
245	9	Re5	D5	327	327	1	8	250	99	96		24.16667
246	9	Do5#4	C5#4	322	322	1	8	250	99	96		24.25
247	9	Re5	D5	327	327	1	8	250	95	96		24.33333
248	9	Mi5	E5	336	336	1	2	1000	95	96	rüm 	24.66667
249	9	Sol5	G5	349	349	1	8	250	99	96	ca	24.75
250	9	Fa5	F5	340	340	1	8	250	99	96		24.83333
251	9	Mi5	E5	336	336	1	8	250	99	96		24.91667
252	9	Re5	D5	327	327	1	8	250	95	96		25
253	9	Do5#4	C5#4	322	322	1	4	500	99	96	nım 	25.16667
254	9	Si4b4	B4b4	310	310	1	8	250	99	96		25.25
255	9	La4	A4	305	305	1	8	250	95	96		25.33333
256	9	La4	A4	305	305	1	2	1000	95	96	mi	25.66667
257	9	Mi5	E5	336	336	1	8	250	99	96	rim 	25.75
258	9	Re5	D5	327	327	1	8	250	99	96		25.83333
259	9	Do5#4	C5#4	322	322	1	8	250	99	96		25.91667
260	9	Re5	D5	327	327	1	8	250	95	96		26
261	9	Mi5	E5	336	336	1	1	2000	99	96	gel  	26.66667
262	9	Mi5	E5	336	336	1	4	500	95	96		26.83333
263	9			-1	-1	1	4	500	100	0		27
264	53			0	0	0	0	0	0	0		27
265	9	Mi5	E5	336	336	1	8	250	99	96	Öm	27.08333
266	9	Re5	D5	327	327	1	8	250	99	96		27.16667
267	9	Do5#4	C5#4	322	322	1	8	250	99	96		27.25
268	9	Re5	D5	327	327	1	8	250	95	96		27.33333
269	9	Mi5	E5	336	336	1	2	1000	95	96	rüm 	27.66667
270	9	Sol5	G5	349	349	1	8	250	99	96	ca	27.75
271	9	Fa5	F5	340	340	1	8	250	99	96		27.83333
272	9	Mi5	E5	336	336	1	8	250	99	96		27.91667
273	9	Re5	D5	327	327	1	8	250	95	96		28
274	9	Do5#4	C5#4	322	322	1	4	500	99	96	nım 	28.16667
275	9	Si4b4	B4b4	310	310	1	8	250	99	96		28.25
276	9	La4	A4	305	305	1	8	250	95	96		28.33333
277	9	La4	A4	305	305	1	2	1000	95	96	sul	28.66667
278	9	Sol5	G5	349	349	3	16	375	99	96	ta	28.79167
279	9	Fa5#4	F5#4	344	344	1	16	125	95	96		28.83333
280	9	Mi5	E5	336	336	1	8	250	99	96	nım 	28.91667
281	9	Sol5	G5	349	349	1	8	250	95	96		29
282	9	Fa5#4	F5#4	344	344	1	1	2000	99	96	gel  	29.66667
283	9	Fa5#4	F5#4	344	344	1	4	500	95	96		29.83333
284	9			-1	-1	1	4	500	100	0		30
285	53			0	0	0	0	0	0	0		30
286	9	Sol5	G5	349	349	1	2	1000	95	96	Ah 	30.33333
287	9	Fa5	F5	340	340	1	4	500	95	96	â	30.5
288	9	Mi5	E5	336	336	1	4	500	95	96	şı	30.66667
289	9	Re5	D5	327	327	1	2	1000	95	96	kı	31
290	53			0	0	0	0	0	0	0		31
291	9	Mi5	E5	336	336	1	4	500	99	96	nam 	31.16667
292	9	Fa5	F5	340	340	1	4	500	95	96		31.33333
293	9	Mi5	E5	336	336	1	4	500	95	96	sâ	31.5
294	9	Re5	D5	327	327	1	4	500	95	96	dı	31.66667
295	9	Do5#4	C5#4	322	322	1	2	1000	95	96	kı	32
296	53			0	0	0	0	0	0	0		32
297	9	Do5#4	C5#4	322	322	1	4	500	99	96	nam 	32.16667
298	9	Re5	D5	327	327	1	4	500	95	96		32.33333
299	9	Do5#4	C5#4	322	322	1	4	500	95	96	ben	32.5
300	9	Si4b4	B4b4	310	310	1	4	500	95	96	de	32.66667
301	9	La4	A4	305	305	1	2	1000	95	96	li	33
302	53			0	0	0	0	0	0	0		33
303	9	La4	A4	305	305	1	4	500	99	96	ğe 	33.16667
304	9	Si4b4	B4b4	310	310	1	4	500	95	96		33.33333
305	9	La4	A4	305	305	1	4	500	95	96	lâ	33.5
306	9	Sol4	G4	296	296	1	4	500	95	96	yı	33.66667
307	9	Fa4#4	F4#4	291	291	1	2	1000	95	96	kı	34
308	53			0	0	0	0	0	0	0		34
309	9	Sol4	G4	296	296	1	4	500	99	96	nam 	34.16667
310	9	Fa4#4	F4#4	291	291	1	4	500	99	96		34.33333
311	9	Sol4	G4	296	296	1	4	500	99	96		34.5
312	9	La4	A4	305	305	1	4	500	99	96		34.66667
313	9	Sol4	G4	296	296	1	4	500	99	96		34.83333
314	9	La4	A4	305	305	1	4	500	99	96		35
315	9	Si4b4	B4b4	310	310	1	4	500	99	96		35.16667
316	9	La4	A4	305	305	1	4	500	99	96		35.33333
317	9	Si4b4	B4b4	310	310	1	4	500	99	96		35.5
318	9	Do5#4	C5#4	322	322	1	4	500	99	96		35.66667
319	9	Si4b4	B4b4	310	310	1	4	500	99	96		35.83333
320	9	Do5#4	C5#4	322	322	1	4	500	99	96		36
321	9	Re5	D5	327	327	1	4	500	99	96		36.16667
322	9	Do5#4	C5#4	322	322	1	4	500	99	96		36.33333
323	9	Re5	D5	327	327	1	4	500	99	96		36.5
324	9	Sol5	G5	349	349	1	4	500	99	96		36.66667
325	9	Sol5	G5	349	349	1	4	500	99	96		36.83333
326	9	Fa5	F5	340	340	1	8	250	99	96		36.91667
327	9	Mi5	E5	336	336	1	8	250	95	96		37
328	9	Re5	D5	327	327	1	8	250	99	96	â	37.08333
329	9	Do5#4	C5#4	322	322	1	8	250	99	96		37.16667
330	9	Si4b4	B4b4	310	310	1	4	500	95	96		37.33333
331	9	Si4b4	B4b4	310	310	1	8	250	99	96	fet_	37.41667
332	9	La4	A4	305	305	1	8	250	95	96		37.5
333	9	Sol4	G4	296	296	1	4	500	95	96	i 	37.66667
334	9	Si4b4	B4b4	310	310	1	8	250	99	96	dev	37.75
335	9	La4	A4	305	305	1	8	250	99	96		37.83333
336	9	Si4b4	B4b4	310	310	1	8	250	99	96		37.91667
337	9	La4	A4	305	305	1	8	250	95	96		38
338	9	La4	A4	305	305	1	2	1000	99	96	rân  	38.33333
339	9	La4	A4	305	305	1	4	500	95	96		38.5
340	9			-1	-1	1	4	500	100	0		38.66667
341	53			0	0	0	0	0	0	0		38.66667
342	54			0	0	0	0	0	0	0	sehnaz@la4	38.66667
343	9	La5	A5	358	358	1	2	1000	99	96	Ah 	39
344	51			0	0	6	2	0	12	0	Ağırsenginsemâî	39
345	9	Re5	D5	327	327	1	2	2500	95	96	An	39.16667
346	9	La5	A5	358	358	1	2	2500	99	96	ka 	39.33333
347	9	La5	A5	358	358	1	2	2500	95	96		39.5
348	9	Re6	D6	380	380	1	4	1250	95	96	da	39.58333
349	9	Do6	C6	371	371	1	8	625	99	96	hi 	39.625
350	9	Si5	B5	367	367	1	8	625	95	96		39.66667
351	9	Si5	B5	367	367	1	8	625	99	96	o	39.70833
352	9	La5	A5	358	358	1	8	625	99	96		39.75
353	9	La5	A5	358	358	1	8	625	99	96		39.79167
354	9	Sol5#4	G5#4	353	353	1	8	625	99	96		39.83333
355	9	La5	A5	358	358	1	2	2500	95	96		40
356	53			0	0	0	0	0	0	0		40
357	9	Sol5	G5	349	349	1	8	625	99	96	lur	40.04167
358	9	La5	A5	358	358	1	8	625	99	96		40.08333
359	9	Sol5	G5	349	349	1	8	625	99	96		40.125
360	9	La5	A5	358	358	1	8	625	99	96		40.16667
361	9	Sol5	G5	349	349	1	8	625	99	96		40.20833
362	9	La5	A5	358	358	1	8	625	99	96		40.25
363	9	Sol5	G5	349	349	1	8	625	99	96		40.29167
364	9	Fa5#4	F5#4	344	344	1	8	625	99	96		40.33333
365	9	Sol5	G5	349	349	3	8	1875	99	96		40.45833
366	9	Fa5#4	F5#4	344	344	1	8	625	95	96		40.5
367	9	Si5	B5	367	367	1	4	1250	95	96	sa 	40.58333
368	9	La5	A5	358	358	1	8	625	99	96	dü	40.625
369	9	Sol5	G5	349	349	1	8	625	95	96		40.66667
370	9	Fa5#4	F5#4	344	344	3	16	938	99	96	şer 	40.72917
371	9	Mi5	E5	336	336	1	16	312	99	96		40.75
372	9	Re5	D5	327	327	1	2	2500	95	96		40.91667
373	55			0	0	0	0	0	0	0		40.91667
374	9			-1	-1	1	4	1250	100	0		41
375	53			0	0	0	0	0	0	0		41
376	9	Mi5	E5	336	336	1	8	625	99	96	pen	41.04167
377	9	Re5	D5	327	327	1	8	625	99	96		41.08333
378	9	Do5#4	C5#4	322	322	1	8	625	99	96		41.125
379	9	Re5	D5	327	327	1	8	625	99	96		41.16667
380	9	Mi5	E5	336	336	3	8	1875	99	96		41.29167
381	9	Fa5	F5	340	340	1	8	625	99	96		41.33333
382	9	Mi5	E5	336	336	1	8	625	99	96		41.375
383	9	Fa5	F5	340	340	1	8	625	99	96		41.41667
384	9	Mi5	E5	336	336	1	8	625	99	96		41.45833
385	9	Re5	D5	327	327	1	8	625	95	96		41.5
386	9	La5	A5	358	358	1	8	625	99	96	çe 	41.54167
387	9	Sol5	G5	349	349	1	8	625	95	96		41.58333
388	9	Fa5	F5	340	340	1	8	625	99	96	i 	41.625
389	9	Mi5	E5	336	336	1	8	625	95	96		41.66667
390	9	Mi5	E5	336	336	1	8	625	99	96	aş	41.70833
391	9	Re5	D5	327	327	1	8	625	99	96		41.75
392	9	Do5#4	C5#4	322	322	1	8	625	99	96		41.79167
393	9	Re5	D5	327	327	1	8	625	99	96		41.83333
394	9	Mi5	E5	336	336	1	8	625	99	96		41.875
395	9	Sol5	G5	349	349	1	8	625	99	96		41.91667
396	9	Fa5	F5	340	340	1	8	625	99	96		41.95833
397	9	Mi5	E5	336	336	1	8	625	95	96		42
398	9	Mi5	E5	336	336	1	8	625	99	96	ka  	42.04167
399	9	Re5	D5	327	327	3	8	1875	99	96		42.16667
400	9	Re5	D5	327	327	1	8	625	99	96		42.20833
401	9	Mi5	E5	336	336	1	8	625	99	96		42.25
402	9	Re5	D5	327	327	1	8	625	99	96		42.29167
403	9	Do5#4	C5#4	322	322	1	8	625	99	96		42.33333
404	9	Do5#4	C5#4	322	322	1	8	625	99	96		42.375
405	9	Si4b4	B4b4	310	310	1	8	625	99	96		42.41667
406	9	La4	A4	305	305	1	8	625	99	96		42.45833
407	9	Si4b4	B4b4	310	310	1	8	625	99	96		42.5
408	9	Do5#4	C5#4	322	322	1	2	2500	99	96		42.66667
409	9	Do5#4	C5#4	322	322	1	4	1250	95	96		42.75
410	53			0	0	0	0	0	0	0		42.75
411	9			-1	-1	1	4	1250	100	0		42.83333
412	9	Re5	D5	327	327	1	2	2500	95	96	Ah 	43
413	9	Mi5	E5	336	336	1	8	625	99	96	Sayd_	43.04167
414	9	Re5	D5	327	327	1	8	625	99	96		43.08333
415	9	Do5#4	C5#4	322	322	1	8	625	99	96		43.125
416	9	Re5	D5	327	327	1	8	625	95	96		43.16667
417	9	Mi5	E5	336	336	1	8	625	99	96	ı 	43.20833
418	9	Fa5	F5	340	340	1	8	625	99	96		43.25
419	9	Mi5	E5	336	336	1	8	625	99	96		43.29167
420	9	Re5	D5	327	327	1	8	625	99	96		43.33333
421	9	Sol5	G5	349	349	1	8	625	99	96		43.375
422	9	Fa5	F5	340	340	1	8	625	99	96		43.41667
423	9	Mi5	E5	336	336	1	8	625	99	96		43.45833
424	9	Re5	D5	327	327	1	8	625	95	96		43.5
425	9	Do5#4	C5#4	322	322	1	8	625	99	96	di	43.54167
426	9	Si4b4	B4b4	310	310	1	8	625	95	96		43.58333
427	9	La4	A4	305	305	1	8	625	99	96	le 	43.625
428	9	Si4b4	B4b4	310	310	1	8	625	95	96		43.66667
429	9	Do5#4	C5#4	322	322	3	8	1875	99	96	şeh	43.79167
430	9	Re5	D5	327	327	1	8	625	99	96		43.83333
431	9	Do5#4	C5#4	322	322	1	8	625	99	96		43.875
432	9	Si4b4	B4b4	310	310	1	8	625	99	96		43.91667
433	9	La4	A4	305	305	1	4	1250	95	96		44
434	53			0	0	0	0	0	0	0		44
435	9			-1	-1	1	4	1250	100	0		44.08333
436	9	La4	A4	305	305	1	8	625	99	96	bâz_	44.125
437	9	Si4b4	B4b4	310	310	1	8	625	99	96		44.16667
438	9	La4	A4	305	305	1	4	1250	99	96		44.25
439	9	Sol4#4	G4#4	300	300	1	4	1250	99	96		44.33333
440	9	La4	A4	305	305	1	2	2500	95	96		44.5
441	9	La4	A4	305	305	1	4	1250	95	96	ı 	44.58333
442	9	Re4	D4	274	274	1	4	1250	95	96	ni	44.66667
443	9	La4	A4	305	305	3	8	1875	99	96	gâ	44.79167
444	9	Si4b4	B4b4	310	310	1	8	625	99	96		44.83333
445	9	La4	A4	305	305	1	4	1250	99	96		44.91667
446	9	Si4b4	B4b4	310	310	1	4	1250	95	96		45
447	53			0	0	0	0	0	0	0		45
448	9			-1	-1	1	4	1250	100	0		45.08333
449	9	La4	A4	305	305	1	8	625	99	96	hın 	45.125
450	9	Si4b4	B4b4	310	310	1	8	625	99	96		45.16667
451	9	La4	A4	305	305	1	4	1250	99	96		45.25
452	9	Si4b4	B4b4	310	310	1	4	1250	99	96		45.33333
453	9	Re5	D5	327	327	1	2	2500	95	96		45.5
454	9	Mi5	E5	336	336	1	8	625	99	96	sü	45.54167
455	9	Re5	D5	327	327	1	8	625	95	96		45.58333
456	9	Do5#4	C5#4	322	322	1	8	625	99	96	zü	45.625
457	9	Re5	D5	327	327	1	8	625	95	96		45.66667
458	9	Mi5	E5	336	336	1	8	625	99	96	lün	45.70833
459	9	Fa5	F5	340	340	1	8	625	99	96		45.75
460	9	Mi5	E5	336	336	1	8	625	99	96		45.79167
461	9	Re5	D5	327	327	1	8	625	99	96		45.83333
462	9	Mi5	E5	336	336	1	8	625	99	96		45.875
463	9	Sol5	G5	349	349	1	8	625	99	96		45.91667
464	9	Fa5	F5	340	340	1	8	625	99	96		45.95833
465	9	Mi5	E5	336	336	1	8	625	95	96		46
466	9	Mi5	E5	336	336	3	16	938	99	96	ce  	46.0625
467	9	Re5	D5	327	327	1	16	312	99	96		46.08333
468	9	Do5#4	C5#4	322	322	1	8	625	99	96		46.125
469	9	Re5	D5	327	327	1	8	625	99	96		46.16667
470	9	Do5#4	C5#4	322	322	1	8	625	99	96		46.20833
471	9	Re5	D5	327	327	1	8	625	99	96		46.25
472	9	Mi5	E5	336	336	1	8	625	95	96		46.29167
473	9	Re5	D5	327	327	9	8	5625	99	96		46.66667
474	9	Re5	D5	327	327	1	4	1250	95	96		46.75
475	53			0	0	0	0	0	0	0		46.75
476	9			-1	-1	1	4	1250	100	0		46.83333
477	9	Re5	D5	327	327	1	2	2500	95	96	Ah 	47
478	9	Mi5	E5	336	336	1	4	500	99	96	Gel 	47.08333
479	9	Fa5	F5	340	340	1	4	500	99	96		47.16667
480	9	Mi5	E5	336	336	1	4	500	99	96		47.25
481	9	Re5	D5	327	327	1	4	500	99	96		47.33333
482	9	Do5#4	C5#4	322	322	1	2	1000	95	96		47.5
483	9	Do5#4	C5#4	322	322	1	4	500	99	96	gel 	47.58333
484	9	Re5	D5	327	327	1	4	500	99	96		47.66667
485	9	Do5#4	C5#4	322	322	1	4	500	99	96		47.75
486	9	Si4b4	B4b4	310	310	1	4	500	99	96		47.83333
487	9	La4	A4	305	305	1	2	1000	95	96		48
488	53			0	0	0	0	0	0	0		48
489	9	La4	A4	305	305	1	8	250	99	96	in	48.04167
490	9	Sol4	G4	296	296	1	8	250	99	96		48.08333
491	9	Fa4#4	F4#4	291	291	1	8	250	99	96		48.125
492	9	Sol4	G4	296	296	1	8	250	95	96		48.16667
493	9	La4	A4	305	305	1	4	500	95	96	ce 	48.25
494	9	Si4b4	B4b4	310	310	1	4	500	95	96	mi	48.33333
495	9	Re5	D5	327	327	1	8	250	99	96	yan 	48.375
496	9	Do5#4	C5#4	322	322	1	8	250	99	96		48.41667
497	9	Si4b4	B4b4	310	310	1	8	250	99	96		48.45833
498	9	Do5#4	C5#4	322	322	1	8	250	95	96		48.5
499	9	Re5	D5	327	327	3	4	1500	99	96	gel  	48.75
500	9	Re5	D5	327	327	1	2	1000	95	96		48.91667
501	9			-1	-1	1	4	500	100	0		49
502	53			0	0	0	0	0	0	0		49
503	9	Mi5	E5	336	336	1	4	500	99	96	Gel 	49.08333
504	9	Fa5	F5	340	340	1	4	500	99	96		49.16667
505	9	Mi5	E5	336	336	1	4	500	99	96		49.25
506	9	Re5	D5	327	327	1	4	500	99	96		49.33333
507	9	Do5#4	C5#4	322	322	1	2	1000	95	96		49.5
508	9	Do5#4	C5#4	322	322	1	4	500	99	96	gel 	49.58333
509	9	Re5	D5	327	327	1	4	500	99	96		49.66667
510	9	Do5#4	C5#4	322	322	1	4	500	99	96		49.75
511	9	Si4b4	B4b4	310	310	1	4	500	99	96		49.83333
512	9	La4	A4	305	305	1	2	1000	95	96		50
513	53			0	0	0	0	0	0	0		50
514	9	La4	A4	305	305	1	8	250	99	96	in	50.04167
515	9	Sol4	G4	296	296	1	8	250	99	96		50.08333
516	9	Fa4#4	F4#4	291	291	1	8	250	99	96		50.125
517	9	Sol4	G4	296	296	1	8	250	95	96		50.16667
518	9	La4	A4	305	305	1	4	500	95	96	ce 	50.25
519	9	Si4b4	B4b4	310	310	1	4	500	95	96	mi	50.33333
520	9	Re5	D5	327	327	1	8	250	99	96	yan 	50.375
521	9	Do5#4	C5#4	322	322	1	8	250	99	96		50.41667
522	9	Si4b4	B4b4	310	310	1	8	250	99	96		50.45833
523	9	Do5#4	C5#4	322	322	1	8	250	95	96		50.5
524	9	Re5	D5	327	327	3	4	1500	99	96	gel  	50.75
525	9	Re5	D5	327	327	1	2	1000	95	96		50.91667
526	9			-1	-1	1	4	500	100	0		51
527	53			0	0	0	0	0	0	0		51
528	9	Sol4	G4	296	296	1	4	500	95	96	Ah 	51.08333
529	9	La4	A4	305	305	3	4	1500	99	96		51.33333
530	9	La4	A4	305	305	1	2	1000	95	96		51.5
531	53			0	0	0	0	0	0	0		51.5
532	54			0	0	0	0	0	0	0	yegah@re4	51.5
533	9	Do5	C5	318	318	1	1	2000	99	96	ah 	51.83333
534	9	Do5	C5	318	318	1	2	1000	95	96		52
535	9	Si4	B4	314	314	1	8	250	99	96	ah 	52.04167
536	9	La4	A4	305	305	1	8	250	99	96		52.08333
537	9	La4	A4	305	305	1	8	250	99	96		52.125
538	9	Sol4	G4	296	296	1	8	250	99	96		52.16667
539	9	Sol4	G4	296	296	1	8	250	99	96		52.20833
540	9	Fa4#4	F4#4	291	291	1	8	250	99	96		52.25
541	9	Fa4#4	F4#4	291	291	1	8	250	99	96		52.29167
542	9	Mi4	E4	283	283	1	8	250	95	96		52.33333
543	9	Re4	D4	274	274	1	2	1000	99	96		52.5
544	9	Re4	D4	274	274	1	8	250	95	96		52.54167
545	55			0	0	0	0	0	0	0		52.54167
546	9			-1	-1	1	8	250	100	0		52.58333
547	53			0	0	0	0	0	0	0		52.58333
548	54			0	0	0	0	0	0	0	ussak@la4	52.58333
549	9	Re4	D4	274	274	1	4	500	95	96	Her 	52.66667
550	9	Fa4#4	F4#4	291	291	1	4	500	95	96	ne 	52.75
551	9	Sol4	G4	296	296	1	4	500	95	96	ka	52.83333
552	9	La4	A4	305	305	1	2	1000	99	96	dar 	53
553	9	La4	A4	305	305	1	8	250	95	96		53.04167
554	9			-1	-1	1	8	250	100	0		53.08333
555	53			0	0	0	0	0	0	0		53.08333
556	55			0	0	0	0	0	0	0		53.08333
557	9	La4	A4	305	305	1	8	250	99	96	sev	53.125
558	9	Si4b4	B4b4	310	310	1	8	250	95	96		53.16667
559	9	Re5	D5	327	327	1	8	250	99	96	me	53.20833
560	9	Do5#4	C5#4	322	322	1	8	250	95	96		53.25
561	9	Si4b4	B4b4	310	310	1	8	250	99	96	i	53.29167
562	9	La4	A4	305	305	1	8	250	95	96		53.33333
563	9	Sol4	G4	296	296	1	8	250	99	96	sen 	53.375
564	9	Fa4#4	F4#4	291	291	1	8	250	95	96		53.41667
565	9	Sol4	G4	296	296	1	4	500	99	96		53.5
566	9	Sol4	G4	296	296	1	8	250	95	96		53.54167
567	9			-1	-1	1	8	250	100	0		53.58333
568	53			0	0	0	0	0	0	0		53.58333
569	9	Fa4#4	F4#4	291	291	1	4	500	95	96	ben 	53.66667
570	9	Sol4	G4	296	296	1	4	500	95	96	se	53.75
571	9	La4	A4	305	305	1	4	500	95	96	ni 	53.83333
572	9	Si4b4	B4b4	310	310	1	2	1000	99	96	can	54
573	9	La4	A4	305	305	1	8	250	95	96		54.04167
574	9			-1	-1	1	8	250	100	0		54.08333
575	53			0	0	0	0	0	0	0		54.08333
576	9	Mi5	E5	336	336	1	8	250	99	96	dan 	54.125
577	9	Re5	D5	327	327	1	8	250	99	96		54.16667
578	9	Re5	D5	327	327	1	8	250	99	96		54.20833
579	9	Do5#4	C5#4	322	322	1	8	250	95	96		54.25
580	9	Do5#4	C5#4	322	322	1	8	250	99	96	se	54.29167
581	9	Si4b4	B4b4	310	310	1	8	250	95	96		54.33333
582	9	Si4b4	B4b4	310	310	1	8	250	99	96	ve	54.375
583	9	La4	A4	305	305	1	8	250	99	96		54.41667
584	9	Si4b4	B4b4	310	310	1	8	250	99	96		54.45833
585	9	La4	A4	305	305	1	8	250	95	96		54.5
586	9	La4	A4	305	305	1	1	2000	99	96	rim  	54.83333
587	9	La4	A4	305	305	1	4	500	95	96		54.91667
588	9			-1	-1	1	4	500	100	0		55
589	53			0	0	0	0	0	0	0		55
590	9	Mi5	E5	336	336	1	8	250	99	96	Öm	55.04167
591	9	Re5	D5	327	327	1	8	250	99	96		55.08333
592	9	Do5#4	C5#4	322	322	1	8	250	99	96		55.125
593	9	Re5	D5	327	327	1	8	250	95	96		55.16667
594	9	Mi5	E5	336	336	1	2	1000	95	96	rüm 	55.33333
595	9	Sol5	G5	349	349	1	8	250	99	96	ca	55.375
596	9	Fa5	F5	340	340	1	8	250	99	96		55.41667
597	9	Mi5	E5	336	336	1	8	250	99	96		55.45833
598	9	Re5	D5	327	327	1	8	250	95	96		55.5
599	9	Do5#4	C5#4	322	322	1	4	500	99	96	nım 	55.58333
600	9	Si4b4	B4b4	310	310	1	8	250	99	96		55.625
601	9	La4	A4	305	305	1	8	250	95	96		55.66667
602	9	La4	A4	305	305	1	2	1000	95	96	mi	55.83333
603	9	Mi5	E5	336	336	1	8	250	99	96	rim 	55.875
604	9	Re5	D5	327	327	1	8	250	99	96		55.91667
605	9	Do5#4	C5#4	322	322	1	8	250	99	96		55.95833
606	9	Re5	D5	327	327	1	8	250	95	96		56
607	9	Mi5	E5	336	336	1	1	2000	99	96	gel  	56.33333
608	9	Mi5	E5	336	336	1	4	500	95	96		56.41667
609	9			-1	-1	1	4	500	100	0		56.5
610	53			0	0	0	0	0	0	0		56.5
611	9	Mi5	E5	336	336	1	8	250	99	96	Öm	56.54167
612	9	Re5	D5	327	327	1	8	250	99	96		56.58333
613	9	Do5#4	C5#4	322	322	1	8	250	99	96		56.625
614	9	Re5	D5	327	327	1	8	250	95	96		56.66667
615	9	Mi5	E5	336	336	1	2	1000	95	96	rüm 	56.83333
616	9	Sol5	G5	349	349	1	8	250	99	96	ca	56.875
617	9	Fa5	F5	340	340	1	8	250	99	96		56.91667
618	9	Mi5	E5	336	336	1	8	250	99	96		56.95833
619	9	Re5	D5	327	327	1	8	250	95	96		57
620	9	Do5#4	C5#4	322	322	1	4	500	99	96	nım 	57.08333
621	9	Si4b4	B4b4	310	310	1	8	250	99	96		57.125
622	9	La4	A4	305	305	1	8	250	95	96		57.16667
623	9	La4	A4	305	305	1	2	1000	95	96	sul	57.33333
624	9	Sol5	G5	349	349	3	16	375	99	96	ta	57.39583
625	9	Fa5#4	F5#4	344	344	1	16	125	95	96		57.41667
626	9	Mi5	E5	336	336	1	8	250	99	96	nım 	57.45833
627	9	Sol5	G5	349	349	1	8	250	95	96		57.5
628	9	Fa5#4	F5#4	344	344	1	1	2000	99	96	gel  	57.83333
629	9	Fa5#4	F5#4	344	344	1	4	500	95	96		57.91667
630	9			-1	-1	1	4	500	100	0		58
631	53			0	0	0	0	0	0	0		58
632	9	Sol5	G5	349	349	1	2	1000	95	96	Ah 	58.16667
633	9	Fa5	F5	340	340	1	4	500	95	96	â	58.25
634	9	Mi5	E5	336	336	1	4	500	95	96	şı	58.33333
635	9	Re5	D5	327	327	1	2	1000	95	96	kı	58.5
636	53			0	0	0	0	0	0	0		58.5
637	9	Mi5	E5	336	336	1	4	500	99	96	nam 	58.58333
638	9	Fa5	F5	340	340	1	4	500	95	96		58.66667
639	9	Mi5	E5	336	336	1	4	500	95	96	sâ	58.75
640	9	Re5	D5	327	327	1	4	500	95	96	dı	58.83333
641	9	Do5#4	C5#4	322	322	1	2	1000	95	96	kı	59
642	53			0	0	0	0	0	0	0		59
643	9	Do5#4	C5#4	322	322	1	4	500	99	96	nam 	59.08333
644	9	Re5	D5	327	327	1	4	500	95	96		59.16667
645	9	Do5#4	C5#4	322	322	1	4	500	95	96	ben	59.25
646	9	Si4b4	B4b4	310	310	1	4	500	95	96	de	59.33333
647	9	La4	A4	305	305	1	2	1000	95	96	li	59.5
648	53			0	0	0	0	0	0	0		59.5
649	9	La4	A4	305	305	1	4	500	99	96	ğe 	59.58333
650	9	Si4b4	B4b4	310	310	1	4	500	95	96		59.66667
651	9	La4	A4	305	305	1	4	500	95	96	lâ	59.75
652	9	Sol4	G4	296	296	1	4	500	95	96	yı	59.83333
653	9	Fa4#4	F4#4	291	291	1	2	1000	95	96	kı	60
654	53			0	0	0	0	0	0	0		60
655	9	Sol4	G4	296	296	1	4	500	99	96	nam 	60.08333
656	9	Fa4#4	F4#4	291	291	1	4	500	99	96		60.16667
657	9	Sol4	G4	296	296	1	4	500	99	96		60.25
658	9	La4	A4	305	305	1	4	500	99	96		60.33333
659	9	Sol4	G4	296	296	1	4	500	99	96		60.41667
660	9	La4	A4	305	305	1	4	500	99	96		60.5
661	9	Si4b4	B4b4	310	310	1	4	500	99	96		60.58333
662	9	La4	A4	305	305	1	4	500	99	96		60.66667
663	9	Si4b4	B4b4	310	310	1	4	500	99	96		60.75
664	9	Do5#4	C5#4	322	322	1	4	500	99	96		60.83333
665	9	Si4b4	B4b4	310	310	1	4	500	99	96		60.91667
666	9	Do5#4	C5#4	322	322	1	4	500	99	96		61
667	9	Re5	D5	327	327	1	4	500	99	96		61.08333
668	9	Do5#4	C5#4	322	322	1	4	500	99	96		61.16667
669	9	Re5	D5	327	327	1	4	500	99	96		61.25
670	9	Sol5	G5	349	349	1	4	500	99	96		61.33333
671	9	Sol5	G5	349	349	1	4	500	99	96		61.41667
672	9	Fa5	F5	340	340	1	8	250	99	96		61.45833
673	9	Mi5	E5	336	336	1	8	250	95	96		61.5
674	9	Re5	D5	327	327	1	8	250	99	96	â	61.54167
675	9	Do5#4	C5#4	322	322	1	8	250	99	96		61.58333
676	9	Si4b4	B4b4	310	310	1	4	500	95	96		61.66667
677	9	Si4b4	B4b4	310	310	1	8	250	99	96	fet_	61.70833
678	9	La4	A4	305	305	1	8	250	95	96		61.75
679	9	Sol4	G4	296	296	1	4	500	95	96	i 	61.83333
680	9	Si4b4	B4b4	310	310	1	8	250	99	96	dev	61.875
681	9	La4	A4	305	305	1	8	250	99	96		61.91667
682	9	Si4b4	B4b4	310	310	1	8	250	99	96		61.95833
683	9	La4	A4	305	305	1	8	250	95	96		62
684	9	La4	A4	305	305	1	2	1000	99	96	rân  	62.16667
685	9	La4	A4	305	305	1	4	500	95	96		62.25
686	9			-1	-1	1	4	500	100	0		62.33333
687	53			0	0	0	0	0	0	0		62.33333
