Sıra	Kod	Nota53	NotaAE	Koma53	KomaAE	Pay	Payda	Ms	LNS	Bas	Soz1	Offset
1	9			-1	-1	1	8	556	100	0		0.125
2	9	Re5	D5	327	327	1	16	278	95	96	ARANAĞME 	0.1875
3	9	Do5#4	C5#4	322	322	1	16	278	95	96	.	0.25
4	9	Re5	D5	327	327	1	16	278	95	96	.	0.3125
5	9	Fa5	F5	340	340	1	16	278	95	96	.	0.375
6	9	Mi5	E5	336	336	1	16	278	95	96	.	0.4375
7	9	Re5	D5	327	327	1	16	278	95	96	.	0.5
8	9	Do5#4	C5#4	322	322	1	16	278	95	96	.	0.5625
9	9	Re5	D5	327	327	1	16	278	95	96	.	0.625
10	9	Do5#4	C5#4	322	322	1	16	278	95	96	.	0.6875
11	9	Si4b4	B4b4	310	310	1	16	278	95	96	.	0.75
12	9	La4	A4	305	305	1	4	1111	95	96	.	1
13	53			0	0	0	0	0	0	0		1
14	9			-1	-1	1	8	556	100	0	.	1.125
15	9	Re5	D5	327	327	1	16	278	95	96	.	1.1875
16	9	Do5#4	C5#4	322	322	1	16	278	95	96	.	1.25
17	9	Re5	D5	327	327	1	16	278	95	96	.	1.3125
18	9	Fa5	F5	340	340	1	16	278	95	96	.	1.375
19	9	Mi5	E5	336	336	1	16	278	95	96	.	1.4375
20	9	Re5	D5	327	327	1	16	278	95	96	.	1.5
21	9	Mi5	E5	336	336	1	16	278	95	96	.	1.5625
22	9	Re5	D5	327	327	1	16	278	95	96	.	1.625
23	9	Do5#4	C5#4	322	322	1	16	278	95	96	.	1.6875
24	9	Re5	D5	327	327	1	16	278	95	96	.	1.75
25	9	Mi5	E5	336	336	1	4	1111	95	96	.	2
26	53			0	0	0	0	0	0	0		2
27	9	Re5	D5	327	327	1	8	556	95	96	.	2.125
28	9	Fa5#4	F5#4	344	344	1	24	185	95	96	.	2.166667
29	9	Mi5	E5	336	336	1	24	185	95	96	.	2.208333
30	9	Fa5#4	F5#4	344	344	1	24	185	95	96	.	2.25
31	9	Sol5	G5	349	349	1	8	556	95	96	.	2.375
32	9	Fa5#4	F5#4	344	344	1	16	278	95	96	.	2.4375
33	9	Mi5	E5	336	336	1	16	278	95	96	.	2.5
34	9	Sol5	G5	349	349	1	24	185	95	96	.	2.541667
35	9	Fa5#4	F5#4	344	344	1	24	185	95	96	.	2.583333
36	9	Mi5	E5	336	336	1	24	185	95	96	.	2.625
37	9	Re5	D5	327	327	1	24	185	95	96	.	2.666667
38	9	Mi5	E5	336	336	1	24	185	95	96	.	2.708333
39	9	Fa5#4	F5#4	344	344	1	24	185	95	96	.	2.75
40	9	Sol5	G5	349	349	1	4	1111	95	96	.	3
41	9	Sol5	G5	349	349	1	16	278	95	96	.	3.0625
42	9	Fa5#4	F5#4	344	344	1	16	278	95	96	.	3.125
43	9	Fa5#4	F5#4	344	344	1	16	278	95	96	.	3.1875
44	9	Mi5	E5	336	336	1	16	278	95	96	.	3.25
45	9	Mi5	E5	336	336	1	16	278	95	96	.	3.3125
46	9	Re5	D5	327	327	1	16	278	95	96	.	3.375
47	9	Re5	D5	327	327	1	16	278	95	96	.	3.4375
48	9	Do5#4	C5#4	322	322	1	16	278	95	96	.	3.5
49	9	Do5#4	C5#4	322	322	1	16	278	95	96	.	3.5625
50	9	Si4b4	B4b4	310	310	1	16	278	95	96	.	3.625
51	9	Si4b4	B4b4	310	310	1	16	278	95	96	.	3.6875
52	9	La4	A4	305	305	1	16	278	95	96	.	3.75
53	9	La4	A4	305	305	1	4	1111	95	96	.	4
54	53			0	0	0	0	0	0	0		4
55	9			-1	-1	1	8	556	100	0		4.125
56	9	Re5	D5	327	327	1	16	278	95	96	ARANAĞME 	4.1875
57	9	Do5#4	C5#4	322	322	1	16	278	95	96	.	4.25
58	9	Re5	D5	327	327	1	16	278	95	96	.	4.3125
59	9	Fa5	F5	340	340	1	16	278	95	96	.	4.375
60	9	Mi5	E5	336	336	1	16	278	95	96	.	4.4375
61	9	Re5	D5	327	327	1	16	278	95	96	.	4.5
62	9	Do5#4	C5#4	322	322	1	16	278	95	96	.	4.5625
63	9	Re5	D5	327	327	1	16	278	95	96	.	4.625
64	9	Do5#4	C5#4	322	322	1	16	278	95	96	.	4.6875
65	9	Si4b4	B4b4	310	310	1	16	278	95	96	.	4.75
66	9	La4	A4	305	305	1	4	1111	95	96	.	5
67	53			0	0	0	0	0	0	0		5
68	9			-1	-1	1	8	556	100	0	.	5.125
69	9	Re5	D5	327	327	1	16	278	95	96	.	5.1875
70	9	Do5#4	C5#4	322	322	1	16	278	95	96	.	5.25
71	9	Re5	D5	327	327	1	16	278	95	96	.	5.3125
72	9	Fa5	F5	340	340	1	16	278	95	96	.	5.375
73	9	Mi5	E5	336	336	1	16	278	95	96	.	5.4375
74	9	Re5	D5	327	327	1	16	278	95	96	.	5.5
75	9	Mi5	E5	336	336	1	16	278	95	96	.	5.5625
76	9	Re5	D5	327	327	1	16	278	95	96	.	5.625
77	9	Do5#4	C5#4	322	322	1	16	278	95	96	.	5.6875
78	9	Re5	D5	327	327	1	16	278	95	96	.	5.75
79	9	Mi5	E5	336	336	1	4	1111	95	96	.	6
80	53			0	0	0	0	0	0	0		6
81	9	Re5	D5	327	327	1	8	556	95	96	.	6.125
82	9	Fa5#4	F5#4	344	344	1	24	185	95	96	.	6.166667
83	9	Mi5	E5	336	336	1	24	185	95	96	.	6.208333
84	9	Fa5#4	F5#4	344	344	1	24	185	95	96	.	6.25
85	9	Sol5	G5	349	349	1	8	556	95	96	.	6.375
86	9	Fa5#4	F5#4	344	344	1	16	278	95	96	.	6.4375
87	9	Mi5	E5	336	336	1	16	278	95	96	.	6.5
88	9	Sol5	G5	349	349	1	24	185	95	96	.	6.541667
89	9	Fa5#4	F5#4	344	344	1	24	185	95	96	.	6.583333
90	9	Mi5	E5	336	336	1	24	185	95	96	.	6.625
91	9	Re5	D5	327	327	1	24	185	95	96	.	6.666667
92	9	Mi5	E5	336	336	1	24	185	95	96	.	6.708333
93	9	Fa5#4	F5#4	344	344	1	24	185	95	96	.	6.75
94	9	Sol5	G5	349	349	1	4	1111	95	96	.	7
95	9	Sol5	G5	349	349	1	16	278	95	96	.	7.0625
96	9	Fa5#4	F5#4	344	344	1	16	278	95	96	.	7.125
97	9	Fa5#4	F5#4	344	344	1	16	278	95	96	.	7.1875
98	9	Mi5	E5	336	336	1	16	278	95	96	.	7.25
99	9	Mi5	E5	336	336	1	16	278	95	96	.	7.3125
100	9	Re5	D5	327	327	1	16	278	95	96	.	7.375
101	9	Re5	D5	327	327	1	16	278	95	96	.	7.4375
102	9	Do5#4	C5#4	322	322	1	16	278	95	96	.	7.5
103	9	Do5#4	C5#4	322	322	1	16	278	95	96	.	7.5625
104	9	Si4b4	B4b4	310	310	1	16	278	95	96	.	7.625
105	9	Si4b4	B4b4	310	310	1	16	278	95	96	.	7.6875
106	9	La4	A4	305	305	1	16	278	95	96	.	7.75
107	9	La4	A4	305	305	1	4	1111	95	96	.	8
108	53			0	0	0	0	0	0	0		8
109	9	La4	A4	305	305	1	8	556	95	96	Ke	8.125
110	9	Re5	D5	327	327	1	4	1111	99	96	der	8.375
111	9	Mi5	E5	336	336	1	16	278	99	96		8.4375
112	9	Fa5	F5	340	340	1	16	278	95	96		8.5
113	9	Mi5	E5	336	336	1	16	278	99	96	den 	8.5625
114	9	Re5	D5	327	327	1	16	278	99	96		8.625
115	9	Do5#4	C5#4	322	322	1	16	278	99	96		8.6875
116	9	Si4b4	B4b4	310	310	1	16	278	95	96		8.75
117	9	La4	A4	305	305	1	4	1111	95	96	mi 	9
118	53			0	0	0	0	0	0	0		9
119	9	Mi5	E5	336	336	1	8	556	95	96	ne	9.125
120	9	Fa5	F5	340	340	1	4	1111	99	96	den 	9.375
121	9	Fa5	F5	340	340	1	16	278	99	96		9.4375
122	9	Mi5	E5	336	336	1	16	278	95	96		9.5
123	9	Mi5	E5	336	336	1	16	278	99	96	bil	9.5625
124	9	Re5	D5	327	327	1	16	278	99	96		9.625
125	9	Do5#4	C5#4	322	322	1	16	278	99	96		9.6875
126	9	Re5	D5	327	327	1	16	278	95	96		9.75
127	9	Mi5	E5	336	336	1	4	1111	95	96	mem 	10
128	53			0	0	0	0	0	0	0		10
129	9	La4	A4	305	305	1	8	556	95	96	sa	10.125
130	9	Re5	D5	327	327	1	4	1111	99	96	rar	10.375
131	9	Mi5	E5	336	336	1	8	556	95	96		10.5
132	9	Fa5#4	F5#4	344	344	1	16	278	99	96	mış 	10.5625
133	9	Sol5	G5	349	349	1	16	278	99	96		10.625
134	9	Mi5	E5	336	336	1	16	278	99	96		10.6875
135	9	Fa5#4	F5#4	344	344	1	16	278	95	96		10.75
136	9	Sol5	G5	349	349	1	24	185	99	96	ren	10.79167
137	9	Fa5#4	F5#4	344	344	1	24	185	99	96		10.83333
138	9	Mi5	E5	336	336	1	24	185	99	96		10.875
139	9	Re5	D5	327	327	1	8	556	95	96		11
140	53			0	0	0	0	0	0	0		11
141	9	Re5	D5	327	327	1	8	556	95	96	gi 	11.125
142	9	La5	A5	358	358	1	16	278	99	96	ruh	11.1875
143	9	Sol5	G5	349	349	1	16	278	99	96		11.25
144	9	Sol5	G5	349	349	1	16	278	99	96		11.3125
145	9	Fa5#4	F5#4	344	344	1	16	278	99	96		11.375
146	9	Fa5#4	F5#4	344	344	1	16	278	99	96		11.4375
147	9	Mi5	E5	336	336	1	16	278	95	96		11.5
148	9	Mi5	E5	336	336	1	16	278	99	96	sa	11.5625
149	9	Fa5#4	F5#4	344	344	1	16	278	99	96		11.625
150	9	Sol5	G5	349	349	1	16	278	99	96		11.6875
151	9	La5	A5	358	358	1	16	278	95	96		11.75
152	9	La5	A5	358	358	1	32	139	99	96	rın  	11.78125
153	9	Sol5	G5	349	349	1	32	139	99	96		11.8125
154	9	Fa5#4	F5#4	344	344	1	32	139	99	96		11.84375
155	9	Mi5	E5	336	336	1	32	139	99	96		11.875
156	9	Re5	D5	327	327	1	8	556	95	96		12
157	53			0	0	0	0	0	0	0		12
158	9			-1	-1	1	8	556	100	0		12.125
159	9	La4	A4	305	305	1	16	278	95	96	SAZ	12.1875
160	9	Si4b4	B4b4	310	310	1	16	278	95	96	.	12.25
161	9	Do5#4	C5#4	322	322	1	16	278	95	96	.	12.3125
162	9	Re5	D5	327	327	1	16	278	95	96	.	12.375
163	9	Mi5	E5	336	336	1	16	278	95	96	.	12.4375
164	9	Fa5	F5	340	340	1	16	278	95	96	.	12.5
165	9	Mi5	E5	336	336	1	16	278	95	96	.	12.5625
166	9	Re5	D5	327	327	1	16	278	95	96	.	12.625
167	9	Do5#4	C5#4	322	322	1	16	278	95	96	.	12.6875
168	9	Si4b4	B4b4	310	310	1	16	278	95	96	.	12.75
169	9	La4	A4	305	305	1	4	1111	95	96	.	13
170	53			0	0	0	0	0	0	0		13
171	9	La4	A4	305	305	1	8	556	95	96	Ke	13.125
172	9	Re5	D5	327	327	1	4	1111	99	96	der	13.375
173	9	Mi5	E5	336	336	1	16	278	99	96		13.4375
174	9	Fa5	F5	340	340	1	16	278	95	96		13.5
175	9	Mi5	E5	336	336	1	16	278	99	96	den 	13.5625
176	9	Re5	D5	327	327	1	16	278	99	96		13.625
177	9	Do5#4	C5#4	322	322	1	16	278	99	96		13.6875
178	9	Si4b4	B4b4	310	310	1	16	278	95	96		13.75
179	9	La4	A4	305	305	1	4	1111	95	96	mi 	14
180	53			0	0	0	0	0	0	0		14
181	9	Mi5	E5	336	336	1	8	556	95	96	ne	14.125
182	9	Fa5	F5	340	340	1	4	1111	99	96	den 	14.375
183	9	Fa5	F5	340	340	1	16	278	99	96		14.4375
184	9	Mi5	E5	336	336	1	16	278	95	96		14.5
185	9	Mi5	E5	336	336	1	16	278	99	96	bil	14.5625
186	9	Re5	D5	327	327	1	16	278	99	96		14.625
187	9	Do5#4	C5#4	322	322	1	16	278	99	96		14.6875
188	9	Re5	D5	327	327	1	16	278	95	96		14.75
189	9	Mi5	E5	336	336	1	4	1111	95	96	mem 	15
190	53			0	0	0	0	0	0	0		15
191	9	La4	A4	305	305	1	8	556	95	96	sa	15.125
192	9	Re5	D5	327	327	1	4	1111	99	96	rar	15.375
193	9	Mi5	E5	336	336	1	8	556	95	96		15.5
194	9	Fa5#4	F5#4	344	344	1	16	278	99	96	mış 	15.5625
195	9	Sol5	G5	349	349	1	16	278	99	96		15.625
196	9	Mi5	E5	336	336	1	16	278	99	96		15.6875
197	9	Fa5#4	F5#4	344	344	1	16	278	95	96		15.75
198	9	Sol5	G5	349	349	1	24	185	99	96	ren	15.79167
199	9	Fa5#4	F5#4	344	344	1	24	185	99	96		15.83333
200	9	Mi5	E5	336	336	1	24	185	99	96		15.875
201	9	Re5	D5	327	327	1	8	556	95	96		16
202	53			0	0	0	0	0	0	0		16
203	9	Re5	D5	327	327	1	8	556	95	96	gi 	16.125
204	9	La5	A5	358	358	1	16	278	99	96	ruh	16.1875
205	9	Sol5	G5	349	349	1	16	278	99	96		16.25
206	9	Sol5	G5	349	349	1	16	278	99	96		16.3125
207	9	Fa5#4	F5#4	344	344	1	16	278	99	96		16.375
208	9	Fa5#4	F5#4	344	344	1	16	278	99	96		16.4375
209	9	Mi5	E5	336	336	1	16	278	95	96		16.5
210	9	Mi5	E5	336	336	1	16	278	99	96	sa	16.5625
211	9	Fa5#4	F5#4	344	344	1	16	278	99	96		16.625
212	9	Sol5	G5	349	349	1	16	278	99	96		16.6875
213	9	La5	A5	358	358	1	16	278	95	96		16.75
214	9	La5	A5	358	358	1	32	139	99	96	rın  	16.78125
215	9	Sol5	G5	349	349	1	32	139	99	96		16.8125
216	9	Fa5#4	F5#4	344	344	1	32	139	99	96		16.84375
217	9	Mi5	E5	336	336	1	32	139	99	96		16.875
218	9	Re5	D5	327	327	1	8	556	95	96		17
219	53			0	0	0	0	0	0	0		17
220	9	la5	A5	358	358	1	32	139	95	96	SAZ	17.03125
221	9	Sol5	G5	349	349	1	32	139	95	96	.	17.0625
222	9	La5	A5	358	358	1	32	139	95	96	.	17.09375
223	9	si5	B5	367	367	1	32	139	95	96	.	17.125
224	9	la5	A5	358	358	1	32	139	95	96	.	17.15625
225	9	Sol5	G5	349	349	1	32	139	95	96	.	17.1875
226	9	Fa5#4	F5#4	344	344	1	16	278	95	96	.	17.25
227	9	Sol5	G5	349	349	1	32	139	95	96	.	17.28125
228	9	Fa5#4	F5#4	344	344	1	32	139	95	96	.	17.3125
229	9	Sol5	G5	349	349	1	32	139	95	96	.	17.34375
230	9	la5	A5	358	358	1	32	139	95	96	.	17.375
231	9	Sol5	G5	349	349	1	32	139	95	96	.	17.40625
232	9	Fa5#4	F5#4	344	344	1	32	139	95	96	.	17.4375
233	9	Mi5	E5	336	336	1	16	278	95	96	.	17.5
234	9	Fa5#4	F5#4	344	344	1	32	139	95	96	.	17.53125
235	9	Mi5	E5	336	336	1	32	139	95	96	.	17.5625
236	9	Fa5#4	F5#4	344	344	1	32	139	95	96	.	17.59375
237	9	Sol5	G5	349	349	1	32	139	95	96	.	17.625
238	9	Fa5#4	F5#4	344	344	1	32	139	95	96	.	17.65625
239	9	Mi5	E5	336	336	1	32	139	95	96	.	17.6875
240	9	Re5	D5	327	327	1	16	278	95	96	.	17.75
241	9	Re5	D5	327	327	1	32	139	95	96	.	17.78125
242	9	Mi5	E5	336	336	1	32	139	95	96	.	17.8125
243	9	Fa5#4	F5#4	344	344	1	32	139	95	96	.	17.84375
244	9	Sol5	G5	349	349	1	32	139	95	96	.	17.875
245	9	la5	A5	358	358	1	32	139	95	96	.	17.90625
246	9	Fa5#4	F5#4	344	344	1	32	139	95	96	.	17.9375
247	9	Sol5	G5	349	349	1	32	139	95	96	.	17.96875
248	9	Mi5	E5	336	336	1	32	139	95	96	.	18
249	9	Re5	D5	327	327	1	8	556	95	96	Se	18.125
250	53			0	0	0	0	0	0	0		18.125
251	9	La5	A5	358	358	1	16	278	99	96	nin 	18.1875
252	9	Sol5	G5	349	349	1	16	278	99	96		18.25
253	9	Sol5	G5	349	349	1	16	278	99	96		18.3125
254	9	Fa5#4	F5#4	344	344	1	16	278	99	96		18.375
255	9	Fa5#4	F5#4	344	344	1	16	278	99	96		18.4375
256	9	Mi5	E5	336	336	1	16	278	95	96		18.5
257	9	Sol5	G5	349	349	1	24	185	99	96	çün 	18.54167
258	9	Fa5#4	F5#4	344	344	1	24	185	99	96		18.58333
259	9	Mi5	E5	336	336	1	24	185	99	96		18.625
260	9	Re5	D5	327	327	1	24	185	99	96		18.66667
261	9	Mi5	E5	336	336	1	24	185	99	96		18.70833
262	9	Fa5#4	F5#4	344	344	1	24	185	95	96		18.75
263	9	Sol5	G5	349	349	1	4	1111	95	96	bak 	19
264	53			0	0	0	0	0	0	0		19
265	9	Re5	D5	327	327	1	8	556	95	96	na	19.125
266	9	La5	A5	358	358	1	16	278	99	96	sıl 	19.1875
267	9	Sol5	G5	349	349	1	16	278	99	96		19.25
268	9	Sol5	G5	349	349	1	16	278	99	96		19.3125
269	9	Fa5#4	F5#4	344	344	1	16	278	99	96		19.375
270	9	Fa5#4	F5#4	344	344	1	16	278	99	96		19.4375
271	9	Mi5	E5	336	336	1	16	278	95	96		19.5
272	9	Mi5	E5	336	336	1	16	278	99	96	ağ	19.5625
273	9	Fa5#4	F5#4	344	344	1	16	278	99	96		19.625
274	9	Sol5	G5	349	349	1	16	278	99	96		19.6875
275	9	La5	A5	358	358	1	16	278	95	96		19.75
276	9	La5	A5	358	358	1	32	139	99	96	lar 	19.78125
277	9	Sol5	G5	349	349	1	32	139	99	96		19.8125
278	9	Fa5#4	F5#4	344	344	1	32	139	99	96		19.84375
279	9	mi5#4	E5#4	340	340	1	32	139	99	96		19.875
280	9	Fa5#4	F5#4	344	344	1	8	556	95	96		20
281	53			0	0	0	0	0	0	0		20
282	9	Re5	D5	327	327	1	8	556	95	96	ya	20.125
283	9	Sol5	G5	349	349	1	16	278	99	96	nar 	20.1875
284	9	La5	A5	358	358	1	16	278	99	96		20.25
285	9	Fa5#4	F5#4	344	344	1	16	278	99	96		20.3125
286	9	Sol5	G5	349	349	1	16	278	99	96		20.375
287	9	Mi5	E5	336	336	1	16	278	99	96		20.4375
288	9	Fa5	F5	340	340	1	16	278	95	96		20.5
289	9	Re5	D5	327	327	1	16	278	99	96	bu 	20.5625
290	9	Mi5	E5	336	336	1	16	278	99	96		20.625
291	9	Do5#4	C5#4	322	322	1	16	278	99	96		20.6875
292	9	Si4b4	B4b4	310	310	1	16	278	95	96		20.75
293	10	Do5#4	C5#4	322	322	1	16	278	99	96	â	20.8125
294	8	Re5	D5	327	327	0	0	0	99	96		20.8125
295	9	Do5#4	C5#4	322	322	1	32	139	99	96		20.84375
296	9	Si4b4	B4b4	310	310	1	32	139	99	96		20.875
297	9	La4	A4	305	305	1	8	556	95	96		21
298	53			0	0	0	0	0	0	0		21
299	9	La4	A4	305	305	1	8	556	95	96	şık_	21.125
300	9	Mi5	E5	336	336	1	16	278	99	96	ı 	21.1875
301	9	Re5	D5	327	327	1	16	278	99	96		21.25
302	9	Re5	D5	327	327	1	16	278	99	96		21.3125
303	9	Do5#4	C5#4	322	322	1	16	278	99	96		21.375
304	9	Do5#4	C5#4	322	322	1	16	278	99	96		21.4375
305	9	Si4b4	B4b4	310	310	1	16	278	95	96		21.5
306	9	Do5#4	C5#4	322	322	1	16	278	99	96	zâ	21.5625
307	9	Re5	D5	327	327	1	32	139	99	96		21.59375
308	9	Do5#4	C5#4	322	322	1	32	139	99	96		21.625
309	9	Si4b4	B4b4	310	310	1	16	278	99	96		21.6875
310	9	La4	A4	305	305	1	16	278	95	96		21.75
311	9	La4	A4	305	305	1	4	1111	95	96	rın  	22
312	53			0	0	0	0	0	0	0		22
313	9	La5	A5	358	358	1	32	139	95	96	SAZ	22.03125
314	9	Sol5	G5	349	349	1	32	139	95	96	.	22.0625
315	9	La5	A5	358	358	1	32	139	95	96	.	22.09375
316	9	Si5	B5	367	367	1	32	139	95	96	.	22.125
317	9	La5	A5	358	358	1	32	139	95	96	.	22.15625
318	9	Sol5	G5	349	349	1	32	139	95	96	.	22.1875
319	9	Fa5#4	F5#4	344	344	1	16	278	95	96	.	22.25
320	9	Sol5	G5	349	349	1	32	139	95	96	.	22.28125
321	9	Fa5#4	F5#4	344	344	1	32	139	95	96	.	22.3125
322	9	Sol5	G5	349	349	1	32	139	95	96	.	22.34375
323	9	La5	A5	358	358	1	32	139	95	96	.	22.375
324	9	Sol5	G5	349	349	1	32	139	95	96	.	22.40625
325	9	Fa5#4	F5#4	344	344	1	32	139	95	96	.	22.4375
326	9	Mi5	E5	336	336	1	16	278	95	96	.	22.5
327	9	Fa5#4	F5#4	344	344	1	32	139	95	96	.	22.53125
328	9	Mi5	E5	336	336	1	32	139	95	96	.	22.5625
329	9	Fa5#4	F5#4	344	344	1	32	139	95	96	.	22.59375
330	9	Sol5	G5	349	349	1	32	139	95	96	.	22.625
331	9	Fa5#4	F5#4	344	344	1	32	139	95	96	.	22.65625
332	9	Mi5	E5	336	336	1	32	139	95	96	.	22.6875
333	9	Re5	D5	327	327	1	16	278	95	96	.	22.75
334	9	Re5	D5	327	327	1	32	139	95	96	.	22.78125
335	9	Mi5	E5	336	336	1	32	139	95	96	.	22.8125
336	9	Fa5#4	F5#4	344	344	1	32	139	95	96	.	22.84375
337	9	Sol5	G5	349	349	1	32	139	95	96	.	22.875
338	9	La5	A5	358	358	1	32	139	95	96	.	22.90625
339	9	Fa5#4	F5#4	344	344	1	32	139	95	96	.	22.9375
340	9	Sol5	G5	349	349	1	32	139	95	96	.	22.96875
341	9	Mi5	E5	336	336	1	32	139	95	96	.	23
342	9	Re5	D5	327	327	1	8	556	95	96	Se	23.125
343	53			0	0	0	0	0	0	0		23.125
344	9	La5	A5	358	358	1	16	278	99	96	nin 	23.1875
345	9	Sol5	G5	349	349	1	16	278	99	96		23.25
346	9	Sol5	G5	349	349	1	16	278	99	96		23.3125
347	9	Fa5#4	F5#4	344	344	1	16	278	99	96		23.375
348	9	Fa5#4	F5#4	344	344	1	16	278	99	96		23.4375
349	9	Mi5	E5	336	336	1	16	278	95	96		23.5
350	9	Sol5	G5	349	349	1	24	185	99	96	çün 	23.54167
351	9	Fa5#4	F5#4	344	344	1	24	185	99	96		23.58333
352	9	Mi5	E5	336	336	1	24	185	99	96		23.625
353	9	Re5	D5	327	327	1	24	185	99	96		23.66667
354	9	Mi5	E5	336	336	1	24	185	99	96		23.70833
355	9	Fa5#4	F5#4	344	344	1	24	185	95	96		23.75
356	9	Sol5	G5	349	349	1	4	1111	95	96	bak 	24
357	53			0	0	0	0	0	0	0		24
358	9	Re5	D5	327	327	1	8	556	95	96	na	24.125
359	9	La5	A5	358	358	1	16	278	99	96	sıl 	24.1875
360	9	Sol5	G5	349	349	1	16	278	99	96		24.25
361	9	Sol5	G5	349	349	1	16	278	99	96		24.3125
362	9	Fa5#4	F5#4	344	344	1	16	278	99	96		24.375
363	9	Fa5#4	F5#4	344	344	1	16	278	99	96		24.4375
364	9	Mi5	E5	336	336	1	16	278	95	96		24.5
365	9	Mi5	E5	336	336	1	16	278	99	96	ağ	24.5625
366	9	Fa5#4	F5#4	344	344	1	16	278	99	96		24.625
367	9	Sol5	G5	349	349	1	16	278	99	96		24.6875
368	9	La5	A5	358	358	1	16	278	95	96		24.75
369	9	La5	A5	358	358	1	32	139	99	96	lar 	24.78125
370	9	Sol5	G5	349	349	1	32	139	99	96		24.8125
371	9	Fa5#4	F5#4	344	344	1	32	139	99	96		24.84375
372	9	mi5#4	E5#4	340	340	1	32	139	99	96		24.875
373	9	Fa5#4	F5#4	344	344	1	8	556	95	96		25
374	53			0	0	0	0	0	0	0		25
375	9	Re5	D5	327	327	1	8	556	95	96	ya	25.125
376	9	Sol5	G5	349	349	1	16	278	99	96	nar 	25.1875
377	9	La5	A5	358	358	1	16	278	99	96		25.25
378	9	Fa5#4	F5#4	344	344	1	16	278	99	96		25.3125
379	9	Sol5	G5	349	349	1	16	278	99	96		25.375
380	9	Mi5	E5	336	336	1	16	278	99	96		25.4375
381	9	Fa5	F5	340	340	1	16	278	95	96		25.5
382	9	Re5	D5	327	327	1	16	278	99	96	bu 	25.5625
383	9	Mi5	E5	336	336	1	16	278	99	96		25.625
384	9	Do5#4	C5#4	322	322	1	16	278	99	96		25.6875
385	9	Si4b4	B4b4	310	310	1	16	278	95	96		25.75
386	10	Do5#4	C5#4	322	322	1	16	278	99	96	â	25.8125
387	8	Re5	D5	327	327	0	0	0	99	96		25.8125
388	9	Do5#4	C5#4	322	322	1	32	139	99	96		25.84375
389	9	Si4b4	B4b4	310	310	1	32	139	99	96		25.875
390	9	La4	A4	305	305	1	8	556	95	96		26
391	53			0	0	0	0	0	0	0		26
392	9	La4	A4	305	305	1	8	556	95	96	şık_	26.125
393	9	Mi5	E5	336	336	1	16	278	99	96	ı 	26.1875
394	9	Re5	D5	327	327	1	16	278	99	96		26.25
395	9	Re5	D5	327	327	1	16	278	99	96		26.3125
396	9	Do5#4	C5#4	322	322	1	16	278	99	96		26.375
397	9	Do5#4	C5#4	322	322	1	16	278	99	96		26.4375
398	9	Si4b4	B4b4	310	310	1	16	278	95	96		26.5
399	9	Do5#4	C5#4	322	322	1	16	278	99	96	zâ	26.5625
400	9	Re5	D5	327	327	1	32	139	99	96		26.59375
401	9	Do5#4	C5#4	322	322	1	32	139	99	96		26.625
402	9	Si4b4	B4b4	310	310	1	16	278	99	96		26.6875
403	9	La4	A4	305	305	1	16	278	95	96		26.75
404	9	La4	A4	305	305	1	4	1111	95	96	rın  	27
405	53			0	0	0	0	0	0	0		27
406	9	Re5	D5	327	327	1	8	556	95	96	SAZ	27.125
407	9	Re5	D5	327	327	1	16	278	95	96	.	27.1875
408	9	Mi5	E5	336	336	1	16	278	95	96	.	27.25
409	9	Fa5#4	F5#4	344	344	1	16	278	95	96	.	27.3125
410	9	Sol5	G5	349	349	1	16	278	95	96	.	27.375
411	9	La5	A5	358	358	1	16	278	95	96	.	27.4375
412	9	Si5	B5	367	367	1	16	278	95	96	.	27.5
413	9	La5	A5	358	358	1	16	278	95	96	.	27.5625
414	9	Sol5	G5	349	349	1	16	278	95	96	.	27.625
415	9	Fa5#4	F5#4	344	344	1	16	278	95	96	.	27.6875
416	9	Sol5	G5	349	349	1	16	278	95	96	.	27.75
417	9	La5	A5	358	358	1	4	1111	95	96	.	28
418	53			0	0	0	0	0	0	0		28
419	54			0	0	0	0	0	0	0	evic@fa4#4	28
420	9	Sol5	G5	349	349	1	8	556	95	96	A	28.125
421	9	Sol5	G5	349	349	1	4	1111	99	96	ğar	28.375
422	9	La5	A5	358	358	1	8	556	95	96		28.5
423	9	La5	A5	358	358	1	24	185	99	96	sa 	28.54167
424	9	Sol5	G5	349	349	1	24	185	99	96		28.58333
425	9	La5	A5	358	358	1	24	185	99	96		28.625
426	9	si5	B5	367	367	1	24	185	99	96		28.66667
427	9	si5	B5	367	367	1	24	185	99	96		28.70833
428	9	La5	A5	358	358	1	24	185	95	96		28.75
429	9	La5	A5	358	358	1	4	1111	95	96	saç	29
430	53			0	0	0	0	0	0	0		29
431	9	La5	A5	358	358	1	8	556	95	96	la	29.125
432	9	Si5	B5	367	367	1	4	1111	99	96	rın 	29.375
433	9	Si5	B5	367	367	1	16	278	99	96		29.4375
434	9	La5	A5	358	358	1	16	278	95	96		29.5
435	9	La5	A5	358	358	1	16	278	99	96	kâ	29.5625
436	9	Sol5	G5	349	349	1	8	556	99	96		29.6875
437	9	La5	A5	358	358	1	16	278	95	96		29.75
438	9	La5	A5	358	358	1	32	139	99	96	fi 	29.78125
439	9	Sol5	G5	349	349	1	32	139	99	96		29.8125
440	9	Fa5#4	F5#4	344	344	1	32	139	99	96		29.84375
441	9	mi5#4	E5#4	340	340	1	32	139	99	96		29.875
442	9	Fa5#4	F5#4	344	344	1	8	556	95	96		30
443	53			0	0	0	0	0	0	0		30
444	55			0	0	0	0	0	0	0		30
445	9	Re5	D5	327	327	1	8	556	95	96	ba	30.125
446	9	Sol5	G5	349	349	1	16	278	99	96	na 	30.1875
447	9	La5	A5	358	358	1	16	278	99	96		30.25
448	9	Fa5#4	F5#4	344	344	1	16	278	99	96		30.3125
449	9	Sol5	G5	349	349	1	16	278	99	96		30.375
450	9	Mi5	E5	336	336	1	16	278	99	96		30.4375
451	9	Fa5	F5	340	340	1	16	278	95	96		30.5
452	9	Re5	D5	327	327	1	16	278	99	96	çeş	30.5625
453	9	Mi5	E5	336	336	1	16	278	99	96		30.625
454	9	Do5#4	C5#4	322	322	1	16	278	99	96		30.6875
455	9	Si4b4	B4b4	310	310	1	16	278	95	96		30.75
456	10	Do5#4	C5#4	322	322	1	16	278	99	96	mi 	30.8125
457	8	Re5	D5	327	327	0	0	0	99	96		30.8125
458	9	Do5#4	C5#4	322	322	1	32	139	99	96		30.84375
459	9	Si4b4	B4b4	310	310	1	32	139	99	96		30.875
460	9	La4	A4	305	305	1	8	556	95	96		31
461	53			0	0	0	0	0	0	0		31
462	9	Re5	D5	327	327	1	8	556	95	96	fü	31.125
463	9	La5	A5	358	358	1	16	278	99	96	sun	31.1875
464	9	Sol5	G5	349	349	1	16	278	99	96		31.25
465	9	Sol5	G5	349	349	1	16	278	99	96		31.3125
466	9	Fa5#4	F5#4	344	344	1	16	278	99	96		31.375
467	9	Fa5#4	F5#4	344	344	1	16	278	99	96		31.4375
468	9	Mi5	E5	336	336	1	16	278	95	96		31.5
469	9	Mi5	E5	336	336	1	16	278	99	96	kâ	31.5625
470	9	Fa5#4	F5#4	344	344	1	16	278	99	96		31.625
471	9	Sol5	G5	349	349	1	16	278	99	96		31.6875
472	9	La5	A5	358	358	1	16	278	95	96		31.75
473	9	La5	A5	358	358	1	32	139	99	96	rın  	31.78125
474	9	Sol5	G5	349	349	1	32	139	99	96		31.8125
475	9	Fa5#4	F5#4	344	344	1	32	139	99	96		31.84375
476	9	Mi5	E5	336	336	1	32	139	99	96		31.875
477	9	Re5	D5	327	327	1	8	556	95	96		32
478	53			0	0	0	0	0	0	0		32
479	9	La5	A5	358	358	1	32	139	95	96	SAZ 	32.03125
480	9	Sol5	G5	349	349	1	32	139	95	96	.	32.0625
481	9	La5	A5	358	358	1	32	139	95	96	.	32.09375
482	9	Si5	B5	367	367	1	32	139	95	96	.	32.125
483	9	La5	A5	358	358	1	32	139	95	96	.	32.15625
484	9	Sol5	G5	349	349	1	32	139	95	96	.	32.1875
485	9	Fa5#4	F5#4	344	344	1	16	278	95	96	.	32.25
486	9	Sol5	G5	349	349	1	32	139	95	96	.	32.28125
487	9	Fa5#4	F5#4	344	344	1	32	139	95	96	.	32.3125
488	9	Sol5	G5	349	349	1	32	139	95	96	.	32.34375
489	9	La5	A5	358	358	1	32	139	95	96	.	32.375
490	9	Sol5	G5	349	349	1	32	139	95	96	.	32.40625
491	9	Fa5#4	F5#4	344	344	1	32	139	95	96	.	32.4375
492	9	Mi5	E5	336	336	1	16	278	95	96	.	32.5
493	9	Fa5#4	F5#4	344	344	1	32	139	95	96	.	32.53125
494	9	Mi5	E5	336	336	1	32	139	95	96	.	32.5625
495	9	Fa5#4	F5#4	344	344	1	32	139	95	96	.	32.59375
496	9	Sol5	G5	349	349	1	32	139	95	96	.	32.625
497	9	Fa5#4	F5#4	344	344	1	32	139	95	96	.	32.65625
498	9	Mi5	E5	336	336	1	32	139	95	96	.	32.6875
499	9	Re5	D5	327	327	1	16	278	95	96	.	32.75
500	9	Re5	D5	327	327	1	32	139	95	96	.	32.78125
501	9	Mi5	E5	336	336	1	32	139	95	96	.	32.8125
502	9	Fa5#4	F5#4	344	344	1	32	139	95	96	.	32.84375
503	9	Sol5	G5	349	349	1	32	139	95	96	.	32.875
504	9	La5	A5	358	358	1	32	139	95	96	.	32.90625
505	9	Fa5#4	F5#4	344	344	1	32	139	95	96	.	32.9375
506	9	Sol5	G5	349	349	1	32	139	95	96	.	32.96875
507	9	Mi5	E5	336	336	1	32	139	95	96	.	33
508	9	Re5	D5	327	327	1	8	556	95	96	Se	33.125
509	53			0	0	0	0	0	0	0		33.125
510	9	La5	A5	358	358	1	16	278	99	96	nin 	33.1875
511	9	Sol5	G5	349	349	1	16	278	99	96		33.25
512	9	Sol5	G5	349	349	1	16	278	99	96		33.3125
513	9	Fa5#4	F5#4	344	344	1	16	278	99	96		33.375
514	9	Fa5#4	F5#4	344	344	1	16	278	99	96		33.4375
515	9	Mi5	E5	336	336	1	16	278	95	96		33.5
516	9	Sol5	G5	349	349	1	24	185	99	96	çün 	33.54167
517	9	Fa5#4	F5#4	344	344	1	24	185	99	96		33.58333
518	9	Mi5	E5	336	336	1	24	185	99	96		33.625
519	9	Re5	D5	327	327	1	24	185	99	96		33.66667
520	9	Mi5	E5	336	336	1	24	185	99	96		33.70833
521	9	Fa5#4	F5#4	344	344	1	24	185	95	96		33.75
522	9	Sol5	G5	349	349	1	4	1111	95	96	bak 	34
523	53			0	0	0	0	0	0	0		34
524	9	Re5	D5	327	327	1	8	556	95	96	na	34.125
525	9	La5	A5	358	358	1	16	278	99	96	sıl 	34.1875
526	9	Sol5	G5	349	349	1	16	278	99	96		34.25
527	9	Sol5	G5	349	349	1	16	278	99	96		34.3125
528	9	Fa5#4	F5#4	344	344	1	16	278	99	96		34.375
529	9	Fa5#4	F5#4	344	344	1	16	278	99	96		34.4375
530	9	Mi5	E5	336	336	1	16	278	95	96		34.5
531	9	Mi5	E5	336	336	1	16	278	99	96	ağ	34.5625
532	9	Fa5#4	F5#4	344	344	1	16	278	99	96		34.625
533	9	Sol5	G5	349	349	1	16	278	99	96		34.6875
534	9	La5	A5	358	358	1	16	278	95	96		34.75
535	9	La5	A5	358	358	1	32	139	99	96	lar 	34.78125
536	9	Sol5	G5	349	349	1	32	139	99	96		34.8125
537	9	Fa5#4	F5#4	344	344	1	32	139	99	96		34.84375
538	9	mi5#4	E5#4	340	340	1	32	139	99	96		34.875
539	9	Fa5#4	F5#4	344	344	1	8	556	95	96		35
540	53			0	0	0	0	0	0	0		35
541	9	Re5	D5	327	327	1	8	556	95	96	ya	35.125
542	9	Sol5	G5	349	349	1	16	278	99	96	nar 	35.1875
543	9	La5	A5	358	358	1	16	278	99	96		35.25
544	9	Fa5#4	F5#4	344	344	1	16	278	99	96		35.3125
545	9	Sol5	G5	349	349	1	16	278	99	96		35.375
546	9	Mi5	E5	336	336	1	16	278	99	96		35.4375
547	9	Fa5	F5	340	340	1	16	278	95	96		35.5
548	9	Re5	D5	327	327	1	16	278	99	96	bu 	35.5625
549	9	Mi5	E5	336	336	1	16	278	99	96		35.625
550	9	Do5#4	C5#4	322	322	1	16	278	99	96		35.6875
551	9	Si4b4	B4b4	310	310	1	16	278	95	96		35.75
552	10	Do5#4	C5#4	322	322	1	16	278	99	96	â	35.8125
553	8	Re5	D5	327	327	0	0	0	99	96		35.8125
554	9	Do5#4	C5#4	322	322	1	32	139	99	96		35.84375
555	9	Si4b4	B4b4	310	310	1	32	139	99	96		35.875
556	9	La4	A4	305	305	1	8	556	95	96		36
557	53			0	0	0	0	0	0	0		36
558	9	La4	A4	305	305	1	8	556	95	96	şık_	36.125
559	9	Mi5	E5	336	336	1	16	278	99	96	ı 	36.1875
560	9	Re5	D5	327	327	1	16	278	99	96		36.25
561	9	Re5	D5	327	327	1	16	278	99	96		36.3125
562	9	Do5#4	C5#4	322	322	1	16	278	99	96		36.375
563	9	Do5#4	C5#4	322	322	1	16	278	99	96		36.4375
564	9	Si4b4	B4b4	310	310	1	16	278	95	96		36.5
565	9	Do5#4	C5#4	322	322	1	16	278	99	96	zâ	36.5625
566	9	Re5	D5	327	327	1	32	139	99	96		36.59375
567	9	Do5#4	C5#4	322	322	1	32	139	99	96		36.625
568	9	Si4b4	B4b4	310	310	1	16	278	99	96		36.6875
569	9	La4	A4	305	305	1	16	278	95	96		36.75
570	9	La4	A4	305	305	1	4	1111	95	96	rın  	37
571	53			0	0	0	0	0	0	0		37
