Sıra	Kod	Nota53	NotaAE	Koma53	KomaAE	Pay	Payda	Ms	LNS	Bas	Soz1	Offset
1	9	Mi5	E5	336	336	1	16	132	95	96	ARANAĞME	0.125
2	9	Fa5	F5	340	340	1	16	132	95	96	.	0.25
3	9	Sol5	G5	349	349	1	16	132	95	96	.	0.375
4	9	La5	A5	358	358	1	16	132	95	96	.	0.5
5	9	Sol5	G5	349	349	1	16	132	95	96	.	0.625
6	9	Fa5	F5	340	340	1	16	132	95	96	.	0.75
7	9	Mi5	E5	336	336	1	16	132	95	96	.	0.875
8	9	Re5	D5	327	327	1	16	132	95	96	.	1
9	9	Fa5	F5	340	340	1	8	263	95	96	.	1.25
10	9	Mi5	E5	336	336	1	8	263	95	96	.	1.5
11	9			-1	-1	1	8	263	100	0	.	1.75
12	9	La5	A5	358	358	1	8	263	95	96	.	2
13	9	Sol5	G5	349	349	1	16	132	95	96	.	2.125
14	9	Fa5	F5	340	340	1	16	132	95	96	.	2.25
15	9	Mi5	E5	336	336	1	16	132	95	96	.	2.375
16	9	Re5	D5	327	327	1	16	132	95	96	.	2.5
17	9	Do5#4	C5#4	322	322	1	16	132	95	96	.	2.625
18	9	Si4b4	B4b4	310	310	1	16	132	95	96	.	2.75
19	9	La4	A4	305	305	1	16	132	95	96	.	2.875
20	9	Sol4	G4	296	296	1	16	132	95	96	.	3
21	9	La4	A4	305	305	1	16	132	95	96	.	3.125
22	9	Si4b4	B4b4	310	310	1	16	132	95	96	.	3.25
23	9	Do5#4	C5#4	322	322	1	16	132	95	96	.	3.375
24	9	Re5	D5	327	327	1	16	132	95	96	.	3.5
25	9	Mi5	E5	336	336	1	16	132	95	96	.	3.625
26	9	Re5	D5	327	327	1	16	132	95	96	.	3.75
27	9	Mi5	E5	336	336	1	8	263	95	96	.	4
28	53			0	0	0	0	0	0	0		4
29	9	Mi5	E5	336	336	1	16	132	95	96	.	4.125
30	9	Fa5	F5	340	340	1	16	132	95	96	.	4.25
31	9	Sol5	G5	349	349	1	16	132	95	96	.	4.375
32	9	La5	A5	358	358	1	16	132	95	96	.	4.5
33	9	Sol5	G5	349	349	1	16	132	95	96	.	4.625
34	9	Fa5	F5	340	340	1	16	132	95	96	.	4.75
35	9	Mi5	E5	336	336	1	16	132	95	96	.	4.875
36	9	Re5	D5	327	327	1	16	132	95	96	.	5
37	9	Fa5	F5	340	340	1	8	263	95	96	.	5.25
38	9	Mi5	E5	336	336	1	8	263	95	96	.	5.5
39	9			-1	-1	1	8	263	100	0	.	5.75
40	9	La5	A5	358	358	1	8	263	95	96	.	6
41	9	Sol5	G5	349	349	1	16	132	95	96	.	6.125
42	9	Fa5	F5	340	340	1	16	132	95	96	.	6.25
43	9	Mi5	E5	336	336	1	16	132	95	96	.	6.375
44	9	Re5	D5	327	327	1	16	132	95	96	.	6.5
45	9	Do5#4	C5#4	322	322	1	16	132	95	96	.	6.625
46	9	Si4b4	B4b4	310	310	1	16	132	95	96	.	6.75
47	9	La4	A4	305	305	1	16	132	95	96	.	6.875
48	9	Sol4	G4	296	296	1	16	132	95	96	.	7
49	9	La4	A4	305	305	3	16	395	50	96	.	7.375
50	9	La4	A4	305	305	3	16	395	50	96	.	7.75
51	9	La4	A4	305	305	1	8	263	50	96	.	8
52	53			0	0	0	0	0	0	0		8
53	9	Mi5	E5	336	336	1	16	132	95	96	ARANAĞME	8.125
54	9	Fa5	F5	340	340	1	16	132	95	96	.	8.25
55	9	Sol5	G5	349	349	1	16	132	95	96	.	8.375
56	9	La5	A5	358	358	1	16	132	95	96	.	8.5
57	9	Sol5	G5	349	349	1	16	132	95	96	.	8.625
58	9	Fa5	F5	340	340	1	16	132	95	96	.	8.75
59	9	Mi5	E5	336	336	1	16	132	95	96	.	8.875
60	9	Re5	D5	327	327	1	16	132	95	96	.	9
61	9	Fa5	F5	340	340	1	8	263	95	96	.	9.25
62	9	Mi5	E5	336	336	1	8	263	95	96	.	9.5
63	9			-1	-1	1	8	263	100	0	.	9.75
64	9	La5	A5	358	358	1	8	263	95	96	.	10
65	9	Sol5	G5	349	349	1	16	132	95	96	.	10.125
66	9	Fa5	F5	340	340	1	16	132	95	96	.	10.25
67	9	Mi5	E5	336	336	1	16	132	95	96	.	10.375
68	9	Re5	D5	327	327	1	16	132	95	96	.	10.5
69	9	Do5#4	C5#4	322	322	1	16	132	95	96	.	10.625
70	9	Si4b4	B4b4	310	310	1	16	132	95	96	.	10.75
71	9	La4	A4	305	305	1	16	132	95	96	.	10.875
72	9	Sol4	G4	296	296	1	16	132	95	96	.	11
73	9	La4	A4	305	305	1	16	132	95	96	.	11.125
74	9	Si4b4	B4b4	310	310	1	16	132	95	96	.	11.25
75	9	Do5#4	C5#4	322	322	1	16	132	95	96	.	11.375
76	9	Re5	D5	327	327	1	16	132	95	96	.	11.5
77	9	Mi5	E5	336	336	1	16	132	95	96	.	11.625
78	9	Re5	D5	327	327	1	16	132	95	96	.	11.75
79	9	Mi5	E5	336	336	1	8	263	95	96	.	12
80	53			0	0	0	0	0	0	0		12
81	9	Mi5	E5	336	336	1	16	132	95	96	.	12.125
82	9	Fa5	F5	340	340	1	16	132	95	96	.	12.25
83	9	Sol5	G5	349	349	1	16	132	95	96	.	12.375
84	9	La5	A5	358	358	1	16	132	95	96	.	12.5
85	9	Sol5	G5	349	349	1	16	132	95	96	.	12.625
86	9	Fa5	F5	340	340	1	16	132	95	96	.	12.75
87	9	Mi5	E5	336	336	1	16	132	95	96	.	12.875
88	9	Re5	D5	327	327	1	16	132	95	96	.	13
89	9	Fa5	F5	340	340	1	8	263	95	96	.	13.25
90	9	Mi5	E5	336	336	1	8	263	95	96	.	13.5
91	9			-1	-1	1	8	263	100	0	.	13.75
92	9	La5	A5	358	358	1	8	263	95	96	.	14
93	9	Sol5	G5	349	349	1	16	132	95	96	.	14.125
94	9	Fa5	F5	340	340	1	16	132	95	96	.	14.25
95	9	Mi5	E5	336	336	1	16	132	95	96	.	14.375
96	9	Re5	D5	327	327	1	16	132	95	96	.	14.5
97	9	Do5#4	C5#4	322	322	1	16	132	95	96	.	14.625
98	9	Si4b4	B4b4	310	310	1	16	132	95	96	.	14.75
99	9	La4	A4	305	305	1	16	132	95	96	.	14.875
100	9	Sol4	G4	296	296	1	16	132	95	96	.	15
101	9	La4	A4	305	305	1	16	132	95	96	.	15.125
102	9	La5	A5	358	358	1	8	263	95	96	.	15.375
103	9	Sol5	G5	349	349	1	16	132	95	96	.	15.5
104	9	Fa5#4	F5#4	344	344	1	16	132	95	96	.	15.625
105	9	Sol5	G5	349	349	1	16	132	95	96	.	15.75
106	9	La5	A5	358	358	1	8	263	95	96	.	16
107	53			0	0	0	0	0	0	0		16
108	9	La5	A5	358	358	1	4	526	95	96	Yâr 	16.5
109	9	La5	A5	358	358	1	4	526	95	96	saç	17
110	9	La5	A5	358	358	1	8	263	50	96	la	17.25
111	9	La5	A5	358	358	3	8	789	50	96	rı 	18
112	9	La5	A5	358	358	1	8	263	95	96	lü	18.25
113	8	La5	A5	358	358	0	0	0	95	96		18.25
114	9	Si5b1	B5b1	366	366	1	8	263	99	96	le 	18.5
115	9	Sol5	G5	349	349	1	8	263	99	96		18.75
116	9	Fa5#4	F5#4	344	344	1	8	263	95	96		19
117	9	Sol5	G5	349	349	1	8	263	95	96	lü	19.25
118	9	La5	A5	358	358	1	8	263	95	96	le  	19.5
119	1	Re5	D5	327	327	1	16	132	95	96	SAZ	19.625
120	1	Fa5#4	F5#4	344	344	1	16	132	95	96	.	19.75
121	1	La5	A5	358	358	1	8	263	95	96	.	20
122	53			0	0	0	0	0	0	0		20
123	9	Sol5	G5	349	349	1	4	526	95	96	Yâr 	20.5
124	9	La5	A5	358	358	1	4	526	95	96	ben	21
125	8	La5	A5	358	358	0	0	0	95	96		21
126	9	Si5b1	B5b1	366	366	1	8	263	95	96	zi	21.25
127	9	Si5b1	B5b1	366	366	1	8	263	99	96	yor 	21.5
128	9	Sol5	G5	349	349	1	8	263	99	96		21.75
129	9	Fa5#4	F5#4	344	344	1	8	263	95	96		22
130	10	Sol5	G5	349	349	1	8	263	95	96	be	22.25
131	8	La5	A5	358	358	0	0	0	95	96		22.25
132	9	Sol5	G5	349	349	1	8	263	99	96	yaz 	22.5
133	9	Fa5	F5	340	340	1	8	263	99	96		22.75
134	9	Mi5	E5	336	336	1	8	263	95	96		23
135	9	Mi5	E5	336	336	1	8	263	95	96	gü	23.25
136	9	Mi5	E5	336	336	1	8	263	95	96	le  	23.5
137	9	Do5#4	C5#4	322	322	1	16	132	50	96	SAZ	23.625
138	9	Si4b4	B4b4	310	310	1	16	132	50	96	.	23.75
139	9	La4	A4	305	305	1	8	263	95	96	.	24
140	53			0	0	0	0	0	0	0		24
141	9	La5	A5	358	358	1	4	526	95	96	Yâr 	24.5
142	9	La5	A5	358	358	1	4	526	95	96	saç	25
143	9	La5	A5	358	358	1	8	263	50	96	la	25.25
144	9	La5	A5	358	358	3	8	789	50	96	rı 	26
145	9	La5	A5	358	358	1	8	263	95	96	lü	26.25
146	8	La5	A5	358	358	0	0	0	95	96		26.25
147	9	Si5b1	B5b1	366	366	1	8	263	99	96	le 	26.5
148	9	Sol5	G5	349	349	1	8	263	99	96		26.75
149	9	Fa5#4	F5#4	344	344	1	8	263	95	96		27
150	9	Sol5	G5	349	349	1	8	263	95	96	lü	27.25
151	9	La5	A5	358	358	1	8	263	95	96	le  	27.5
152	1	Re5	D5	327	327	1	16	132	95	96	SAZ	27.625
153	1	Fa5#4	F5#4	344	344	1	16	132	95	96	.	27.75
154	1	La5	A5	358	358	1	8	263	95	96	.	28
155	53			0	0	0	0	0	0	0		28
156	9	Sol5	G5	349	349	1	4	526	95	96	Yâr 	28.5
157	9	La5	A5	358	358	1	4	526	95	96	ben	29
158	8	La5	A5	358	358	0	0	0	95	96		29
159	9	Si5b1	B5b1	366	366	1	8	263	95	96	zi	29.25
160	9	Si5b1	B5b1	366	366	1	8	263	99	96	yor 	29.5
161	9	Sol5	G5	349	349	1	8	263	99	96		29.75
162	9	Fa5#4	F5#4	344	344	1	8	263	95	96		30
163	10	Sol5	G5	349	349	1	8	263	95	96	be	30.25
164	8	La5	A5	358	358	0	0	0	95	96		30.25
165	9	Sol5	G5	349	349	1	8	263	99	96	yaz 	30.5
166	9	Fa5	F5	340	340	1	8	263	99	96		30.75
167	9	Mi5	E5	336	336	1	8	263	95	96		31
168	9	Mi5	E5	336	336	1	8	263	95	96	gü	31.25
169	9	Mi5	E5	336	336	1	8	263	95	96	le  	31.5
170	9	Sol5	G5	349	349	1	16	132	95	96	SAZ	31.625
171	9	Fa5#4	F5#4	344	344	1	16	132	95	96	.	31.75
172	9	Sol5	G5	349	349	1	8	263	95	96	.	32
173	53			0	0	0	0	0	0	0		32
174	9	Fa5#4	F5#4	344	344	1	8	263	95	96	O 	32.25
175	9	Sol5	G5	349	349	1	4	526	95	96	gül 	32.75
176	9	Sol5	G5	349	349	1	8	263	95	96	be	33
177	12	Sol5	G5	349	349	1	4	526	99	96	nim 	33.5
178	9	Fa5	F5	340	340	1	8	263	99	96		33.75
179	9	Mi5	E5	336	336	1	8	263	95	96		34
180	9	Mi5	E5	336	336	1	8	263	95	96	ha	34.25
181	9	Fa5	F5	340	340	1	8	263	99	96	ya	34.5
182	9	Mi5	E5	336	336	1	8	263	99	96		34.75
183	9	Fa5	F5	340	340	1	8	263	95	96		35
184	8	Sol5	G5	349	349	0	0	0	95	96		35
185	9	La5	A5	358	358	1	4	526	95	96	tım	35.5
186	9	Sol5	G5	349	349	1	8	263	99	96	dır  	35.75
187	9	Fa5	F5	340	340	1	16	132	99	96		35.875
188	9	Mi5	E5	336	336	1	16	132	99	96		36
189	9	Re5	D5	327	327	1	4	526	95	96		36.5
190	53			0	0	0	0	0	0	0		36.5
191	9	La5	A5	358	358	1	8	263	95	96	Ö	36.75
192	9	La5	A5	358	358	1	8	263	95	96	lü	37
193	9	Sol5	G5	349	349	1	8	263	99	96	rüm 	37.25
194	9	Fa5	F5	340	340	1	8	263	95	96		37.5
195	8	Fa5	F5	340	340	0	0	0	95	96		37.5
196	9	Mi5	E5	336	336	1	8	263	99	96	de 	37.75
197	9	Re5	D5	327	327	1	8	263	95	96		38
198	9	Do5#4	C5#4	322	322	3	16	395	99	96	ver	38.375
199	9	Si4b4	B4b4	310	310	1	16	132	95	96		38.5
200	9	Si4b4	B4b4	310	310	1	8	263	95	96	mem_	38.75
201	9	Si4b4	B4b4	310	310	1	16	132	99	96	e	38.875
202	9	La4	A4	305	305	1	16	132	95	96		39
203	9	La4	A4	305	305	1	16	132	95	96	le  	39.125
204	9	Si4b4	B4b4	310	310	1	16	132	95	96	SAZ	39.25
205	9	Do5#4	C5#4	322	322	1	16	132	95	96	.	39.375
206	9	Re5	D5	327	327	1	16	132	95	96	.	39.5
207	9	Mi5	E5	336	336	1	16	132	95	96	.	39.625
208	9	Fa5#4	F5#4	344	344	1	16	132	95	96	.	39.75
209	9	Sol5	G5	349	349	1	8	263	95	96	.	40
210	53			0	0	0	0	0	0	0		40
211	9	Fa5#4	F5#4	344	344	1	8	263	95	96	O 	40.25
212	9	Sol5	G5	349	349	1	4	526	95	96	gül 	40.75
213	9	Sol5	G5	349	349	1	8	263	95	96	be	41
214	12	Sol5	G5	349	349	1	4	526	99	96	nim 	41.5
215	9	Fa5	F5	340	340	1	8	263	99	96		41.75
216	9	Mi5	E5	336	336	1	8	263	95	96		42
217	9	Mi5	E5	336	336	1	8	263	95	96	ha	42.25
218	9	Fa5	F5	340	340	1	8	263	99	96	ya	42.5
219	9	Mi5	E5	336	336	1	8	263	99	96		42.75
220	9	Fa5	F5	340	340	1	8	263	95	96		43
221	8	Sol5	G5	349	349	0	0	0	95	96		43
222	9	La5	A5	358	358	1	4	526	95	96	tım	43.5
223	9	Sol5	G5	349	349	1	8	263	99	96	dır  	43.75
224	9	Fa5	F5	340	340	1	16	132	99	96		43.875
225	9	Mi5	E5	336	336	1	16	132	99	96		44
226	9	Re5	D5	327	327	1	4	526	95	96		44.5
227	53			0	0	0	0	0	0	0		44.5
228	9	La5	A5	358	358	1	8	263	95	96	Ö	44.75
229	9	La5	A5	358	358	1	8	263	95	96	lü	45
230	9	Sol5	G5	349	349	1	8	263	99	96	rüm 	45.25
231	9	Fa5	F5	340	340	1	8	263	95	96		45.5
232	8	Fa5	F5	340	340	0	0	0	95	96		45.5
233	9	Mi5	E5	336	336	1	8	263	99	96	de 	45.75
234	9	Re5	D5	327	327	1	8	263	95	96		46
235	9	Do5#4	C5#4	322	322	3	16	395	99	96	ver	46.375
236	9	Si4b4	B4b4	310	310	1	16	132	95	96		46.5
237	9	Si4b4	B4b4	310	310	1	8	263	95	96	mem_	46.75
238	9	Si4b4	B4b4	310	310	1	16	132	99	96	e	46.875
239	9	La4	A4	305	305	1	16	132	95	96		47
240	9	La4	A4	305	305	1	8	263	95	96	le  	47.25
241	9	Re5	D5	327	327	1	8	263	50	96	SAZ	47.5
242	9	Re5	D5	327	327	1	8	263	50	96	.	47.75
243	9	Re5	D5	327	327	1	8	263	50	96	.	48
244	53			0	0	0	0	0	0	0		48
245	9	Re5	D5	327	327	1	4	526	95	96	Yâr 	48.5
246	9	Re5	D5	327	327	1	8	263	95	96	yâr 	48.75
247	9	Re5	D5	327	327	1	8	263	95	96	a	49
248	9	Re5	D5	327	327	1	2	1053	95	96	man 	50
249	9	Mi5	E5	336	336	1	4	526	95	96	yâr 	50.5
250	8	Sol5	G5	349	349	0	0	0	95	96		50.5
251	9	Fa5	F5	340	340	1	16	132	99	96	yâr 	50.625
252	9	Mi5	E5	336	336	1	16	132	95	96		50.75
253	9	Re5	D5	327	327	1	16	132	99	96	a	50.875
254	9	Do5#4	C5#4	322	322	1	16	132	95	96		51
255	9	Re5	D5	327	327	1	2	1053	50	96	man  	52
256	53			0	0	0	0	0	0	0		52
257	9	Re5	D5	327	327	1	4	526	95	96	Yâr 	52.5
258	9	Re5	D5	327	327	1	8	263	95	96	yü	52.75
259	9	Re5	D5	327	327	1	8	263	95	96	re	53
260	9	Re5	D5	327	327	1	2	1053	95	96	ğim 	54
261	9	Mi5	E5	336	336	1	4	526	95	96	ol	54.5
262	9	Fa5	F5	340	340	1	16	132	99	96	du 	54.625
263	9	Mi5	E5	336	336	1	16	132	95	96		54.75
264	9	Re5	D5	327	327	1	16	132	99	96	ke	54.875
265	9	Do5#4	C5#4	322	322	1	16	132	95	96		55
266	7	Re5	D5	327	327	1	8	263	99	96	man  	55.25
267	7	Mi5	E5	336	336	1	8	263	99	96		55.5
268	7	Fa5#4	F5#4	344	344	1	8	263	99	96		55.75
269	9	Sol5	G5	349	349	1	8	263	95	96		56
270	53			0	0	0	0	0	0	0		56
271	9	Fa5#4	F5#4	344	344	1	8	263	95	96	Ka	56.25
272	9	Sol5	G5	349	349	1	4	526	95	96	vuş	56.75
273	9	Sol5	G5	349	349	1	8	263	95	96	ma	57
274	12	Sol5	G5	349	349	1	4	526	99	96	mız 	57.5
275	9	Fa5#4	F5#4	344	344	1	8	263	99	96		57.75
276	9	Mi5	E5	336	336	1	8	263	95	96		58
277	9	Mi5	E5	336	336	1	4	526	95	96	yâr 	58.5
278	9	La5	A5	358	358	1	8	263	50	96	ne 	58.75
279	9	La5	A5	358	358	1	8	263	50	96	za	59
280	9	Sol5	G5	349	349	1	8	263	99	96	man 	59.25
281	10	Fa5#4	F5#4	344	344	1	8	263	99	96		59.5
282	8	Sol5	G5	349	349	0	0	0	99	96		59.5
283	9	Mi5	E5	336	336	1	8	263	99	96		59.75
284	9	Re5	D5	327	327	1	8	263	95	96		60
285	53			0	0	0	0	0	0	0		60
286	9	Mi5	E5	336	336	1	4	526	95	96	yâr 	60.5
287	9	Fa5	F5	340	340	1	16	132	99	96	ne 	60.625
288	9	Mi5	E5	336	336	1	16	132	95	96		60.75
289	9	Mi5	E5	336	336	1	16	132	99	96	za	60.875
290	9	Re5	D5	327	327	1	16	132	95	96		61
291	8	Re5	D5	327	327	0	0	0	95	96		61
292	9	Mi5	E5	336	336	1	4	526	99	96	man 	61.5
293	9	Re5	D5	327	327	1	8	263	99	96		61.75
294	9	Do5#4	C5#4	322	322	1	8	263	95	96		62
295	9	Do5#4	C5#4	322	322	3	16	395	99	96	yâr 	62.375
296	9	Si4b4	B4b4	310	310	1	16	132	95	96		62.5
297	9	Si4b4	B4b4	310	310	1	8	263	95	96	ne 	62.75
298	9	Si4b4	B4b4	310	310	1	16	132	99	96	za	62.875
299	9	La4	A4	305	305	1	16	132	95	96		63
300	9	La4	A4	305	305	1	16	132	95	96	man  	63.125
301	9	Si4b4	B4b4	310	310	1	16	132	95	96	SAZ	63.25
302	9	Do5#4	C5#4	322	322	1	16	132	95	96	.	63.375
303	9	Re5	D5	327	327	1	16	132	95	96	.	63.5
304	9	Mi5	E5	336	336	1	16	132	95	96	.	63.625
305	9	Fa5#4	F5#4	344	344	1	16	132	95	96	.	63.75
306	9	Sol5	G5	349	349	1	8	263	95	96	.	64
307	53			0	0	0	0	0	0	0		64
308	9	Fa5#4	F5#4	344	344	1	8	263	95	96	Ka	64.25
309	9	Sol5	G5	349	349	1	4	526	95	96	vuş	64.75
310	9	Sol5	G5	349	349	1	8	263	95	96	ma	65
311	12	Sol5	G5	349	349	1	4	526	99	96	mız 	65.5
312	9	Fa5#4	F5#4	344	344	1	8	263	99	96		65.75
313	9	Mi5	E5	336	336	1	8	263	95	96		66
314	9	Mi5	E5	336	336	1	4	526	95	96	yâr 	66.5
315	9	La5	A5	358	358	1	8	263	50	96	ne 	66.75
316	9	La5	A5	358	358	1	8	263	50	96	za	67
317	9	Sol5	G5	349	349	1	8	263	99	96	man 	67.25
318	10	Fa5#4	F5#4	344	344	1	8	263	99	96		67.5
319	8	Sol5	G5	349	349	0	0	0	99	96		67.5
320	9	Mi5	E5	336	336	1	8	263	99	96		67.75
321	9	Re5	D5	327	327	1	8	263	95	96		68
322	53			0	0	0	0	0	0	0		68
323	9	Mi5	E5	336	336	1	4	526	95	96	yâr 	68.5
324	9	Fa5	F5	340	340	1	16	132	99	96	ne 	68.625
325	9	Mi5	E5	336	336	1	16	132	95	96		68.75
326	9	Mi5	E5	336	336	1	16	132	99	96	za	68.875
327	9	Re5	D5	327	327	1	16	132	95	96		69
328	8	Re5	D5	327	327	0	0	0	95	96		69
329	9	Mi5	E5	336	336	1	4	526	99	96	man 	69.5
330	9	Re5	D5	327	327	1	8	263	99	96		69.75
331	9	Do5#4	C5#4	322	322	1	8	263	95	96		70
332	9	Do5#4	C5#4	322	322	3	16	395	99	96	yâr 	70.375
333	9	Si4b4	B4b4	310	310	1	16	132	95	96		70.5
334	9	Si4b4	B4b4	310	310	1	8	263	95	96	ne 	70.75
335	9	Si4b4	B4b4	310	310	1	16	132	99	96	za	70.875
336	9	La4	A4	305	305	1	16	132	95	96		71
337	9	La4	A4	305	305	1	2	1053	95	96	man  	72
338	53			0	0	0	0	0	0	0		72
339	9	Mi5	E5	336	336	1	16	132	95	96	ARANAĞME	72.125
340	9	Fa5	F5	340	340	1	16	132	95	96	.	72.25
341	9	Sol5	G5	349	349	1	16	132	95	96	.	72.375
342	9	La5	A5	358	358	1	16	132	95	96	.	72.5
343	9	Sol5	G5	349	349	1	16	132	95	96	.	72.625
344	9	Fa5	F5	340	340	1	16	132	95	96	.	72.75
345	9	Mi5	E5	336	336	1	16	132	95	96	.	72.875
346	9	Re5	D5	327	327	1	16	132	95	96	.	73
347	9	Fa5	F5	340	340	1	8	263	95	96	.	73.25
348	9	Mi5	E5	336	336	1	8	263	95	96	.	73.5
349	9			-1	-1	1	8	263	100	0	.	73.75
350	9	La5	A5	358	358	1	8	263	95	96	.	74
351	9	Sol5	G5	349	349	1	16	132	95	96	.	74.125
352	9	Fa5	F5	340	340	1	16	132	95	96	.	74.25
353	9	Mi5	E5	336	336	1	16	132	95	96	.	74.375
354	9	Re5	D5	327	327	1	16	132	95	96	.	74.5
355	9	Do5#4	C5#4	322	322	1	16	132	95	96	.	74.625
356	9	Si4b4	B4b4	310	310	1	16	132	95	96	.	74.75
357	9	La4	A4	305	305	1	16	132	95	96	.	74.875
358	9	Sol4	G4	296	296	1	16	132	95	96	.	75
359	9	La4	A4	305	305	1	16	132	95	96	.	75.125
360	9	Si4b4	B4b4	310	310	1	16	132	95	96	.	75.25
361	9	Do5#4	C5#4	322	322	1	16	132	95	96	.	75.375
362	9	Re5	D5	327	327	1	16	132	95	96	.	75.5
363	9	Mi5	E5	336	336	1	16	132	95	96	.	75.625
364	9	Re5	D5	327	327	1	16	132	95	96	.	75.75
365	9	Mi5	E5	336	336	1	8	263	95	96	.	76
366	53			0	0	0	0	0	0	0		76
367	9	Mi5	E5	336	336	1	16	132	95	96	.	76.125
368	9	Fa5	F5	340	340	1	16	132	95	96	.	76.25
369	9	Sol5	G5	349	349	1	16	132	95	96	.	76.375
370	9	La5	A5	358	358	1	16	132	95	96	.	76.5
371	9	Sol5	G5	349	349	1	16	132	95	96	.	76.625
372	9	Fa5	F5	340	340	1	16	132	95	96	.	76.75
373	9	Mi5	E5	336	336	1	16	132	95	96	.	76.875
374	9	Re5	D5	327	327	1	16	132	95	96	.	77
375	9	Fa5	F5	340	340	1	8	263	95	96	.	77.25
376	9	Mi5	E5	336	336	1	8	263	95	96	.	77.5
377	9			-1	-1	1	8	263	100	0	.	77.75
378	9	La5	A5	358	358	1	8	263	95	96	.	78
379	9	Sol5	G5	349	349	1	16	132	95	96	.	78.125
380	9	Fa5	F5	340	340	1	16	132	95	96	.	78.25
381	9	Mi5	E5	336	336	1	16	132	95	96	.	78.375
382	9	Re5	D5	327	327	1	16	132	95	96	.	78.5
383	9	Do5#4	C5#4	322	322	1	16	132	95	96	.	78.625
384	9	Si4b4	B4b4	310	310	1	16	132	95	96	.	78.75
385	9	La4	A4	305	305	1	16	132	95	96	.	78.875
386	9	Sol4	G4	296	296	1	16	132	95	96	.	79
387	9	La4	A4	305	305	3	16	395	50	96	.	79.375
388	9	La4	A4	305	305	3	16	395	50	96	.	79.75
389	9	La4	A4	305	305	1	8	263	50	96	.	80
390	53			0	0	0	0	0	0	0		80
391	9	Mi5	E5	336	336	1	16	132	95	96	ARANAĞME	80.125
392	9	Fa5	F5	340	340	1	16	132	95	96	.	80.25
393	9	Sol5	G5	349	349	1	16	132	95	96	.	80.375
394	9	La5	A5	358	358	1	16	132	95	96	.	80.5
395	9	Sol5	G5	349	349	1	16	132	95	96	.	80.625
396	9	Fa5	F5	340	340	1	16	132	95	96	.	80.75
397	9	Mi5	E5	336	336	1	16	132	95	96	.	80.875
398	9	Re5	D5	327	327	1	16	132	95	96	.	81
399	9	Fa5	F5	340	340	1	8	263	95	96	.	81.25
400	9	Mi5	E5	336	336	1	8	263	95	96	.	81.5
401	9			-1	-1	1	8	263	100	0	.	81.75
402	9	La5	A5	358	358	1	8	263	95	96	.	82
403	9	Sol5	G5	349	349	1	16	132	95	96	.	82.125
404	9	Fa5	F5	340	340	1	16	132	95	96	.	82.25
405	9	Mi5	E5	336	336	1	16	132	95	96	.	82.375
406	9	Re5	D5	327	327	1	16	132	95	96	.	82.5
407	9	Do5#4	C5#4	322	322	1	16	132	95	96	.	82.625
408	9	Si4b4	B4b4	310	310	1	16	132	95	96	.	82.75
409	9	La4	A4	305	305	1	16	132	95	96	.	82.875
410	9	Sol4	G4	296	296	1	16	132	95	96	.	83
411	9	La4	A4	305	305	1	16	132	95	96	.	83.125
412	9	Si4b4	B4b4	310	310	1	16	132	95	96	.	83.25
413	9	Do5#4	C5#4	322	322	1	16	132	95	96	.	83.375
414	9	Re5	D5	327	327	1	16	132	95	96	.	83.5
415	9	Mi5	E5	336	336	1	16	132	95	96	.	83.625
416	9	Re5	D5	327	327	1	16	132	95	96	.	83.75
417	9	Mi5	E5	336	336	1	8	263	95	96	.	84
418	53			0	0	0	0	0	0	0		84
419	9	Mi5	E5	336	336	1	16	132	95	96	.	84.125
420	9	Fa5	F5	340	340	1	16	132	95	96	.	84.25
421	9	Sol5	G5	349	349	1	16	132	95	96	.	84.375
422	9	La5	A5	358	358	1	16	132	95	96	.	84.5
423	9	Sol5	G5	349	349	1	16	132	95	96	.	84.625
424	9	Fa5	F5	340	340	1	16	132	95	96	.	84.75
425	9	Mi5	E5	336	336	1	16	132	95	96	.	84.875
426	9	Re5	D5	327	327	1	16	132	95	96	.	85
427	9	Fa5	F5	340	340	1	8	263	95	96	.	85.25
428	9	Mi5	E5	336	336	1	8	263	95	96	.	85.5
429	9			-1	-1	1	8	263	100	0	.	85.75
430	9	La5	A5	358	358	1	8	263	95	96	.	86
431	9	Sol5	G5	349	349	1	16	132	95	96	.	86.125
432	9	Fa5	F5	340	340	1	16	132	95	96	.	86.25
433	9	Mi5	E5	336	336	1	16	132	95	96	.	86.375
434	9	Re5	D5	327	327	1	16	132	95	96	.	86.5
435	9	Do5#4	C5#4	322	322	1	16	132	95	96	.	86.625
436	9	Si4b4	B4b4	310	310	1	16	132	95	96	.	86.75
437	9	La4	A4	305	305	1	16	132	95	96	.	86.875
438	9	Sol4	G4	296	296	1	16	132	95	96	.	87
439	9	La4	A4	305	305	1	16	132	95	96	.	87.125
440	9	La5	A5	358	358	1	8	263	95	96	.	87.375
441	9	Sol5	G5	349	349	1	16	132	95	96	.	87.5
442	9	Fa5#4	F5#4	344	344	1	16	132	95	96	.	87.625
443	9	Sol5	G5	349	349	1	16	132	95	96	.	87.75
444	9	La5	A5	358	358	1	8	263	95	96	.	88
445	53			0	0	0	0	0	0	0		88
446	9	La5	A5	358	358	1	4	526	95	96	Yâr 	88.5
447	9	La5	A5	358	358	1	4	526	95	96	saç	89
448	9	La5	A5	358	358	1	8	263	50	96	la	89.25
449	9	La5	A5	358	358	3	8	789	50	96	rı 	90
450	9	La5	A5	358	358	1	8	263	95	96	lü	90.25
451	8	La5	A5	358	358	0	0	0	95	96		90.25
452	9	Si5b1	B5b1	366	366	1	8	263	99	96	le 	90.5
453	9	Sol5	G5	349	349	1	8	263	99	96		90.75
454	9	Fa5#4	F5#4	344	344	1	8	263	95	96		91
455	9	Sol5	G5	349	349	1	8	263	95	96	lü	91.25
456	9	La5	A5	358	358	1	8	263	95	96	le  	91.5
457	1	Re5	D5	327	327	1	16	132	95	96	SAZ	91.625
458	1	Fa5#4	F5#4	344	344	1	16	132	95	96	.	91.75
459	1	La5	A5	358	358	1	8	263	95	96	.	92
460	53			0	0	0	0	0	0	0		92
461	9	Sol5	G5	349	349	1	4	526	95	96	Yâr 	92.5
462	9	La5	A5	358	358	1	4	526	95	96	ben	93
463	8	La5	A5	358	358	0	0	0	95	96		93
464	9	Si5b1	B5b1	366	366	1	8	263	95	96	zi	93.25
465	9	Si5b1	B5b1	366	366	1	8	263	99	96	yor 	93.5
466	9	Sol5	G5	349	349	1	8	263	99	96		93.75
467	9	Fa5#4	F5#4	344	344	1	8	263	95	96		94
468	10	Sol5	G5	349	349	1	8	263	95	96	be	94.25
469	8	La5	A5	358	358	0	0	0	95	96		94.25
470	9	Sol5	G5	349	349	1	8	263	99	96	yaz 	94.5
471	9	Fa5	F5	340	340	1	8	263	99	96		94.75
472	9	Mi5	E5	336	336	1	8	263	95	96		95
473	9	Mi5	E5	336	336	1	8	263	95	96	gü	95.25
474	9	Mi5	E5	336	336	1	8	263	95	96	le  	95.5
475	9	Do5#4	C5#4	322	322	1	16	132	50	96	SAZ	95.625
476	9	Si4b4	B4b4	310	310	1	16	132	50	96	.	95.75
477	9	La4	A4	305	305	1	8	263	95	96	.	96
478	53			0	0	0	0	0	0	0		96
479	9	La5	A5	358	358	1	4	526	95	96	Yâr 	96.5
480	9	La5	A5	358	358	1	4	526	95	96	saç	97
481	9	La5	A5	358	358	1	8	263	50	96	la	97.25
482	9	La5	A5	358	358	3	8	789	50	96	rı 	98
483	9	La5	A5	358	358	1	8	263	95	96	lü	98.25
484	8	La5	A5	358	358	0	0	0	95	96		98.25
485	9	Si5b1	B5b1	366	366	1	8	263	99	96	le 	98.5
486	9	Sol5	G5	349	349	1	8	263	99	96		98.75
487	9	Fa5#4	F5#4	344	344	1	8	263	95	96		99
488	9	Sol5	G5	349	349	1	8	263	95	96	lü	99.25
489	9	La5	A5	358	358	1	8	263	95	96	le  	99.5
490	1	Re5	D5	327	327	1	16	132	95	96	SAZ	99.625
491	1	Fa5#4	F5#4	344	344	1	16	132	95	96	.	99.75
492	1	La5	A5	358	358	1	8	263	95	96	.	100
493	53			0	0	0	0	0	0	0		100
494	9	Sol5	G5	349	349	1	4	526	95	96	Yâr 	100.5
495	9	La5	A5	358	358	1	4	526	95	96	ben	101
496	8	La5	A5	358	358	0	0	0	95	96		101
497	9	Si5b1	B5b1	366	366	1	8	263	95	96	zi	101.25
498	9	Si5b1	B5b1	366	366	1	8	263	99	96	yor 	101.5
499	9	Sol5	G5	349	349	1	8	263	99	96		101.75
500	9	Fa5#4	F5#4	344	344	1	8	263	95	96		102
501	10	Sol5	G5	349	349	1	8	263	95	96	be	102.25
502	8	La5	A5	358	358	0	0	0	95	96		102.25
503	9	Sol5	G5	349	349	1	8	263	99	96	yaz 	102.5
504	9	Fa5	F5	340	340	1	8	263	99	96		102.75
505	9	Mi5	E5	336	336	1	8	263	95	96		103
506	9	Mi5	E5	336	336	1	8	263	95	96	gü	103.25
507	9	Mi5	E5	336	336	1	8	263	95	96	le  	103.5
508	9	Sol5	G5	349	349	1	16	132	95	96	SAZ	103.625
509	9	Fa5#4	F5#4	344	344	1	16	132	95	96	.	103.75
510	9	Sol5	G5	349	349	1	8	263	95	96	.	104
511	53			0	0	0	0	0	0	0		104
512	9	Fa5#4	F5#4	344	344	1	8	263	95	96	O 	104.25
513	9	Sol5	G5	349	349	1	4	526	95	96	gül 	104.75
514	9	Sol5	G5	349	349	1	8	263	95	96	be	105
515	12	Sol5	G5	349	349	1	4	526	99	96	nim 	105.5
516	9	Fa5	F5	340	340	1	8	263	99	96		105.75
517	9	Mi5	E5	336	336	1	8	263	95	96		106
518	9	Mi5	E5	336	336	1	8	263	95	96	ha	106.25
519	9	Fa5	F5	340	340	1	8	263	99	96	ya	106.5
520	9	Mi5	E5	336	336	1	8	263	99	96		106.75
521	9	Fa5	F5	340	340	1	8	263	95	96		107
522	8	Sol5	G5	349	349	0	0	0	95	96		107
523	9	La5	A5	358	358	1	4	526	95	96	tım	107.5
524	9	Sol5	G5	349	349	1	8	263	99	96	dır  	107.75
525	9	Fa5	F5	340	340	1	16	132	99	96		107.875
526	9	Mi5	E5	336	336	1	16	132	99	96		108
527	9	Re5	D5	327	327	1	4	526	95	96		108.5
528	53			0	0	0	0	0	0	0		108.5
529	9	La5	A5	358	358	1	8	263	95	96	Ö	108.75
530	9	La5	A5	358	358	1	8	263	95	96	lü	109
531	9	Sol5	G5	349	349	1	8	263	99	96	rüm 	109.25
532	9	Fa5	F5	340	340	1	8	263	95	96		109.5
533	8	Fa5	F5	340	340	0	0	0	95	96		109.5
534	9	Mi5	E5	336	336	1	8	263	99	96	de 	109.75
535	9	Re5	D5	327	327	1	8	263	95	96		110
536	9	Do5#4	C5#4	322	322	3	16	395	99	96	ver	110.375
537	9	Si4b4	B4b4	310	310	1	16	132	95	96		110.5
538	9	Si4b4	B4b4	310	310	1	8	263	95	96	mem_	110.75
539	9	Si4b4	B4b4	310	310	1	16	132	99	96	e	110.875
540	9	La4	A4	305	305	1	16	132	95	96		111
541	9	La4	A4	305	305	1	16	132	95	96	le  	111.125
542	9	Si4b4	B4b4	310	310	1	16	132	95	96	SAZ	111.25
543	9	Do5#4	C5#4	322	322	1	16	132	95	96	.	111.375
544	9	Re5	D5	327	327	1	16	132	95	96	.	111.5
545	9	Mi5	E5	336	336	1	16	132	95	96	.	111.625
546	9	Fa5#4	F5#4	344	344	1	16	132	95	96	.	111.75
547	9	Sol5	G5	349	349	1	8	263	95	96	.	112
548	53			0	0	0	0	0	0	0		112
549	9	Fa5#4	F5#4	344	344	1	8	263	95	96	O 	112.25
550	9	Sol5	G5	349	349	1	4	526	95	96	gül 	112.75
551	9	Sol5	G5	349	349	1	8	263	95	96	be	113
552	12	Sol5	G5	349	349	1	4	526	99	96	nim 	113.5
553	9	Fa5	F5	340	340	1	8	263	99	96		113.75
554	9	Mi5	E5	336	336	1	8	263	95	96		114
555	9	Mi5	E5	336	336	1	8	263	95	96	ha	114.25
556	9	Fa5	F5	340	340	1	8	263	99	96	ya	114.5
557	9	Mi5	E5	336	336	1	8	263	99	96		114.75
558	9	Fa5	F5	340	340	1	8	263	95	96		115
559	8	Sol5	G5	349	349	0	0	0	95	96		115
560	9	La5	A5	358	358	1	4	526	95	96	tım	115.5
561	9	Sol5	G5	349	349	1	8	263	99	96	dır  	115.75
562	9	Fa5	F5	340	340	1	16	132	99	96		115.875
563	9	Mi5	E5	336	336	1	16	132	99	96		116
564	9	Re5	D5	327	327	1	4	526	95	96		116.5
565	53			0	0	0	0	0	0	0		116.5
566	9	La5	A5	358	358	1	8	263	95	96	Ö	116.75
567	9	La5	A5	358	358	1	8	263	95	96	lü	117
568	9	Sol5	G5	349	349	1	8	263	99	96	rüm 	117.25
569	9	Fa5	F5	340	340	1	8	263	95	96		117.5
570	8	Fa5	F5	340	340	0	0	0	95	96		117.5
571	9	Mi5	E5	336	336	1	8	263	99	96	de 	117.75
572	9	Re5	D5	327	327	1	8	263	95	96		118
573	9	Do5#4	C5#4	322	322	3	16	395	99	96	ver	118.375
574	9	Si4b4	B4b4	310	310	1	16	132	95	96		118.5
575	9	Si4b4	B4b4	310	310	1	8	263	95	96	mem_	118.75
576	9	Si4b4	B4b4	310	310	1	16	132	99	96	e	118.875
577	9	La4	A4	305	305	1	16	132	95	96		119
578	9	La4	A4	305	305	1	8	263	95	96	le  	119.25
579	9	Re5	D5	327	327	1	8	263	50	96	SAZ	119.5
580	9	Re5	D5	327	327	1	8	263	50	96	.	119.75
581	9	Re5	D5	327	327	1	8	263	50	96	.	120
582	53			0	0	0	0	0	0	0		120
583	9	Re5	D5	327	327	1	4	526	95	96	Yâr 	120.5
584	9	Re5	D5	327	327	1	8	263	95	96	yâr 	120.75
585	9	Re5	D5	327	327	1	8	263	95	96	a	121
586	9	Re5	D5	327	327	1	2	1053	95	96	man 	122
587	9	Mi5	E5	336	336	1	4	526	95	96	yâr 	122.5
588	8	Sol5	G5	349	349	0	0	0	95	96		122.5
589	9	Fa5	F5	340	340	1	16	132	99	96	yâr 	122.625
590	9	Mi5	E5	336	336	1	16	132	95	96		122.75
591	9	Re5	D5	327	327	1	16	132	99	96	a	122.875
592	9	Do5#4	C5#4	322	322	1	16	132	95	96		123
593	9	Re5	D5	327	327	1	2	1053	50	96	man  	124
594	53			0	0	0	0	0	0	0		124
595	9	Re5	D5	327	327	1	4	526	95	96	Yâr 	124.5
596	9	Re5	D5	327	327	1	8	263	95	96	yü	124.75
597	9	Re5	D5	327	327	1	8	263	95	96	re	125
598	9	Re5	D5	327	327	1	2	1053	95	96	ğim 	126
599	9	Mi5	E5	336	336	1	4	526	95	96	ol	126.5
600	9	Fa5	F5	340	340	1	16	132	99	96	du 	126.625
601	9	Mi5	E5	336	336	1	16	132	95	96		126.75
602	9	Re5	D5	327	327	1	16	132	99	96	ke	126.875
603	9	Do5#4	C5#4	322	322	1	16	132	95	96		127
604	7	Re5	D5	327	327	1	8	263	99	96	man  	127.25
605	7	Mi5	E5	336	336	1	8	263	99	96		127.5
606	7	Fa5#4	F5#4	344	344	1	8	263	99	96		127.75
607	9	Sol5	G5	349	349	1	8	263	95	96		128
608	53			0	0	0	0	0	0	0		128
609	9	Fa5#4	F5#4	344	344	1	8	263	95	96	Ka	128.25
610	9	Sol5	G5	349	349	1	4	526	95	96	vuş	128.75
611	9	Sol5	G5	349	349	1	8	263	95	96	ma	129
612	12	Sol5	G5	349	349	1	4	526	99	96	mız 	129.5
613	9	Fa5#4	F5#4	344	344	1	8	263	99	96		129.75
614	9	Mi5	E5	336	336	1	8	263	95	96		130
615	9	Mi5	E5	336	336	1	4	526	95	96	yâr 	130.5
616	9	La5	A5	358	358	1	8	263	50	96	ne 	130.75
617	9	La5	A5	358	358	1	8	263	50	96	za	131
618	9	Sol5	G5	349	349	1	8	263	99	96	man 	131.25
619	10	Fa5#4	F5#4	344	344	1	8	263	99	96		131.5
620	8	Sol5	G5	349	349	0	0	0	99	96		131.5
621	9	Mi5	E5	336	336	1	8	263	99	96		131.75
622	9	Re5	D5	327	327	1	8	263	95	96		132
623	53			0	0	0	0	0	0	0		132
624	9	Mi5	E5	336	336	1	4	526	95	96	yâr 	132.5
625	9	Fa5	F5	340	340	1	16	132	99	96	ne 	132.625
626	9	Mi5	E5	336	336	1	16	132	95	96		132.75
627	9	Mi5	E5	336	336	1	16	132	99	96	za	132.875
628	9	Re5	D5	327	327	1	16	132	95	96		133
629	8	Re5	D5	327	327	0	0	0	95	96		133
630	9	Mi5	E5	336	336	1	4	526	99	96	man 	133.5
631	9	Re5	D5	327	327	1	8	263	99	96		133.75
632	9	Do5#4	C5#4	322	322	1	8	263	95	96		134
633	9	Do5#4	C5#4	322	322	3	16	395	99	96	yâr 	134.375
634	9	Si4b4	B4b4	310	310	1	16	132	95	96		134.5
635	9	Si4b4	B4b4	310	310	1	8	263	95	96	ne 	134.75
636	9	Si4b4	B4b4	310	310	1	16	132	99	96	za	134.875
637	9	La4	A4	305	305	1	16	132	95	96		135
638	9	La4	A4	305	305	1	16	132	95	96	man  	135.125
639	9	Si4b4	B4b4	310	310	1	16	132	95	96	SAZ	135.25
640	9	Do5#4	C5#4	322	322	1	16	132	95	96	.	135.375
641	9	Re5	D5	327	327	1	16	132	95	96	.	135.5
642	9	Mi5	E5	336	336	1	16	132	95	96	.	135.625
643	9	Fa5#4	F5#4	344	344	1	16	132	95	96	.	135.75
644	9	Sol5	G5	349	349	1	8	263	95	96	.	136
645	53			0	0	0	0	0	0	0		136
646	9	Fa5#4	F5#4	344	344	1	8	263	95	96	Ka	136.25
647	9	Sol5	G5	349	349	1	4	526	95	96	vuş	136.75
648	9	Sol5	G5	349	349	1	8	263	95	96	ma	137
649	12	Sol5	G5	349	349	1	4	526	99	96	mız 	137.5
650	9	Fa5#4	F5#4	344	344	1	8	263	99	96		137.75
651	9	Mi5	E5	336	336	1	8	263	95	96		138
652	9	Mi5	E5	336	336	1	4	526	95	96	yâr 	138.5
653	9	La5	A5	358	358	1	8	263	50	96	ne 	138.75
654	9	La5	A5	358	358	1	8	263	50	96	za	139
655	9	Sol5	G5	349	349	1	8	263	99	96	man 	139.25
656	10	Fa5#4	F5#4	344	344	1	8	263	99	96		139.5
657	8	Sol5	G5	349	349	0	0	0	99	96		139.5
658	9	Mi5	E5	336	336	1	8	263	99	96		139.75
659	9	Re5	D5	327	327	1	8	263	95	96		140
660	53			0	0	0	0	0	0	0		140
661	9	Mi5	E5	336	336	1	4	526	95	96	yâr 	140.5
662	9	Fa5	F5	340	340	1	16	132	99	96	ne 	140.625
663	9	Mi5	E5	336	336	1	16	132	95	96		140.75
664	9	Mi5	E5	336	336	1	16	132	99	96	za	140.875
665	9	Re5	D5	327	327	1	16	132	95	96		141
666	8	Re5	D5	327	327	0	0	0	95	96		141
667	9	Mi5	E5	336	336	1	4	526	99	96	man 	141.5
668	9	Re5	D5	327	327	1	8	263	99	96		141.75
669	9	Do5#4	C5#4	322	322	1	8	263	95	96		142
670	9	Do5#4	C5#4	322	322	3	16	395	99	96	yâr 	142.375
671	9	Si4b4	B4b4	310	310	1	16	132	95	96		142.5
672	9	Si4b4	B4b4	310	310	1	8	263	95	96	ne 	142.75
673	9	Si4b4	B4b4	310	310	1	16	132	99	96	za	142.875
674	9	La4	A4	305	305	1	16	132	95	96		143
675	9	La4	A4	305	305	1	2	1053	95	96	man  	144
676	53			0	0	0	0	0	0	0		144
