Sýra	Kod	Nota53	NotaAE	Koma53	KomaAE	Pay	Payda	Ms	LNS	Bas	Soz1	Offset
1	9			-1	-1	1	8	385	100	0		0.125
2	9	Sol5	G5	349	349	1	8	385	95	96	ARANAÐME	0.25
3	9	La5b4	A5b4	354	354	1	8	385	95	96	.	0.375
4	9	Si5b1	B5b1	366	366	1	8	385	95	96	.	0.5
5	9	Do6	C6	371	371	1	16	192	95	96	.	0.5625
6	9	Re6	D6	380	380	1	16	192	95	96	.	0.625
7	9	Si5b1	B5b1	366	366	1	16	192	95	96	.	0.6875
8	9	Do6	C6	371	371	1	16	192	95	96	.	0.75
9	9	La5b4	A5b4	354	354	1	16	192	95	96	.	0.8125
10	9	Si5b1	B5b1	366	366	1	16	192	95	96	.	0.875
11	9	Sol5	G5	349	349	1	8	385	95	96	.	1
12	53			0	0	0	0	0	0	0		1
13	9			-1	-1	1	8	385	100	0	.	1.125
14	9	Fa5#4	F5#4	344	344	1	16	192	95	96	.	1.1875
15	9	La5b4	A5b4	354	354	1	16	192	95	96	.	1.25
16	9	Sol5	G5	349	349	1	8	385	95	96	.	1.375
17	9	Fa5#4	F5#4	344	344	1	8	385	95	96	.	1.5
18	9	Mi5b4	E5b4	332	332	1	16	192	95	96	.	1.5625
19	9	Fa5#4	F5#4	344	344	1	16	192	95	96	.	1.625
20	9	Mi5b4	E5b4	332	332	1	16	192	95	96	.	1.6875
21	9	Re5	D5	327	327	1	16	192	95	96	.	1.75
22	9	Do5	C5	318	318	3	32	288	95	96	.	1.84375
23	9	Si4b1	B4b1	313	313	1	32	96	95	96	.	1.875
24	9	Do5	C5	318	318	1	8	385	95	96	.	2
25	53			0	0	0	0	0	0	0		2
26	9			-1	-1	1	8	385	100	0	.	2.125
27	9	Sol5	G5	349	349	1	8	385	95	96	.	2.25
28	9	La5b4	A5b4	354	354	1	8	385	95	96	.	2.375
29	9	Do6	C6	371	371	1	8	385	95	96	.	2.5
30	9	Si5b1	B5b1	366	366	1	8	385	95	96	.	2.625
31	9	La5b4	A5b4	354	354	1	8	385	95	96	.	2.75
32	9	Sol5	G5	349	349	1	8	385	95	96	.	2.875
33	9	Fa5#4	F5#4	344	344	1	16	192	95	96	.	2.9375
34	9	Sol5	G5	349	349	1	16	192	95	96	.	3
35	9	La5b4	A5b4	354	354	1	2	1538	95	96	.	3.5
36	9	La5b4	A5b4	354	354	1	8	385	95	96	.	3.625
37	9	Sol5	G5	349	349	1	16	192	95	96	.	3.6875
38	9	La5b4	A5b4	354	354	1	16	192	95	96	.	3.75
39	9	Si5b1	B5b1	366	366	1	16	192	95	96	.	3.8125
40	9	La5b4	A5b4	354	354	1	16	192	95	96	.	3.875
41	9	Sol5	G5	349	349	1	8	385	95	96	.	4
42	53			0	0	0	0	0	0	0		4
43	9			-1	-1	1	8	385	100	0	.	4.125
44	9	Sol5	G5	349	349	3	8	1154	95	96	.	4.5
45	9	Sol5	G5	349	349	1	8	385	95	96	.	4.625
46	9	Fa5#4	F5#4	344	344	1	16	192	95	96	.	4.6875
47	9	Sol5	G5	349	349	1	16	192	95	96	.	4.75
48	9	La5b4	A5b4	354	354	1	16	192	95	96	.	4.8125
49	9	Sol5	G5	349	349	1	16	192	95	96	.	4.875
50	9	Fa5#4	F5#4	344	344	1	8	385	95	96	.	5
51	53			0	0	0	0	0	0	0		5
52	9			-1	-1	1	8	385	100	0	.	5.125
53	9	Fa5#4	F5#4	344	344	3	8	1154	95	96	.	5.5
54	9	Fa5#4	F5#4	344	344	1	8	385	95	96	.	5.625
55	9	Mi5b4	E5b4	332	332	1	16	192	95	96	.	5.6875
56	9	Fa5#4	F5#4	344	344	1	16	192	95	96	.	5.75
57	9	Sol5	G5	349	349	1	16	192	95	96	.	5.8125
58	9	Fa5#4	F5#4	344	344	1	16	192	95	96	.	5.875
59	9	Mi5b4	E5b4	332	332	1	8	385	95	96	.	6
60	53			0	0	0	0	0	0	0		6
61	9			-1	-1	1	8	385	100	0	.	6.125
62	9	Mi5b4	E5b4	332	332	3	8	1154	95	96	.	6.5
63	9	Mi5b4	E5b4	332	332	1	8	385	95	96	.	6.625
64	9	Re5	D5	327	327	1	16	192	95	96	.	6.6875
65	9	Mi5b4	E5b4	332	332	1	16	192	95	96	.	6.75
66	9	Fa5#4	F5#4	344	344	1	16	192	95	96	.	6.8125
67	9	Mi5b4	E5b4	332	332	1	16	192	95	96	.	6.875
68	9	Re5	D5	327	327	1	8	385	95	96	.	7
69	53			0	0	0	0	0	0	0		7
70	9			-1	-1	1	8	385	100	0	.	7.125
71	9	Re5	D5	327	327	3	8	1154	95	96	.	7.5
72	9	Re5	D5	327	327	1	8	385	95	96	.	7.625
73	9	Do5	C5	318	318	1	16	192	95	96	.	7.6875
74	9	Re5	D5	327	327	1	16	192	95	96	.	7.75
75	9	Mi5b4	E5b4	332	332	1	16	192	95	96	.	7.8125
76	9	Re5	D5	327	327	1	16	192	95	96	.	7.875
77	9	Do5	C5	318	318	1	8	385	95	96	.	8
78	53			0	0	0	0	0	0	0		8
79	9			-1	-1	1	8	385	100	0	.	8.125
80	9	Si4b1	B4b1	313	313	1	8	385	95	96	.	8.25
81	9	Do5	C5	318	318	1	8	385	95	96	.	8.375
82	9	Re5	D5	327	327	1	8	385	95	96	.	8.5
83	9	Mi5b4	E5b4	332	332	1	8	385	95	96	.	8.625
84	9	Fa5#4	F5#4	344	344	1	8	385	95	96	.	8.75
85	9	Sol5	G5	349	349	1	4	769	95	96	.	9
86	9			-1	-1	1	8	385	100	0	.	9.125
87	9	Fa5#4	F5#4	344	344	1	16	192	95	96	.	9.1875
88	9	La5b4	A5b4	354	354	1	16	192	95	96	.	9.25
89	9	Sol5	G5	349	349	1	8	385	95	96	.	9.375
90	9	Fa5#4	F5#4	344	344	1	8	385	95	96	.	9.5
91	9	Mi5b4	E5b4	332	332	1	16	192	95	96	.	9.5625
92	9	Fa5#4	F5#4	344	344	1	16	192	95	96	.	9.625
93	9	Mi5b4	E5b4	332	332	1	16	192	95	96	.	9.6875
94	9	Re5	D5	327	327	1	16	192	95	96	.	9.75
95	9	Do5	C5	318	318	3	32	288	95	96	.	9.84375
96	9	Si4b1	B4b1	313	313	1	32	96	95	96	.	9.875
97	9	Do5	C5	318	318	1	8	385	95	96	.	10
98	53			0	0	0	0	0	0	0		10
99	9			-1	-1	1	8	385	100	0	.	10.125
100	9	Sol4	G4	296	296	1	8	385	95	96	.	10.25
101	9	La4b4	A4b4	301	301	1	8	385	95	96	.	10.375
102	9	Do5	C5	318	318	1	8	385	95	96	.	10.5
103	9	Si4b1	B4b1	313	313	1	8	385	95	96	.	10.625
104	9	La4b4	A4b4	301	301	1	8	385	95	96	.	10.75
105	9	Sol4	G4	296	296	1	8	385	95	96	.	10.875
106	9	Fa4#4	F4#4	291	291	1	8	385	95	96	.	11
107	9			-1	-1	1	8	385	100	0	.	11.125
108	9	Sol4	G4	296	296	1	4	769	95	96	.	11.375
109	9	Fa4#4	F4#4	291	291	1	8	385	95	96	.	11.5
110	9	Mi4b4	E4b4	279	279	1	16	192	95	96	.	11.5625
111	9	Fa4#4	F4#4	291	291	1	16	192	95	96	.	11.625
112	9	Mi4b4	E4b4	279	279	1	16	192	95	96	.	11.6875
113	9	Fa4#4	F4#4	291	291	1	16	192	95	96	.	11.75
114	9	Sol4	G4	296	296	1	4	769	95	96	.	12
115	9	Sol4	G4	296	296	1	8	385	95	96	.	12.125
116	53			0	0	0	0	0	0	0		12.125
117	9	Sol5	G5	349	349	3	8	1154	95	96	Çöz	12.5
118	9	Sol5	G5	349	349	1	4	769	95	96	mek_	12.75
119	9	Sol5	G5	349	349	1	16	192	95	96	e	12.8125
120	9	Sol5	G5	349	349	3	16	577	95	96	lin	13
121	9			-1	-1	1	8	385	100	0		13.125
122	9	La5b4	A5b4	354	354	1	16	192	99	96	de 	13.1875
123	9	Sol5	G5	349	349	1	16	192	99	96		13.25
124	9	Fa5#4	F5#4	344	344	1	8	385	95	96		13.375
125	9	Sol5	G5	349	349	1	8	385	95	96	de	13.5
126	9	La5b4	A5b4	354	354	1	8	385	95	96	ðil 	13.625
127	9	Fa5#4	F5#4	344	344	1	16	192	95	96	SAZ	13.6875
128	9	Sol5	G5	349	349	1	16	192	95	96	.	13.75
129	9	La5b4	A5b4	354	354	1	8	385	95	96	.	13.875
130	9			-1	-1	1	8	385	100	0		14
131	53			0	0	0	0	0	0	0		14
132	9			-1	-1	1	8	385	100	0		14.125
133	9	Sol5	G5	349	349	1	4	769	95	96	gön	14.375
134	9	La5b4	A5b4	354	354	1	8	385	95	96	lü	14.5
135	9	Si5b1	B5b1	366	366	1	4	769	95	96	mü 	14.75
136	9	Do6	C6	371	371	1	8	385	99	96	sen	14.875
137	9	La5b4	A5b4	354	354	1	8	385	99	96		15
138	9	Sol5	G5	349	349	1	8	385	95	96		15.125
139	9	Sol5	G5	349	349	1	16	192	99	96	den 	15.1875
140	9	Fa5#4	F5#4	344	344	1	16	192	99	96		15.25
141	9	Mi5b4	E5b4	332	332	1	8	385	95	96		15.375
142	9	Fa5#4	F5#4	344	344	1	8	385	95	96	ka	15.5
143	9	Sol5	G5	349	349	1	8	385	95	96	dýn  	15.625
144	9	Fa5#4	F5#4	344	344	1	16	192	95	96	SAZ	15.6875
145	9	Mi5b4	E5b4	332	332	1	16	192	95	96	.	15.75
146	9	Re5	D5	327	327	1	16	192	95	96	.	15.8125
147	9	Do5	C5	318	318	1	16	192	95	96	.	15.875
148	9	Si4b1	B4b1	313	313	1	16	192	95	96	.	15.9375
149	9	La4b4	A4b4	301	301	1	16	192	95	96	.	16
150	9	Sol4	G4	296	296	1	8	385	95	96	.	16.125
151	53			0	0	0	0	0	0	0		16.125
152	9	Sol5	G5	349	349	3	8	1154	95	96	Çöz	16.5
153	9	Sol5	G5	349	349	1	4	769	95	96	mek_	16.75
154	9	Sol5	G5	349	349	1	16	192	95	96	e	16.8125
155	9	Sol5	G5	349	349	3	16	577	95	96	lin	17
156	9			-1	-1	1	8	385	100	0		17.125
157	9	La5b4	A5b4	354	354	1	16	192	99	96	de 	17.1875
158	9	Sol5	G5	349	349	1	16	192	99	96		17.25
159	9	Fa5#4	F5#4	344	344	1	8	385	95	96		17.375
160	9	Sol5	G5	349	349	1	8	385	95	96	de	17.5
161	9	La5b4	A5b4	354	354	1	8	385	95	96	ðil 	17.625
162	9	Fa5#4	F5#4	344	344	1	16	192	95	96	SAZ	17.6875
163	9	Sol5	G5	349	349	1	16	192	95	96	.	17.75
164	9	La5b4	A5b4	354	354	1	8	385	95	96	.	17.875
165	9			-1	-1	1	8	385	100	0		18
166	53			0	0	0	0	0	0	0		18
167	9			-1	-1	1	8	385	100	0		18.125
168	9	Sol5	G5	349	349	1	4	769	95	96	gön	18.375
169	9	La5b4	A5b4	354	354	1	8	385	95	96	lü	18.5
170	9	Si5b1	B5b1	366	366	1	4	769	95	96	mü 	18.75
171	9	Do6	C6	371	371	1	8	385	99	96	sen	18.875
172	9	La5b4	A5b4	354	354	1	8	385	99	96		19
173	9	Sol5	G5	349	349	1	8	385	95	96		19.125
174	9	Sol5	G5	349	349	1	16	192	99	96	den 	19.1875
175	9	Fa5#4	F5#4	344	344	1	16	192	99	96		19.25
176	9	Mi5b4	E5b4	332	332	1	8	385	95	96		19.375
177	9	Fa5#4	F5#4	344	344	1	8	385	95	96	ka	19.5
178	9	Sol5	G5	349	349	3	16	577	95	96	dýn  	19.6875
179	53			0	0	0	0	0	0	0		19.6875
180	9	Re5	D5	327	327	1	16	192	95	96	SAZ	19.75
181	9	Mi5b4	E5b4	332	332	1	16	192	95	96	.	19.8125
182	9	Fa5#4	F5#4	344	344	1	16	192	95	96	.	19.875
183	9	Sol5	G5	349	349	1	8	385	95	96	.	20
184	53			0	0	0	0	0	0	0		20
185	9	La5b4	A5b4	354	354	1	8	385	95	96	Be	20.125
186	9	La5b4	A5b4	354	354	1	8	385	95	96	nim 	20.25
187	9			-1	-1	1	4	769	100	0		20.5
188	9			-1	-1	1	4	769	100	0		20.75
189	9	Sol5	G5	349	349	1	8	385	95	96	sa	20.875
190	9	Sol5	G5	349	349	1	8	385	100	96	na 	21
191	9	Sol5	G5	349	349	1	8	385	95	96		21.125
192	9	Sol5	G5	349	349	1	16	192	99	96	bað	21.1875
193	9	Fa5#4	F5#4	344	344	1	16	192	99	96		21.25
194	9	Mi5b4	E5b4	332	332	1	8	385	95	96		21.375
195	9	Mi5b4	E5b4	332	332	1	16	192	99	96	la	21.4375
196	11	Re5	D5	327	327	1	16	192	95	96		21.5
197	9	Re5	D5	327	327	1	2	1538	95	96	nan 	22
198	53			0	0	0	0	0	0	0		22
199	9			-1	-1	1	8	385	100	0		22.125
200	54			0	0	0	0	0	0	0	ussak@re5	22.125
201	9	Re5	D5	327	327	1	4	769	95	96	sen 	22.375
202	9	Mi5b1	E5b1	335	335	1	8	385	95	96	be	22.5
203	9	Fa5	F5	340	340	1	4	769	95	96	ni 	22.75
204	9	Sol5	G5	349	349	1	4	769	95	96	bað	23
205	55			0	0	0	0	0	0	0		23
206	9			-1	-1	1	8	385	100	0		23.125
207	9	Mi5b4	E5b4	332	332	1	4	769	95	96	la	23.375
208	9	Mi5b4	E5b4	332	332	1	16	192	99	96	ma	23.4375
209	9	Re5	D5	327	327	1	16	192	95	96		23.5
210	9	Do5	C5	318	318	1	16	192	95	96	dýn  	23.5625
211	9			-1	-1	1	8	385	100	0		23.6875
212	54			0	0	0	0	0	0	0	ussak@re5	23.6875
213	9	Do5	C5	318	318	1	16	192	95	96	SAZ	23.75
214	9	Re5	D5	327	327	1	16	192	95	96	.	23.8125
215	9	Mi5b1	E5b1	335	335	1	16	192	95	96	.	23.875
216	9	Fa5	F5	340	340	1	8	385	95	96	.	24
217	53			0	0	0	0	0	0	0		24
218	9			-1	-1	1	8	385	100	0		24.125
219	9	Fa5	F5	340	340	1	4	769	95	96	Düþ	24.375
220	9	Fa5	F5	340	340	1	8	385	95	96	se 	24.5
221	9	Fa5	F5	340	340	1	4	769	95	96	düþ	24.75
222	9	Fa5	F5	340	340	1	8	385	99	96	se 	24.875
223	9	Mi5b4	E5b4	332	332	1	24	128	99	96		24.91667
224	9	Re5	D5	327	327	1	24	128	99	96		24.95833
225	9	Mi5b4	E5b4	332	332	1	24	128	95	96		25
226	55			0	0	0	0	0	0	0		25
227	9	Fa5	F5	340	340	1	8	385	95	96	di	25.125
228	9	Sol5	G5	349	349	1	4	769	99	96	lim	25.375
229	9	Fa5	F5	340	340	1	8	385	95	96		25.5
230	9	Mi5b4	E5b4	332	332	1	8	385	99	96	den 	25.625
231	9	Mi5b4	E5b4	332	332	1	16	192	99	96		25.6875
232	9	Re5	D5	327	327	1	16	192	99	96		25.75
233	9	Do5	C5	318	318	1	4	769	95	96		26
234	53			0	0	0	0	0	0	0		26
235	9			-1	-1	1	8	385	100	0		26.125
236	9	Do5	C5	318	318	1	4	769	95	96	bað	26.375
237	9	Re5	D5	327	327	1	8	385	95	96	rý	26.5
238	9	Mi5b4	E5b4	332	332	1	8	385	99	96	ma 	26.625
239	9	Re5	D5	327	327	1	8	385	95	96		26.75
240	9	Fa5	F5	340	340	1	8	385	99	96	dü	26.875
241	9	Mi5b4	E5b4	332	332	1	8	385	99	96		27
242	9	Re5	D5	327	327	1	8	385	95	96		27.125
243	9	Mi5b4	E5b4	332	332	1	16	192	99	96	þer 	27.1875
244	9	Re5	D5	327	327	1	16	192	99	96		27.25
245	9	Do5	C5	318	318	1	8	385	95	96		27.375
246	9	Do5	C5	318	318	1	16	192	99	96	a	27.4375
247	9	Si4b1	B4b1	313	313	1	16	192	95	96		27.5
248	9	Si4b1	B4b1	313	313	1	16	192	95	96	dýn  	27.5625
249	9			-1	-1	1	8	385	100	0		27.6875
250	53			0	0	0	0	0	0	0		27.6875
251	9	Mi5b4	E5b4	332	332	1	16	192	95	96	SAZ	27.75
252	9	Re5	D5	327	327	1	16	192	95	96	.	27.8125
253	9	Do5	C5	318	318	1	16	192	95	96	.	27.875
254	9	Do5	C5	318	318	1	8	385	95	96	.	28
255	53			0	0	0	0	0	0	0		28
256	9	Si4b1	B4b1	313	313	1	8	385	50	96	Be	28.125
257	9	Do5	C5	318	318	1	8	385	50	96	nim 	28.25
258	9			-1	-1	1	4	769	100	0		28.5
259	9			-1	-1	1	4	769	100	0		28.75
260	9	Re5	D5	327	327	1	8	385	50	96	sa	28.875
261	9	Re5	D5	327	327	1	8	385	50	96	na 	29
262	9			-1	-1	1	8	385	100	0		29.125
263	9	Mi5b4	E5b4	332	332	1	4	769	95	96	bað	29.375
264	9	Fa5#4	F5#4	344	344	1	8	385	95	96	la	29.5
265	9	Sol5	G5	349	349	1	8	385	99	96	nan 	29.625
266	9	Fa5#4	F5#4	344	344	1	16	192	99	96		29.6875
267	9	Mi5b4	E5b4	332	332	1	16	192	99	96		29.75
268	9	Re5	D5	327	327	1	16	192	99	96		29.8125
269	9	Do5	C5	318	318	1	16	192	99	96		29.875
270	9	Si4b1	B4b1	313	313	1	16	192	99	96		29.9375
271	9	La4b4	A4b4	301	301	1	16	192	99	96		30
272	9	Sol4	G4	296	296	1	16	192	99	96		30.0625
273	9	Fa4#4	F4#4	291	291	1	16	192	95	96		30.125
274	53			0	0	0	0	0	0	0		30.125
275	9	Sol4	G4	296	296	1	4	769	95	96	sen 	30.375
276	9	La4b4	A4b4	301	301	1	8	385	95	96	be	30.5
277	9	Si4b1	B4b1	313	313	1	4	769	95	96	ni 	30.75
278	9	Do5	C5	318	318	1	4	769	99	96	bað	31
279	9	Do5	C5	318	318	1	8	385	95	96		31.125
280	9	Si4b1	B4b1	313	313	1	16	192	99	96	la	31.1875
281	9	La4b4	A4b4	301	301	1	16	192	95	96		31.25
282	9	Sol4	G4	296	296	1	8	385	99	96	ma	31.375
283	9	Fa4#4	F4#4	291	291	1	8	385	95	96		31.5
284	9	Sol4	G4	296	296	1	16	192	95	96	dýn  	31.5625
285	9			-1	-1	1	8	385	100	0		31.6875
286	53			0	0	0	0	0	0	0		31.6875
287	9	Do5	C5	318	318	1	16	192	95	96	SAZ	31.75
288	9	Si4b1	B4b1	313	313	1	16	192	95	96	.	31.8125
289	9	Re5	D5	327	327	1	16	192	95	96	.	31.875
290	9	Do5	C5	318	318	1	8	385	95	96	.	32
291	53			0	0	0	0	0	0	0		32
292	9	Si4b1	B4b1	313	313	1	8	385	50	96	Be	32.125
293	9	Do5	C5	318	318	1	8	385	50	96	nim 	32.25
294	9			-1	-1	1	4	769	100	0		32.5
295	9			-1	-1	1	4	769	100	0		32.75
296	9	Re5	D5	327	327	1	8	385	50	96	sa	32.875
297	9	Re5	D5	327	327	1	8	385	50	96	na 	33
298	9			-1	-1	1	8	385	100	0		33.125
299	9	Mi5b4	E5b4	332	332	1	4	769	95	96	bað	33.375
300	9	Fa5#4	F5#4	344	344	1	8	385	95	96	la	33.5
301	9	Sol5	G5	349	349	1	8	385	99	96	nan 	33.625
302	9	Fa5#4	F5#4	344	344	1	16	192	99	96		33.6875
303	9	Mi5b4	E5b4	332	332	1	16	192	99	96		33.75
304	9	Re5	D5	327	327	1	16	192	99	96		33.8125
305	9	Do5	C5	318	318	1	16	192	99	96		33.875
306	9	Si4b1	B4b1	313	313	1	16	192	99	96		33.9375
307	9	La4b4	A4b4	301	301	1	16	192	99	96		34
308	9	Sol4	G4	296	296	1	16	192	99	96		34.0625
309	9	Fa4#4	F4#4	291	291	1	16	192	95	96		34.125
310	53			0	0	0	0	0	0	0		34.125
311	9	Sol4	G4	296	296	1	4	769	95	96	sen 	34.375
312	9	La4b4	A4b4	301	301	1	8	385	95	96	be	34.5
313	9	Si4b1	B4b1	313	313	1	4	769	95	96	ni 	34.75
314	9	Do5	C5	318	318	1	4	769	99	96	bað	35
315	9	Do5	C5	318	318	1	8	385	95	96		35.125
316	9	Si4b1	B4b1	313	313	1	16	192	99	96	la	35.1875
317	9	La4b4	A4b4	301	301	1	16	192	95	96		35.25
318	9	Sol4	G4	296	296	1	8	385	99	96	ma	35.375
319	9	Fa4#4	F4#4	291	291	1	8	385	95	96		35.5
320	9	Sol4	G4	296	296	3	16	577	99	96	dýn  	35.6875
321	9	Fa4#4	F4#4	291	291	1	16	192	95	96		35.75
322	9	Mi4b4	E4b4	279	279	1	16	192	95	96	SAZ	35.8125
323	9	Fa4#4	F4#4	291	291	1	16	192	95	96	.	35.875
324	9	Sol4	G4	296	296	1	8	385	95	96	.	36
325	53			0	0	0	0	0	0	0		36
326	9			-1	-1	1	8	385	100	0		36.125
327	9	Sol5	G5	349	349	1	8	385	95	96	ARANAÐME	36.25
328	9	La5b4	A5b4	354	354	1	8	385	95	96	.	36.375
329	9	Si5b1	B5b1	366	366	1	8	385	95	96	.	36.5
330	9	Do6	C6	371	371	1	16	192	95	96	.	36.5625
331	9	Re6	D6	380	380	1	16	192	95	96	.	36.625
332	9	Si5b1	B5b1	366	366	1	16	192	95	96	.	36.6875
333	9	Do6	C6	371	371	1	16	192	95	96	.	36.75
334	9	La5b4	A5b4	354	354	1	16	192	95	96	.	36.8125
335	9	Si5b1	B5b1	366	366	1	16	192	95	96	.	36.875
336	9	Sol5	G5	349	349	1	8	385	95	96	.	37
337	53			0	0	0	0	0	0	0		37
338	9			-1	-1	1	8	385	100	0	.	37.125
339	9	Fa5#4	F5#4	344	344	1	16	192	95	96	.	37.1875
340	9	La5b4	A5b4	354	354	1	16	192	95	96	.	37.25
341	9	Sol5	G5	349	349	1	8	385	95	96	.	37.375
342	9	Fa5#4	F5#4	344	344	1	8	385	95	96	.	37.5
343	9	Mi5b4	E5b4	332	332	1	16	192	95	96	.	37.5625
344	9	Fa5#4	F5#4	344	344	1	16	192	95	96	.	37.625
345	9	Mi5b4	E5b4	332	332	1	16	192	95	96	.	37.6875
346	9	Re5	D5	327	327	1	16	192	95	96	.	37.75
347	9	Do5	C5	318	318	3	32	288	95	96	.	37.84375
348	9	Si4b1	B4b1	313	313	1	32	96	95	96	.	37.875
349	9	Do5	C5	318	318	1	8	385	95	96	.	38
350	53			0	0	0	0	0	0	0		38
351	9			-1	-1	1	8	385	100	0	.	38.125
352	9	Sol5	G5	349	349	1	8	385	95	96	.	38.25
353	9	La5b4	A5b4	354	354	1	8	385	95	96	.	38.375
354	9	Do6	C6	371	371	1	8	385	95	96	.	38.5
355	9	Si5b1	B5b1	366	366	1	8	385	95	96	.	38.625
356	9	La5b4	A5b4	354	354	1	8	385	95	96	.	38.75
357	9	Sol5	G5	349	349	1	8	385	95	96	.	38.875
358	9	Fa5#4	F5#4	344	344	1	16	192	95	96	.	38.9375
359	9	Sol5	G5	349	349	1	16	192	95	96	.	39
360	9	La5b4	A5b4	354	354	1	2	1538	95	96	.	39.5
361	9	La5b4	A5b4	354	354	1	8	385	95	96	.	39.625
362	9	Sol5	G5	349	349	1	16	192	95	96	.	39.6875
363	9	La5b4	A5b4	354	354	1	16	192	95	96	.	39.75
364	9	Si5b1	B5b1	366	366	1	16	192	95	96	.	39.8125
365	9	La5b4	A5b4	354	354	1	16	192	95	96	.	39.875
366	9	Sol5	G5	349	349	1	8	385	95	96	.	40
367	53			0	0	0	0	0	0	0		40
368	9			-1	-1	1	8	385	100	0	.	40.125
369	9	Sol5	G5	349	349	3	8	1154	95	96	.	40.5
370	9	Sol5	G5	349	349	1	8	385	95	96	.	40.625
371	9	Fa5#4	F5#4	344	344	1	16	192	95	96	.	40.6875
372	9	Sol5	G5	349	349	1	16	192	95	96	.	40.75
373	9	La5b4	A5b4	354	354	1	16	192	95	96	.	40.8125
374	9	Sol5	G5	349	349	1	16	192	95	96	.	40.875
375	9	Fa5#4	F5#4	344	344	1	8	385	95	96	.	41
376	53			0	0	0	0	0	0	0		41
377	9			-1	-1	1	8	385	100	0	.	41.125
378	9	Fa5#4	F5#4	344	344	3	8	1154	95	96	.	41.5
379	9	Fa5#4	F5#4	344	344	1	8	385	95	96	.	41.625
380	9	Mi5b4	E5b4	332	332	1	16	192	95	96	.	41.6875
381	9	Fa5#4	F5#4	344	344	1	16	192	95	96	.	41.75
382	9	Sol5	G5	349	349	1	16	192	95	96	.	41.8125
383	9	Fa5#4	F5#4	344	344	1	16	192	95	96	.	41.875
384	9	Mi5b4	E5b4	332	332	1	8	385	95	96	.	42
385	53			0	0	0	0	0	0	0		42
386	9			-1	-1	1	8	385	100	0	.	42.125
387	9	Mi5b4	E5b4	332	332	3	8	1154	95	96	.	42.5
388	9	Mi5b4	E5b4	332	332	1	8	385	95	96	.	42.625
389	9	Re5	D5	327	327	1	16	192	95	96	.	42.6875
390	9	Mi5b4	E5b4	332	332	1	16	192	95	96	.	42.75
391	9	Fa5#4	F5#4	344	344	1	16	192	95	96	.	42.8125
392	9	Mi5b4	E5b4	332	332	1	16	192	95	96	.	42.875
393	9	Re5	D5	327	327	1	8	385	95	96	.	43
394	53			0	0	0	0	0	0	0		43
395	9			-1	-1	1	8	385	100	0	.	43.125
396	9	Re5	D5	327	327	3	8	1154	95	96	.	43.5
397	9	Re5	D5	327	327	1	8	385	95	96	.	43.625
398	9	Do5	C5	318	318	1	16	192	95	96	.	43.6875
399	9	Re5	D5	327	327	1	16	192	95	96	.	43.75
400	9	Mi5b4	E5b4	332	332	1	16	192	95	96	.	43.8125
401	9	Re5	D5	327	327	1	16	192	95	96	.	43.875
402	9	Do5	C5	318	318	1	8	385	95	96	.	44
403	53			0	0	0	0	0	0	0		44
404	9			-1	-1	1	8	385	100	0	.	44.125
405	9	Si4b1	B4b1	313	313	1	8	385	95	96	.	44.25
406	9	Do5	C5	318	318	1	8	385	95	96	.	44.375
407	9	Re5	D5	327	327	1	8	385	95	96	.	44.5
408	9	Mi5b4	E5b4	332	332	1	8	385	95	96	.	44.625
409	9	Fa5#4	F5#4	344	344	1	8	385	95	96	.	44.75
410	9	Sol5	G5	349	349	1	4	769	95	96	.	45
411	9			-1	-1	1	8	385	100	0	.	45.125
412	9	Fa5#4	F5#4	344	344	1	16	192	95	96	.	45.1875
413	9	La5b4	A5b4	354	354	1	16	192	95	96	.	45.25
414	9	Sol5	G5	349	349	1	8	385	95	96	.	45.375
415	9	Fa5#4	F5#4	344	344	1	8	385	95	96	.	45.5
416	9	Mi5b4	E5b4	332	332	1	16	192	95	96	.	45.5625
417	9	Fa5#4	F5#4	344	344	1	16	192	95	96	.	45.625
418	9	Mi5b4	E5b4	332	332	1	16	192	95	96	.	45.6875
419	9	Re5	D5	327	327	1	16	192	95	96	.	45.75
420	9	Do5	C5	318	318	3	32	288	95	96	.	45.84375
421	9	Si4b1	B4b1	313	313	1	32	96	95	96	.	45.875
422	9	Do5	C5	318	318	1	8	385	95	96	.	46
423	53			0	0	0	0	0	0	0		46
424	9			-1	-1	1	8	385	100	0	.	46.125
425	9	Sol4	G4	296	296	1	8	385	95	96	.	46.25
426	9	La4b4	A4b4	301	301	1	8	385	95	96	.	46.375
427	9	Do5	C5	318	318	1	8	385	95	96	.	46.5
428	9	Si4b1	B4b1	313	313	1	8	385	95	96	.	46.625
429	9	La4b4	A4b4	301	301	1	8	385	95	96	.	46.75
430	9	Sol4	G4	296	296	1	8	385	95	96	.	46.875
431	9	Fa4#4	F4#4	291	291	1	8	385	95	96	.	47
432	9			-1	-1	1	8	385	100	0	.	47.125
433	9	Sol4	G4	296	296	1	4	769	95	96	.	47.375
434	9	Fa4#4	F4#4	291	291	1	8	385	95	96	.	47.5
435	9	Mi4b4	E4b4	279	279	1	16	192	95	96	.	47.5625
436	9	Fa4#4	F4#4	291	291	1	16	192	95	96	.	47.625
437	9	Mi4b4	E4b4	279	279	1	16	192	95	96	.	47.6875
438	9	Fa4#4	F4#4	291	291	1	16	192	95	96	.	47.75
439	9	Sol4	G4	296	296	1	4	769	95	96	.	48
440	9	Sol4	G4	296	296	1	8	385	95	96	.	48.125
441	53			0	0	0	0	0	0	0		48.125
442	9	Sol5	G5	349	349	3	8	1154	95	96	Çöz	48.5
443	9	Sol5	G5	349	349	1	4	769	95	96	mek_	48.75
444	9	Sol5	G5	349	349	1	16	192	95	96	e	48.8125
445	9	Sol5	G5	349	349	3	16	577	95	96	lin	49
446	9			-1	-1	1	8	385	100	0		49.125
447	9	La5b4	A5b4	354	354	1	16	192	99	96	de 	49.1875
448	9	Sol5	G5	349	349	1	16	192	99	96		49.25
449	9	Fa5#4	F5#4	344	344	1	8	385	95	96		49.375
450	9	Sol5	G5	349	349	1	8	385	95	96	de	49.5
451	9	La5b4	A5b4	354	354	1	8	385	95	96	ðil 	49.625
452	9	Fa5#4	F5#4	344	344	1	16	192	95	96	SAZ	49.6875
453	9	Sol5	G5	349	349	1	16	192	95	96	.	49.75
454	9	La5b4	A5b4	354	354	1	8	385	95	96	.	49.875
455	9			-1	-1	1	8	385	100	0		50
456	53			0	0	0	0	0	0	0		50
457	9			-1	-1	1	8	385	100	0		50.125
458	9	Sol5	G5	349	349	1	4	769	95	96	gön	50.375
459	9	La5b4	A5b4	354	354	1	8	385	95	96	lü	50.5
460	9	Si5b1	B5b1	366	366	1	4	769	95	96	mü 	50.75
461	9	Do6	C6	371	371	1	8	385	99	96	sen	50.875
462	9	La5b4	A5b4	354	354	1	8	385	99	96		51
463	9	Sol5	G5	349	349	1	8	385	95	96		51.125
464	9	Sol5	G5	349	349	1	16	192	99	96	den 	51.1875
465	9	Fa5#4	F5#4	344	344	1	16	192	99	96		51.25
466	9	Mi5b4	E5b4	332	332	1	8	385	95	96		51.375
467	9	Fa5#4	F5#4	344	344	1	8	385	95	96	ka	51.5
468	9	Sol5	G5	349	349	1	8	385	95	96	dýn  	51.625
469	9	Fa5#4	F5#4	344	344	1	16	192	95	96	SAZ	51.6875
470	9	Mi5b4	E5b4	332	332	1	16	192	95	96	.	51.75
471	9	Re5	D5	327	327	1	16	192	95	96	.	51.8125
472	9	Do5	C5	318	318	1	16	192	95	96	.	51.875
473	9	Si4b1	B4b1	313	313	1	16	192	95	96	.	51.9375
474	9	La4b4	A4b4	301	301	1	16	192	95	96	.	52
475	9	Sol4	G4	296	296	1	8	385	95	96	.	52.125
476	53			0	0	0	0	0	0	0		52.125
477	9	Sol5	G5	349	349	3	8	1154	95	96	Çöz	52.5
478	9	Sol5	G5	349	349	1	4	769	95	96	mek_	52.75
479	9	Sol5	G5	349	349	1	16	192	95	96	e	52.8125
480	9	Sol5	G5	349	349	3	16	577	95	96	lin	53
481	9			-1	-1	1	8	385	100	0		53.125
482	9	La5b4	A5b4	354	354	1	16	192	99	96	de 	53.1875
483	9	Sol5	G5	349	349	1	16	192	99	96		53.25
484	9	Fa5#4	F5#4	344	344	1	8	385	95	96		53.375
485	9	Sol5	G5	349	349	1	8	385	95	96	de	53.5
486	9	La5b4	A5b4	354	354	1	8	385	95	96	ðil 	53.625
487	9	Fa5#4	F5#4	344	344	1	16	192	95	96	SAZ	53.6875
488	9	Sol5	G5	349	349	1	16	192	95	96	.	53.75
489	9	La5b4	A5b4	354	354	1	8	385	95	96	.	53.875
490	9			-1	-1	1	8	385	100	0		54
491	53			0	0	0	0	0	0	0		54
492	9			-1	-1	1	8	385	100	0		54.125
493	9	Sol5	G5	349	349	1	4	769	95	96	gön	54.375
494	9	La5b4	A5b4	354	354	1	8	385	95	96	lü	54.5
495	9	Si5b1	B5b1	366	366	1	4	769	95	96	mü 	54.75
496	9	Do6	C6	371	371	1	8	385	99	96	sen	54.875
497	9	La5b4	A5b4	354	354	1	8	385	99	96		55
498	9	Sol5	G5	349	349	1	8	385	95	96		55.125
499	9	Sol5	G5	349	349	1	16	192	99	96	den 	55.1875
500	9	Fa5#4	F5#4	344	344	1	16	192	99	96		55.25
501	9	Mi5b4	E5b4	332	332	1	8	385	95	96		55.375
502	9	Fa5#4	F5#4	344	344	1	8	385	95	96	ka	55.5
503	9	Sol5	G5	349	349	3	16	577	95	96	dýn  	55.6875
504	53			0	0	0	0	0	0	0		55.6875
505	9	Re5	D5	327	327	1	16	192	95	96	SAZ	55.75
506	9	Mi5b4	E5b4	332	332	1	16	192	95	96	.	55.8125
507	9	Fa5#4	F5#4	344	344	1	16	192	95	96	.	55.875
508	9	Sol5	G5	349	349	1	8	385	95	96	.	56
509	53			0	0	0	0	0	0	0		56
510	9	La5b4	A5b4	354	354	1	8	385	95	96	Be	56.125
511	9	La5b4	A5b4	354	354	1	8	385	95	96	nim 	56.25
512	9			-1	-1	1	4	769	100	0		56.5
513	9			-1	-1	1	4	769	100	0		56.75
514	9	Sol5	G5	349	349	1	8	385	95	96	sa	56.875
515	9	Sol5	G5	349	349	1	8	385	100	96	na 	57
516	9	Sol5	G5	349	349	1	8	385	95	96		57.125
517	9	Sol5	G5	349	349	1	16	192	99	96	bað	57.1875
518	9	Fa5#4	F5#4	344	344	1	16	192	99	96		57.25
519	9	Mi5b4	E5b4	332	332	1	8	385	95	96		57.375
520	9	Mi5b4	E5b4	332	332	1	16	192	99	96	la	57.4375
521	11	Re5	D5	327	327	1	16	192	95	96		57.5
522	9	Re5	D5	327	327	1	2	1538	95	96	nan 	58
523	53			0	0	0	0	0	0	0		58
524	9			-1	-1	1	8	385	100	0		58.125
525	54			0	0	0	0	0	0	0	ussak@re5	58.125
526	9	Re5	D5	327	327	1	4	769	95	96	sen 	58.375
527	9	Mi5b1	E5b1	335	335	1	8	385	95	96	be	58.5
528	9	Fa5	F5	340	340	1	4	769	95	96	ni 	58.75
529	9	Sol5	G5	349	349	1	4	769	95	96	bað	59
530	55			0	0	0	0	0	0	0		59
531	9			-1	-1	1	8	385	100	0		59.125
532	9	Mi5b4	E5b4	332	332	1	4	769	95	96	la	59.375
533	9	Mi5b4	E5b4	332	332	1	16	192	99	96	ma	59.4375
534	9	Re5	D5	327	327	1	16	192	95	96		59.5
535	9	Do5	C5	318	318	1	16	192	95	96	dýn  	59.5625
536	9			-1	-1	1	8	385	100	0		59.6875
537	54			0	0	0	0	0	0	0	ussak@re5	59.6875
538	9	Do5	C5	318	318	1	16	192	95	96	SAZ	59.75
539	9	Re5	D5	327	327	1	16	192	95	96	.	59.8125
540	9	Mi5b1	E5b1	335	335	1	16	192	95	96	.	59.875
541	9	Fa5	F5	340	340	1	8	385	95	96	.	60
542	53			0	0	0	0	0	0	0		60
543	9			-1	-1	1	8	385	100	0		60.125
544	9	Fa5	F5	340	340	1	4	769	95	96	Düþ	60.375
545	9	Fa5	F5	340	340	1	8	385	95	96	se 	60.5
546	9	Fa5	F5	340	340	1	4	769	95	96	düþ	60.75
547	9	Fa5	F5	340	340	1	8	385	99	96	se 	60.875
548	9	Mi5b4	E5b4	332	332	1	24	128	99	96		60.91667
549	9	Re5	D5	327	327	1	24	128	99	96		60.95833
550	9	Mi5b4	E5b4	332	332	1	24	128	95	96		61
551	55			0	0	0	0	0	0	0		61
552	9	Fa5	F5	340	340	1	8	385	95	96	di	61.125
553	9	Sol5	G5	349	349	1	4	769	99	96	lim	61.375
554	9	Fa5	F5	340	340	1	8	385	95	96		61.5
555	9	Mi5b4	E5b4	332	332	1	8	385	99	96	den 	61.625
556	9	Mi5b4	E5b4	332	332	1	16	192	99	96		61.6875
557	9	Re5	D5	327	327	1	16	192	99	96		61.75
558	9	Do5	C5	318	318	1	4	769	95	96		62
559	53			0	0	0	0	0	0	0		62
560	9			-1	-1	1	8	385	100	0		62.125
561	9	Do5	C5	318	318	1	4	769	95	96	bað	62.375
562	9	Re5	D5	327	327	1	8	385	95	96	rý	62.5
563	9	Mi5b4	E5b4	332	332	1	8	385	99	96	ma 	62.625
564	9	Re5	D5	327	327	1	8	385	95	96		62.75
565	9	Fa5	F5	340	340	1	8	385	99	96	dü	62.875
566	9	Mi5b4	E5b4	332	332	1	8	385	99	96		63
567	9	Re5	D5	327	327	1	8	385	95	96		63.125
568	9	Mi5b4	E5b4	332	332	1	16	192	99	96	þer 	63.1875
569	9	Re5	D5	327	327	1	16	192	99	96		63.25
570	9	Do5	C5	318	318	1	8	385	95	96		63.375
571	9	Do5	C5	318	318	1	16	192	99	96	a	63.4375
572	9	Si4b1	B4b1	313	313	1	16	192	95	96		63.5
573	9	Si4b1	B4b1	313	313	1	16	192	95	96	dýn  	63.5625
574	9			-1	-1	1	8	385	100	0		63.6875
575	53			0	0	0	0	0	0	0		63.6875
576	9	Mi5b4	E5b4	332	332	1	16	192	95	96	SAZ	63.75
577	9	Re5	D5	327	327	1	16	192	95	96	.	63.8125
578	9	Do5	C5	318	318	1	16	192	95	96	.	63.875
579	9	Do5	C5	318	318	1	8	385	95	96	.	64
580	53			0	0	0	0	0	0	0		64
581	9	Si4b1	B4b1	313	313	1	8	385	50	96	Be	64.125
582	9	Do5	C5	318	318	1	8	385	50	96	nim 	64.25
583	9			-1	-1	1	4	769	100	0		64.5
584	9			-1	-1	1	4	769	100	0		64.75
585	9	Re5	D5	327	327	1	8	385	50	96	sa	64.875
586	9	Re5	D5	327	327	1	8	385	50	96	na 	65
587	9			-1	-1	1	8	385	100	0		65.125
588	9	Mi5b4	E5b4	332	332	1	4	769	95	96	bað	65.375
589	9	Fa5#4	F5#4	344	344	1	8	385	95	96	la	65.5
590	9	Sol5	G5	349	349	1	8	385	99	96	nan 	65.625
591	9	Fa5#4	F5#4	344	344	1	16	192	99	96		65.6875
592	9	Mi5b4	E5b4	332	332	1	16	192	99	96		65.75
593	9	Re5	D5	327	327	1	16	192	99	96		65.8125
594	9	Do5	C5	318	318	1	16	192	99	96		65.875
595	9	Si4b1	B4b1	313	313	1	16	192	99	96		65.9375
596	9	La4b4	A4b4	301	301	1	16	192	99	96		66
597	9	Sol4	G4	296	296	1	16	192	99	96		66.0625
598	9	Fa4#4	F4#4	291	291	1	16	192	95	96		66.125
599	53			0	0	0	0	0	0	0		66.125
600	9	Sol4	G4	296	296	1	4	769	95	96	sen 	66.375
601	9	La4b4	A4b4	301	301	1	8	385	95	96	be	66.5
602	9	Si4b1	B4b1	313	313	1	4	769	95	96	ni 	66.75
603	9	Do5	C5	318	318	1	4	769	99	96	bað	67
604	9	Do5	C5	318	318	1	8	385	95	96		67.125
605	9	Si4b1	B4b1	313	313	1	16	192	99	96	la	67.1875
606	9	La4b4	A4b4	301	301	1	16	192	95	96		67.25
607	9	Sol4	G4	296	296	1	8	385	99	96	ma	67.375
608	9	Fa4#4	F4#4	291	291	1	8	385	95	96		67.5
609	9	Sol4	G4	296	296	1	16	192	95	96	dýn  	67.5625
610	9			-1	-1	1	8	385	100	0		67.6875
611	53			0	0	0	0	0	0	0		67.6875
612	9	Do5	C5	318	318	1	16	192	95	96	SAZ	67.75
613	9	Si4b1	B4b1	313	313	1	16	192	95	96	.	67.8125
614	9	Re5	D5	327	327	1	16	192	95	96	.	67.875
615	9	Do5	C5	318	318	1	8	385	95	96	.	68
616	53			0	0	0	0	0	0	0		68
617	9	Si4b1	B4b1	313	313	1	8	385	50	96	Be	68.125
618	9	Do5	C5	318	318	1	8	385	50	96	nim 	68.25
619	9			-1	-1	1	4	769	100	0		68.5
620	9			-1	-1	1	4	769	100	0		68.75
621	9	Re5	D5	327	327	1	8	385	50	96	sa	68.875
622	9	Re5	D5	327	327	1	8	385	50	96	na 	69
623	9			-1	-1	1	8	385	100	0		69.125
624	9	Mi5b4	E5b4	332	332	1	4	769	95	96	bað	69.375
625	9	Fa5#4	F5#4	344	344	1	8	385	95	96	la	69.5
626	9	Sol5	G5	349	349	1	8	385	99	96	nan 	69.625
627	9	Fa5#4	F5#4	344	344	1	16	192	99	96		69.6875
628	9	Mi5b4	E5b4	332	332	1	16	192	99	96		69.75
629	9	Re5	D5	327	327	1	16	192	99	96		69.8125
630	9	Do5	C5	318	318	1	16	192	99	96		69.875
631	9	Si4b1	B4b1	313	313	1	16	192	99	96		69.9375
632	9	La4b4	A4b4	301	301	1	16	192	99	96		70
633	9	Sol4	G4	296	296	1	16	192	99	96		70.0625
634	9	Fa4#4	F4#4	291	291	1	16	192	95	96		70.125
635	53			0	0	0	0	0	0	0		70.125
636	9	Sol4	G4	296	296	1	4	769	95	96	sen 	70.375
637	9	La4b4	A4b4	301	301	1	8	385	95	96	be	70.5
638	9	Si4b1	B4b1	313	313	1	4	769	95	96	ni 	70.75
639	9	Do5	C5	318	318	1	4	769	99	96	bað	71
640	9	Do5	C5	318	318	1	8	385	95	96		71.125
641	9	Si4b1	B4b1	313	313	1	16	192	99	96	la	71.1875
642	9	La4b4	A4b4	301	301	1	16	192	95	96		71.25
643	9	Sol4	G4	296	296	1	8	385	99	96	ma	71.375
644	9	Fa4#4	F4#4	291	291	1	8	385	95	96		71.5
645	9	Sol4	G4	296	296	3	16	577	99	96	dýn  	71.6875
646	9	Fa4#4	F4#4	291	291	1	16	192	95	96		71.75
647	9	Mi4b4	E4b4	279	279	1	16	192	95	96	SAZ	71.8125
648	9	Fa4#4	F4#4	291	291	1	16	192	95	96	.	71.875
649	9	Sol4	G4	296	296	1	8	385	95	96	.	72
650	53			0	0	0	0	0	0	0		72
