Sýra	Kod	Nota53	NotaAE	Koma53	KomaAE	Pay	Payda	Ms	LNS	Bas	Soz1	Offset
1	9	Re5	D5	327	327	1	16	227	95	96	ARANAÐME 	5.555556E-02
2	9	Mi5	E5	336	336	1	8	455	95	96	.	0.1666667
3	9	Mi5	E5	336	336	1	16	227	95	96	.	0.2222222
4	9	Mi5	E5	336	336	1	8	455	95	96	.	0.3333333
5	9	Mi5	E5	336	336	1	8	455	95	96	.	0.4444444
6	9	Mi5	E5	336	336	1	16	227	95	96	.	0.5
7	9	Sol5	G5	349	349	1	16	227	95	96	.	0.5555556
8	9	Fa5#3	F5#4	343	344	1	16	227	95	96	.	0.6111111
9	9	Sol5	G5	349	349	1	16	227	95	96	.	0.6666667
10	9	Mi5	E5	336	336	1	4	909	95	96	.	0.8888889
11	9	Re5	D5	327	327	1	8	455	95	96	.	1
12	53			0	0	0	0	0	0	0		1
13	9	Do5	C5	318	318	1	16	227	95	96	.	1.055556
14	9	Mi5	E5	336	336	1	16	227	95	96	.	1.111111
15	9	Re5	D5	327	327	1	16	227	95	96	.	1.166667
16	9	Mi5	E5	336	336	1	16	227	95	96	.	1.222222
17	9	Do5	C5	318	318	1	16	227	95	96	.	1.277778
18	9	Mi5	E5	336	336	1	16	227	95	96	.	1.333333
19	9	Re5	D5	327	327	1	16	227	95	96	.	1.388889
20	9	Mi5	E5	336	336	1	16	227	95	96	.	1.444444
21	9	Do5	C5	318	318	1	16	227	95	96	.	1.5
22	9	Mi5	E5	336	336	1	16	227	95	96	.	1.555556
23	9	Re5	D5	327	327	1	16	227	95	96	.	1.611111
24	9	Mi5	E5	336	336	1	16	227	95	96	.	1.666667
25	9	Do5	C5	318	318	1	4	909	95	96	.	1.888889
26	9	Si4b2	B4b1	312	313	1	8	455	95	96	.	2
27	53			0	0	0	0	0	0	0		2
28	9	Sol4	G4	296	296	1	16	227	95	96	.	2.055556
29	9	La4	A4	305	305	1	16	227	95	96	.	2.111111
30	9	Si4b2	B4b1	312	313	1	16	227	95	96	.	2.166667
31	9	Do5	C5	318	318	1	16	227	95	96	.	2.222222
32	9	La4	A4	305	305	1	16	227	95	96	.	2.277778
33	9	Si4b2	B4b1	312	313	1	16	227	95	96	.	2.333333
34	9	Do5	C5	318	318	1	16	227	95	96	.	2.388889
35	9	Re5	D5	327	327	1	16	227	95	96	.	2.444444
36	9	Si4b2	B4b1	312	313	1	16	227	95	96	.	2.5
37	9	Do5	C5	318	318	1	16	227	95	96	.	2.555556
38	9	Re5	D5	327	327	1	16	227	95	96	.	2.611111
39	9	Fa5	F5	340	340	1	16	227	95	96	.	2.666667
40	9	Mi5	E5	336	336	1	16	227	95	96	.	2.722222
41	9	Re5	D5	327	327	1	16	227	95	96	.	2.777778
42	9	Do5	C5	318	318	1	16	227	95	96	.	2.833333
43	9	Si4b2	B4b1	312	313	1	16	227	95	96	.	2.888889
44	9	La4	A4	305	305	1	16	227	95	96	.	2.944444
45	9	Sol4	G4	296	296	1	16	227	95	96	.	3
46	9	La4	A4	305	305	1	16	227	95	96	.	3.055556
47	9	Si4b2	B4b1	312	313	1	16	227	95	96	.	3.111111
48	9	Do5	C5	318	318	1	16	227	95	96	.	3.166667
49	9	Re5	D5	327	327	1	16	227	95	96	.	3.222222
50	9	Mi5	E5	336	336	1	8	455	95	96	.	3.333333
51	9	Re5	D5	327	327	1	16	227	95	96	.	3.388889
52	9	Do5	C5	318	318	1	16	227	95	96	.	3.444444
53	9	Do5	C5	318	318	1	16	227	95	96	.	3.5
54	9	Si4b2	B4b1	312	313	1	16	227	95	96	.	3.555556
55	9	Si4b2	B4b1	312	313	1	16	227	95	96	.	3.611111
56	9	La4	A4	305	305	1	16	227	95	96	.	3.666667
57	9	La4	A4	305	305	1	16	227	95	96	.	3.722222
58	9	Si4b2	B4b1	312	313	1	16	227	95	96	.	3.777778
59	9	Do5	C5	318	318	1	16	227	95	96	.	3.833333
60	9	Re5	D5	327	327	1	16	227	95	96	.	3.888889
61	9	Mi5	E5	336	336	1	8	455	95	96	.	4
62	53			0	0	0	0	0	0	0		4
63	9	Re5	D5	327	327	1	16	227	95	96	ARANAÐME 	4.055555
64	9	Mi5	E5	336	336	1	8	455	95	96	.	4.166667
65	9	Mi5	E5	336	336	1	16	227	95	96	.	4.222222
66	9	Mi5	E5	336	336	1	8	455	95	96	.	4.333333
67	9	Mi5	E5	336	336	1	8	455	95	96	.	4.444445
68	9	Mi5	E5	336	336	1	16	227	95	96	.	4.5
69	9	Sol5	G5	349	349	1	16	227	95	96	.	4.555555
70	9	Fa5#3	F5#4	343	344	1	16	227	95	96	.	4.611111
71	9	Sol5	G5	349	349	1	16	227	95	96	.	4.666667
72	9	Mi5	E5	336	336	1	4	909	95	96	.	4.888889
73	9	Re5	D5	327	327	1	8	455	95	96	.	5
74	53			0	0	0	0	0	0	0		5
75	9	Do5	C5	318	318	1	16	227	95	96	.	5.055555
76	9	Mi5	E5	336	336	1	16	227	95	96	.	5.111111
77	9	Re5	D5	327	327	1	16	227	95	96	.	5.166667
78	9	Mi5	E5	336	336	1	16	227	95	96	.	5.222222
79	9	Do5	C5	318	318	1	16	227	95	96	.	5.277778
80	9	Mi5	E5	336	336	1	16	227	95	96	.	5.333333
81	9	Re5	D5	327	327	1	16	227	95	96	.	5.388889
82	9	Mi5	E5	336	336	1	16	227	95	96	.	5.444445
83	9	Do5	C5	318	318	1	16	227	95	96	.	5.5
84	9	Mi5	E5	336	336	1	16	227	95	96	.	5.555555
85	9	Re5	D5	327	327	1	16	227	95	96	.	5.611111
86	9	Mi5	E5	336	336	1	16	227	95	96	.	5.666667
87	9	Do5	C5	318	318	1	4	909	95	96	.	5.888889
88	9	Si4b2	B4b1	312	313	1	8	455	95	96	.	6
89	53			0	0	0	0	0	0	0		6
90	9	Sol4	G4	296	296	1	16	227	95	96	.	6.055555
91	9	La4	A4	305	305	1	16	227	95	96	.	6.111111
92	9	Si4b2	B4b1	312	313	1	16	227	95	96	.	6.166667
93	9	Do5	C5	318	318	1	16	227	95	96	.	6.222222
94	9	La4	A4	305	305	1	16	227	95	96	.	6.277778
95	9	Si4b2	B4b1	312	313	1	16	227	95	96	.	6.333333
96	9	Do5	C5	318	318	1	16	227	95	96	.	6.388889
97	9	Re5	D5	327	327	1	16	227	95	96	.	6.444445
98	9	Si4b2	B4b1	312	313	1	16	227	95	96	.	6.5
99	9	Do5	C5	318	318	1	16	227	95	96	.	6.555555
100	9	Re5	D5	327	327	1	16	227	95	96	.	6.611111
101	9	Fa5	F5	340	340	1	16	227	95	96	.	6.666667
102	9	Mi5	E5	336	336	1	16	227	95	96	.	6.722222
103	9	Re5	D5	327	327	1	16	227	95	96	.	6.777778
104	9	Do5	C5	318	318	1	16	227	95	96	.	6.833333
105	9	Si4b2	B4b1	312	313	1	16	227	95	96	.	6.888889
106	9	La4	A4	305	305	1	16	227	95	96	.	6.944445
107	9	Sol4	G4	296	296	1	16	227	95	96	.	7
108	9	La4	A4	305	305	1	16	227	95	96	.	7.055555
109	9	Si4b2	B4b1	312	313	1	16	227	95	96	.	7.111111
110	9	Do5	C5	318	318	1	16	227	95	96	.	7.166667
111	9	Re5	D5	327	327	1	16	227	95	96	.	7.222222
112	9	Mi5	E5	336	336	1	8	455	95	96	.	7.333333
113	9	Re5	D5	327	327	1	16	227	95	96	.	7.388889
114	9	Do5	C5	318	318	1	16	227	95	96	.	7.444445
115	9	Do5	C5	318	318	1	16	227	95	96	.	7.5
116	9	Si4b2	B4b1	312	313	1	16	227	95	96	.	7.555555
117	9	Si4b2	B4b1	312	313	1	16	227	95	96	.	7.611111
118	9	La4	A4	305	305	1	16	227	95	96	.	7.666667
119	9	La4	A4	305	305	1	4	909	95	96	.	7.888889
120	9			-1	-1	1	8	455	100	0		8
121	53			0	0	0	0	0	0	0		8
122	1	La4	A4	305	305	1	4	909	95	96	.  	8.222222
123	53			0	0	0	0	0	0	0		8.222222
124	9	Do5	C5	318	318	1	8	455	95	96	Sev	8.333333
125	9	Re5	D5	327	327	1	8	455	95	96	di	8.444445
126	9	Mi5	E5	336	336	5	8	2273	95	96	ðim 	9
127	53			0	0	0	0	0	0	0		9
128	9	Re5	D5	327	327	1	8	455	95	96	ce	9.111111
129	9	La5	A5	358	358	1	8	455	99	96	mâ	9.222222
130	9	Sol5	G5	349	349	1	8	455	99	96		9.333333
131	9	Fa5#3	F5#4	343	344	1	8	455	95	96		9.444445
132	9	Sol5	G5	349	349	3	16	682	99	96	lin 	9.611111
133	9	Fa5#3	F5#4	343	344	1	16	227	99	96		9.666667
134	9	Mi5	E5	336	336	1	4	909	95	96		9.888889
135	9			-1	-1	1	8	455	100	0		10
136	53			0	0	0	0	0	0	0		10
137	9	Sol5	G5	349	349	3	16	682	99	96	çün	10.16667
138	9	Fa5#3	F5#4	343	344	1	16	227	99	96		10.22222
139	9	Mi5	E5	336	336	1	4	909	99	96		10.44444
140	9	Fa5#3	F5#4	343	344	3	16	682	99	96		10.61111
141	9	Mi5	E5	336	336	1	16	227	99	96		10.66667
142	9	Re5	D5	327	327	1	16	227	99	96		10.72222
143	9	Mi5	E5	336	336	1	16	227	99	96		10.77778
144	9	Fa5#3	F5#4	343	344	1	16	227	99	96		10.83333
145	9	Sol5	G5	349	349	1	16	227	99	96		10.88889
146	9	La5	A5	358	358	1	8	455	95	96		11
147	9	La5	A5	358	358	1	16	227	99	96	ki 	11.05556
148	9	Sol5	G5	349	349	1	8	455	99	96		11.16667
149	9	Fa5#3	F5#4	343	344	1	16	227	95	96		11.22222
150	9	Sol5	G5	349	349	1	16	227	99	96	gö	11.27778
151	9	Fa5#3	F5#4	343	344	1	16	227	95	96		11.33333
152	9	Fa5#3	F5#4	343	344	1	16	227	99	96	re	11.38889
153	9	Mi5	E5	336	336	1	16	227	95	96		11.44444
154	9	Mi5	E5	336	336	1	4	909	95	96	mem  	11.66667
155	53			0	0	0	0	0	0	0		11.66667
156	9	Mi5	E5	336	336	1	16	227	95	96	SAZ 	11.72222
157	9	Fa5	F5	340	340	1	16	227	95	96	.	11.77778
158	9	Mi5	E5	336	336	1	16	227	95	96	.	11.83333
159	9	Re5	D5	327	327	1	16	227	95	96	.	11.88889
160	9	Do5	C5	318	318	1	16	227	95	96	.	11.94444
161	9	Si4b2	B4b1	312	313	1	16	227	95	96	. 	12
162	1	La4	A4	305	305	1	4	909	95	96	.  	12.22222
163	53			0	0	0	0	0	0	0		12.22222
164	9	Do5	C5	318	318	1	8	455	95	96	Sev	12.33333
165	9	Re5	D5	327	327	1	8	455	95	96	di	12.44444
166	9	Mi5	E5	336	336	5	8	2273	95	96	ðim 	13
167	53			0	0	0	0	0	0	0		13
168	9	Re5	D5	327	327	1	8	455	95	96	ce	13.11111
169	9	La5	A5	358	358	1	8	455	99	96	mâ	13.22222
170	9	Sol5	G5	349	349	1	8	455	99	96		13.33333
171	9	Fa5#3	F5#4	343	344	1	8	455	95	96		13.44444
172	9	Sol5	G5	349	349	3	16	682	99	96	lin 	13.61111
173	9	Fa5#3	F5#4	343	344	1	16	227	99	96		13.66667
174	9	Mi5	E5	336	336	1	4	909	95	96		13.88889
175	9			-1	-1	1	8	455	100	0		14
176	53			0	0	0	0	0	0	0		14
177	9	Sol5	G5	349	349	3	16	682	99	96	çün	14.16667
178	9	Fa5#3	F5#4	343	344	1	16	227	99	96		14.22222
179	9	Mi5	E5	336	336	1	4	909	99	96		14.44444
180	9	Fa5#3	F5#4	343	344	3	16	682	99	96		14.61111
181	9	Mi5	E5	336	336	1	16	227	99	96		14.66667
182	9	Re5	D5	327	327	1	16	227	99	96		14.72222
183	9	Mi5	E5	336	336	1	16	227	99	96		14.77778
184	9	Fa5#3	F5#4	343	344	1	16	227	99	96		14.83333
185	9	Sol5	G5	349	349	1	16	227	99	96		14.88889
186	9	La5	A5	358	358	1	8	455	95	96		15
187	9	La5	A5	358	358	1	16	227	99	96	ki 	15.05556
188	9	Sol5	G5	349	349	1	8	455	99	96		15.16667
189	9	Fa5#3	F5#4	343	344	1	16	227	95	96		15.22222
190	9	Sol5	G5	349	349	1	16	227	99	96	gö	15.27778
191	9	Fa5#3	F5#4	343	344	1	16	227	95	96		15.33333
192	9	Fa5#3	F5#4	343	344	1	16	227	99	96	re	15.38889
193	9	Mi5	E5	336	336	1	16	227	95	96		15.44444
194	9	Mi5	E5	336	336	1	4	909	95	96	mem  	15.66667
195	53			0	0	0	0	0	0	0		15.66667
196	9	Mi5	E5	336	336	1	16	227	95	96	SAZ 	15.72222
197	9	Fa5	F5	340	340	1	16	227	95	96	.	15.77778
198	9	Mi5	E5	336	336	1	16	227	95	96	.	15.83333
199	9	Re5	D5	327	327	1	16	227	95	96	.	15.88889
200	9	Do5	C5	318	318	1	16	227	95	96	.	15.94444
201	9	Re5	D5	327	327	1	16	227	95	96	.	16
202	9	Mi5	E5	336	336	1	4	909	95	96	.	16.22222
203	53			0	0	0	0	0	0	0		16.22222
204	9	Re5	D5	327	327	1	8	455	95	96	Çýk	16.33333
205	9	Mi5	E5	336	336	1	8	455	95	96	ma	16.44444
206	9	Mi5	E5	336	336	1	2	1818	99	96	sýn 	16.88889
207	9	Re5	D5	327	327	1	8	455	95	96		17
208	9	Sol5	G5	349	349	1	8	455	95	96	ha	17.11111
209	9	Fa5	F5	340	340	1	8	455	99	96	yâ	17.22222
210	9	Mi5	E5	336	336	1	8	455	99	96		17.33333
211	9	Re5	D5	327	327	1	8	455	95	96		17.44444
212	9	Do5	C5	318	318	1	8	455	99	96	lin 	17.55556
213	9	Si4b2	B4b1	312	313	1	8	455	99	96		17.66667
214	9	La4	A4	305	305	1	4	909	99	96		17.88889
215	9	Si4b2	B4b1	312	313	1	8	455	95	96		18
216	53			0	0	0	0	0	0	0		18
217	9	Sol4	G4	296	296	1	4	909	95	96	dil_	18.22222
218	9	Mi5	E5	336	336	1	8	455	99	96	i 	18.33333
219	9	Re5	D5	327	327	1	8	455	95	96		18.44444
220	9	Do5	C5	318	318	1	8	455	99	96	þey	18.55556
221	9	Si4b2	B4b1	312	313	1	8	455	95	96		18.66667
222	9	Re5	D5	327	327	1	16	227	99	96	dâ	18.72222
223	9	Do5	C5	318	318	1	16	227	99	96		18.77778
224	9	Si4b2	B4b1	312	313	1	8	455	99	96		18.88889
225	9	Si4b2	B4b1	312	313	1	16	227	99	96		18.94444
226	9	La4	A4	305	305	1	16	227	95	96		19
227	9	La4	A4	305	305	3	8	1364	95	96	dan  	19.33333
228	53			0	0	0	0	0	0	0		19.33333
229	9	Re5	D5	327	327	1	8	455	95	96	SAZ 	19.44444
230	9	Do5	C5	318	318	1	8	455	95	96	.	19.55556
231	9	Re5	D5	327	327	1	8	455	95	96	.	19.66667
232	9	Mi5	E5	336	336	3	16	682	95	96	.	19.83333
233	9	Re5	D5	327	327	1	16	227	95	96	.	19.88889
234	9	Do5	C5	318	318	1	16	227	95	96	.	19.94444
235	9	Re5	D5	327	327	1	16	227	95	96	. 	20
236	9	Mi5	E5	336	336	1	4	909	95	96	.	20.22222
237	53			0	0	0	0	0	0	0		20.22222
238	9	Re5	D5	327	327	1	8	455	95	96	Çýk	20.33333
239	9	Mi5	E5	336	336	1	8	455	95	96	ma	20.44444
240	9	Mi5	E5	336	336	1	2	1818	99	96	sýn 	20.88889
241	9	Re5	D5	327	327	1	8	455	95	96		21
242	9	Sol5	G5	349	349	1	8	455	95	96	ha	21.11111
243	9	Fa5	F5	340	340	1	8	455	99	96	yâ	21.22222
244	9	Mi5	E5	336	336	1	8	455	99	96		21.33333
245	9	Re5	D5	327	327	1	8	455	95	96		21.44444
246	9	Do5	C5	318	318	1	8	455	99	96	lin 	21.55556
247	9	Si4b2	B4b1	312	313	1	8	455	99	96		21.66667
248	9	La4	A4	305	305	1	4	909	99	96		21.88889
249	9	Si4b2	B4b1	312	313	1	8	455	95	96		22
250	53			0	0	0	0	0	0	0		22
251	9	Sol4	G4	296	296	1	4	909	95	96	dil_	22.22222
252	9	Mi5	E5	336	336	1	8	455	99	96	i 	22.33333
253	9	Re5	D5	327	327	1	8	455	95	96		22.44444
254	9	Do5	C5	318	318	1	8	455	99	96	þey	22.55556
255	9	Si4b2	B4b1	312	313	1	8	455	95	96		22.66667
256	9	Re5	D5	327	327	1	16	227	99	96	dâ	22.72222
257	9	Do5	C5	318	318	1	16	227	99	96		22.77778
258	9	Si4b2	B4b1	312	313	1	8	455	99	96		22.88889
259	9	Si4b2	B4b1	312	313	1	16	227	99	96		22.94444
260	9	La4	A4	305	305	1	16	227	95	96		23
261	9	La4	A4	305	305	3	8	1364	95	96	dan  	23.33333
262	53			0	0	0	0	0	0	0		23.33333
263	9	Sol5	G5	349	349	1	8	455	95	96	SAZ 	23.44444
264	9	Sol5	G5	349	349	1	16	227	95	96	.	23.5
265	9	Fa5#3	F5#4	343	344	1	16	227	95	96	.	23.55556
266	9	Mi5	E5	336	336	1	16	227	95	96	.	23.61111
267	9	Fa5#3	F5#4	343	344	1	16	227	95	96	.	23.66667
268	9	Sol5	G5	349	349	3	16	682	95	96	.	23.83333
269	9	Fa5#3	F5#4	343	344	1	16	227	95	96	.	23.88889
270	9	Mi5	E5	336	336	1	16	227	95	96	.	23.94444
271	9	Fa5#3	F5#4	343	344	1	16	227	95	96	.	24
272	9	Sol5	G5	349	349	1	4	909	95	96	.  	24.22222
273	53			0	0	0	0	0	0	0		24.22222
274	9	Mi5	E5	336	336	1	8	455	95	96	Bas	24.33333
275	9	Fa5#3	F5#4	343	344	1	8	455	95	96	tý	24.44444
276	9	Sol5	G5	349	349	1	2	1818	99	96	ðýn 	24.88889
277	9	Fa5#3	F5#4	343	344	1	8	455	95	96		25
278	9	Sol5	G5	349	349	3	16	682	99	96	yer	25.16667
279	9	Fa5#3	F5#4	343	344	1	16	227	99	96		25.22222
280	9	Sol5	G5	349	349	1	8	455	95	96		25.33333
281	9	La5	A5	358	358	1	8	455	95	96	le	25.44444
282	9	Sol5	G5	349	349	3	16	682	99	96	re 	25.61111
283	9	Fa5#3	F5#4	343	344	1	16	227	99	96		25.66667
284	9	Mi5	E5	336	336	1	4	909	95	96		25.88889
285	9			-1	-1	1	8	455	100	0		26
286	53			0	0	0	0	0	0	0		26
287	9	Sol5	G5	349	349	3	16	682	99	96	yü	26.16667
288	9	Fa5#3	F5#4	343	344	1	16	227	99	96		26.22222
289	9	Mi5	E5	336	336	1	4	909	99	96		26.44444
290	9	Fa5#3	F5#4	343	344	3	16	682	99	96		26.61111
291	9	Mi5	E5	336	336	1	16	227	99	96		26.66667
292	9	Re5	D5	327	327	1	16	227	99	96		26.72222
293	9	Mi5	E5	336	336	1	16	227	99	96		26.77778
294	9	Fa5#3	F5#4	343	344	1	16	227	99	96		26.83333
295	9	Sol5	G5	349	349	1	16	227	99	96		26.88889
296	9	La5	A5	358	358	1	8	455	95	96		27
297	9	La5	A5	358	358	1	16	227	99	96	züm 	27.05556
298	9	Sol5	G5	349	349	1	8	455	99	96		27.16667
299	9	Fa5#3	F5#4	343	344	1	16	227	95	96		27.22222
300	9	Sol5	G5	349	349	1	16	227	99	96	sü	27.27778
301	9	Fa5#3	F5#4	343	344	1	16	227	95	96		27.33333
302	9	Fa5#3	F5#4	343	344	1	16	227	99	96	re	27.38889
303	9	Mi5	E5	336	336	1	16	227	99	96		27.44444
304	9	Mi5	E5	336	336	1	4	909	95	96	mem  	27.66667
305	53			0	0	0	0	0	0	0		27.66667
306	9	Sol5	G5	349	349	3	16	682	95	96	SAZ 	27.83333
307	9	Fa5#3	F5#4	343	344	1	16	227	95	96	.	27.88889
308	9	Mi5	E5	336	336	1	16	227	95	96	.	27.94444
309	9	Fa5#3	F5#4	343	344	1	16	227	95	96	. 	28
310	9	Sol5	G5	349	349	1	4	909	95	96	.  	28.22222
311	53			0	0	0	0	0	0	0		28.22222
312	9	Mi5	E5	336	336	1	8	455	95	96	Bas	28.33333
313	9	Fa5#3	F5#4	343	344	1	8	455	95	96	tý	28.44444
314	9	Sol5	G5	349	349	1	2	1818	99	96	ðýn 	28.88889
315	9	Fa5#3	F5#4	343	344	1	8	455	95	96		29
316	9	Sol5	G5	349	349	3	16	682	99	96	yer	29.16667
317	9	Fa5#3	F5#4	343	344	1	16	227	99	96		29.22222
318	9	Sol5	G5	349	349	1	8	455	95	96		29.33333
319	9	La5	A5	358	358	1	8	455	95	96	le	29.44444
320	9	Sol5	G5	349	349	3	16	682	99	96	re 	29.61111
321	9	Fa5#3	F5#4	343	344	1	16	227	99	96		29.66667
322	9	Mi5	E5	336	336	1	4	909	95	96		29.88889
323	9			-1	-1	1	8	455	100	0		30
324	53			0	0	0	0	0	0	0		30
325	9	Sol5	G5	349	349	3	16	682	99	96	yü	30.16667
326	9	Fa5#3	F5#4	343	344	1	16	227	99	96		30.22222
327	9	Mi5	E5	336	336	1	4	909	99	96		30.44444
328	9	Fa5#3	F5#4	343	344	3	16	682	99	96		30.61111
329	9	Mi5	E5	336	336	1	16	227	99	96		30.66667
330	9	Re5	D5	327	327	1	16	227	99	96		30.72222
331	9	Mi5	E5	336	336	1	16	227	99	96		30.77778
332	9	Fa5#3	F5#4	343	344	1	16	227	99	96		30.83333
333	9	Sol5	G5	349	349	1	16	227	99	96		30.88889
334	9	La5	A5	358	358	1	8	455	95	96		31
335	9	La5	A5	358	358	1	16	227	99	96	züm 	31.05556
336	9	Sol5	G5	349	349	1	8	455	99	96		31.16667
337	9	Fa5#3	F5#4	343	344	1	16	227	95	96		31.22222
338	9	Sol5	G5	349	349	1	16	227	99	96	sü	31.27778
339	9	Fa5#3	F5#4	343	344	1	16	227	95	96		31.33333
340	9	Fa5#3	F5#4	343	344	1	16	227	99	96	re	31.38889
341	9	Mi5	E5	336	336	1	16	227	95	96		31.44444
342	9	Mi5	E5	336	336	1	4	909	95	96	mem  	31.66667
343	53			0	0	0	0	0	0	0		31.66667
344	9	Mi5	E5	336	336	1	16	227	95	96	SAZ 	31.72222
345	9	Fa5	F5	340	340	1	16	227	95	96	.	31.77778
346	9	Mi5	E5	336	336	1	16	227	95	96	.	31.83333
347	9	Re5	D5	327	327	1	16	227	95	96	.	31.88889
348	9	Do5	C5	318	318	1	16	227	95	96	.	31.94444
349	9	Re5	D5	327	327	1	16	227	95	96	.	32
350	9	Mi5	E5	336	336	1	4	909	95	96	.	32.22222
351	53			0	0	0	0	0	0	0		32.22222
352	9	Re5	D5	327	327	1	8	455	95	96	Çýk	32.33333
353	9	Mi5	E5	336	336	1	8	455	95	96	ma	32.44444
354	9	Mi5	E5	336	336	1	2	1818	99	96	sýn 	32.88889
355	9	Re5	D5	327	327	1	8	455	95	96		33
356	9	Sol5	G5	349	349	1	8	455	95	96	ha	33.11111
357	9	Fa5	F5	340	340	1	8	455	99	96	yâ	33.22222
358	9	Mi5	E5	336	336	1	8	455	99	96		33.33333
359	9	Re5	D5	327	327	1	8	455	95	96		33.44444
360	9	Do5	C5	318	318	1	8	455	99	96	lin 	33.55556
361	9	Si4b2	B4b1	312	313	1	8	455	99	96		33.66667
362	9	La4	A4	305	305	1	4	909	99	96		33.88889
363	9	Si4b2	B4b1	312	313	1	8	455	95	96		34
364	53			0	0	0	0	0	0	0		34
365	9	Sol4	G4	296	296	1	4	909	95	96	dil_	34.22222
366	9	Mi5	E5	336	336	1	8	455	99	96	i 	34.33333
367	9	Re5	D5	327	327	1	8	455	95	96		34.44444
368	9	Do5	C5	318	318	1	8	455	99	96	þey	34.55556
369	9	Si4b2	B4b1	312	313	1	8	455	95	96		34.66667
370	9	Re5	D5	327	327	1	16	227	99	96	dâ	34.72222
371	9	Do5	C5	318	318	1	16	227	99	96		34.77778
372	9	Si4b2	B4b1	312	313	1	8	455	99	96		34.88889
373	9	Si4b2	B4b1	312	313	1	16	227	99	96		34.94444
374	9	La4	A4	305	305	1	16	227	95	96		35
375	9	La4	A4	305	305	3	8	1364	95	96	dan  	35.33333
376	53			0	0	0	0	0	0	0		35.33333
377	9	Re5	D5	327	327	1	8	455	95	96	SAZ 	35.44444
378	9	Do5	C5	318	318	1	8	455	95	96	.	35.55556
379	9	Re5	D5	327	327	1	8	455	95	96	.	35.66667
380	9	Mi5	E5	336	336	3	16	682	95	96	.	35.83333
381	9	Re5	D5	327	327	1	16	227	95	96	.	35.88889
382	9	Do5	C5	318	318	1	16	227	95	96	.	35.94444
383	9	Re5	D5	327	327	1	16	227	95	96	. 	36
384	9	Mi5	E5	336	336	1	4	909	95	96	.	36.22222
385	53			0	0	0	0	0	0	0		36.22222
386	9	Re5	D5	327	327	1	8	455	95	96	Çýk	36.33333
387	9	Mi5	E5	336	336	1	8	455	95	96	ma	36.44444
388	9	Mi5	E5	336	336	1	2	1818	99	96	sýn 	36.88889
389	9	Re5	D5	327	327	1	8	455	95	96		37
390	9	Sol5	G5	349	349	1	8	455	95	96	ha	37.11111
391	9	Fa5	F5	340	340	1	8	455	99	96	yâ	37.22222
392	9	Mi5	E5	336	336	1	8	455	99	96		37.33333
393	9	Re5	D5	327	327	1	8	455	95	96		37.44444
394	9	Do5	C5	318	318	1	8	455	99	96	lin 	37.55556
395	9	Si4b2	B4b1	312	313	1	8	455	99	96		37.66667
396	9	La4	A4	305	305	1	4	909	99	96		37.88889
397	9	Si4b2	B4b1	312	313	1	8	455	95	96		38
398	53			0	0	0	0	0	0	0		38
399	9	Sol4	G4	296	296	1	4	909	95	96	dil_	38.22222
400	9	Mi5	E5	336	336	1	8	455	99	96	i 	38.33333
401	9	Re5	D5	327	327	1	8	455	95	96		38.44444
402	9	Do5	C5	318	318	1	8	455	99	96	þey	38.55556
403	9	Si4b2	B4b1	312	313	1	8	455	95	96		38.66667
404	9	Re5	D5	327	327	1	16	227	99	96	dâ	38.72222
405	9	Do5	C5	318	318	1	16	227	99	96		38.77778
406	9	Si4b2	B4b1	312	313	1	8	455	99	96		38.88889
407	9	Si4b2	B4b1	312	313	1	16	227	99	96		38.94444
408	9	La4	A4	305	305	1	16	227	95	96		39
409	9	La4	A4	305	305	3	8	1364	95	96	dan  	39.33333
410	53			0	0	0	0	0	0	0		39.33333
411	9	Mi5	E5	336	336	1	16	227	95	96	SAZ 	39.38889
412	9	Fa5	F5	340	340	1	16	227	95	96	KARAR 	39.44444
413	9	Mi5	E5	336	336	1	16	227	95	96	.	39.5
414	9	Re5	D5	327	327	1	16	227	95	96	.	39.55556
415	9	Do5	C5	318	318	1	16	227	95	96	.	39.61111
416	9	Si4b2	B4b1	312	313	1	16	227	95	96	.	39.66667
417	9	La4	A4	305	305	1	4	909	95	96	.	39.88889
418	9			-1	-1	1	8	455	100	0		40
419	53			0	0	0	0	0	0	0		40
420	0	Es	Sus	-1	-1	0	0	0	100	0		40
