Sýra	Kod	Nota53	NotaAE	Koma53	KomaAE	Pay	Payda	Ms	LNS	Bas	Soz1	Offset
1	9	Do5	C5	318	318	1	4	833	95	96	ARANAÐME	0.2
2	9	Re5	D5	327	327	1	8	417	95	96	.	0.3
3	9	Re5	D5	327	327	1	4	833	95	96	.	0.5
4	9	Re5	D5	327	327	1	16	208	95	96	.	0.55
5	9	Do5	C5	318	318	1	16	208	95	96	.	0.6
6	9	Si4b1	B4b1	313	313	1	16	208	95	96	.	0.65
7	9	Do5	C5	318	318	1	16	208	95	96	.	0.7
8	9	Re5	D5	327	327	1	4	833	95	96	.	0.9
9	9			-1	-1	1	8	417	100	0	.	1
10	53			0	0	0	0	0	0	0		1
11	9	Mi5b3	E5b4	333	332	1	4	833	95	96	.	1.2
12	9	Mi5b3	E5b4	333	332	1	8	417	95	96	.	1.3
13	9	Mi5b3	E5b4	333	332	1	4	833	95	96	.	1.5
14	9	Mi5b3	E5b4	333	332	1	16	208	95	96	.	1.55
15	9	Re5	D5	327	327	1	16	208	95	96	.	1.6
16	9	Do5	C5	318	318	1	16	208	95	96	.	1.65
17	9	Re5	D5	327	327	1	16	208	95	96	.	1.7
18	9	Mi5b3	E5b4	333	332	1	4	833	95	96	.	1.9
19	9			-1	-1	1	8	417	100	0	.	2
20	53			0	0	0	0	0	0	0		2
21	9	Re5	D5	327	327	1	4	833	95	96	.	2.2
22	9	Mi5b3	E5b4	333	332	1	8	417	95	96	.	2.3
23	9	Fa5#3	F5#4	343	344	1	4	833	95	96	.	2.5
24	9	Sol5	G5	349	349	1	4	833	95	96	.	2.7
25	9	Fa5#3	F5#4	343	344	1	8	417	95	96	.	2.8
26	9	Mi5b3	E5b4	333	332	1	4	833	95	96	.	3
27	9	Re5	D5	327	327	1	4	833	95	96	.	3.2
28	9	Si4b1	B4b1	313	313	1	8	417	95	96	.	3.3
29	9	Do5	C5	318	318	1	4	833	95	96	.	3.5
30	9	Re5	D5	327	327	1	8	417	95	96	.	3.6
31	9	Do5	C5	318	318	1	8	417	95	96	.	3.7
32	9	Si4b1	B4b1	313	313	1	4	833	95	96	.	3.9
33	9			-1	-1	1	8	417	100	0		4
34	53			0	0	0	0	0	0	0		4
35	9	Do5	C5	318	318	1	4	833	95	96	ARANAÐME	4.2
36	9	Re5	D5	327	327	1	8	417	95	96	.	4.3
37	9	Re5	D5	327	327	1	4	833	95	96	.	4.5
38	9	Re5	D5	327	327	1	16	208	95	96	.	4.55
39	9	Do5	C5	318	318	1	16	208	95	96	.	4.6
40	9	Si4b1	B4b1	313	313	1	16	208	95	96	.	4.65
41	9	Do5	C5	318	318	1	16	208	95	96	.	4.7
42	9	Re5	D5	327	327	1	4	833	95	96	.	4.9
43	9			-1	-1	1	8	417	100	0	.	5
44	53			0	0	0	0	0	0	0		5
45	9	Mi5b3	E5b4	333	332	1	4	833	95	96	.	5.2
46	9	Mi5b3	E5b4	333	332	1	8	417	95	96	.	5.3
47	9	Mi5b3	E5b4	333	332	1	4	833	95	96	.	5.5
48	9	Mi5b3	E5b4	333	332	1	16	208	95	96	.	5.55
49	9	Re5	D5	327	327	1	16	208	95	96	.	5.6
50	9	Do5	C5	318	318	1	16	208	95	96	.	5.65
51	9	Re5	D5	327	327	1	16	208	95	96	.	5.7
52	9	Mi5b3	E5b4	333	332	1	4	833	95	96	.	5.9
53	9			-1	-1	1	8	417	100	0	.	6
54	53			0	0	0	0	0	0	0		6
55	9	Re5	D5	327	327	1	4	833	95	96	.	6.2
56	9	Mi5b3	E5b4	333	332	1	8	417	95	96	.	6.3
57	9	Fa5#3	F5#4	343	344	1	4	833	95	96	.	6.5
58	9	Sol5	G5	349	349	1	4	833	95	96	.	6.7
59	9	Fa5#3	F5#4	343	344	1	8	417	95	96	.	6.8
60	9	Mi5b3	E5b4	333	332	1	4	833	95	96	.	7
61	9	Re5	D5	327	327	1	4	833	95	96	.	7.2
62	9	Si4b1	B4b1	313	313	1	8	417	95	96	.	7.3
63	9	Do5	C5	318	318	1	4	833	95	96	.	7.5
64	9	Re5	D5	327	327	1	8	417	95	96	.	7.6
65	9	Do5	C5	318	318	1	8	417	95	96	.	7.7
66	9	Si4b1	B4b1	313	313	1	4	833	95	96	.	7.9
67	9			-1	-1	1	8	417	100	0		8
68	53			0	0	0	0	0	0	0		8
69	9	Re5	D5	327	327	3	16	625	95	96	Ah 	8.15
70	9	Do5	C5	318	318	1	16	208	95	96		8.2
71	9	Si4b1	B4b1	313	313	1	16	208	95	96	ke	8.25
72	9	Do5	C5	318	318	1	16	208	95	96		8.3
73	9	Re5	D5	327	327	1	8	417	95	96	rem 	8.4
74	9	Mi5b3	E5b4	333	332	1	16	208	95	96		8.45
75	9	Fa5#3	F5#4	343	344	1	16	208	95	96		8.5
76	9	Re5	D5	327	327	3	16	625	95	96	ey	8.65
77	9	Do5	C5	318	318	1	16	208	95	96		8.7
78	9	Si4b1	B4b1	313	313	1	16	208	95	96	le 	8.75
79	9	Do5	C5	318	318	1	16	208	95	96		8.8
80	9	Re5	D5	327	327	1	4	833	95	96	mes	9
81	53			0	0	0	0	0	0	0		9
82	9	Mi5b3	E5b4	333	332	1	4	833	95	96	tâ	9.2
83	8	Fa5#3	F5#4	343	344	0	0	0	95	96		9.2
84	9	Mi5b3	E5b4	333	332	1	16	208	95	96	ne 	9.25
85	9	Re5	D5	327	327	1	16	208	95	96		9.3
86	9	La5	A5	358	358	1	16	208	95	96	kýl 	9.35
87	9	Sol5	G5	349	349	1	8	417	95	96		9.45
88	9	Fa5#3	F5#4	343	344	1	16	208	95	96		9.5
89	9	Fa5#3	F5#4	343	344	1	16	208	95	96	bir 	9.55
90	9	Sol5	G5	349	349	1	16	208	95	96		9.6
91	9	Fa5#3	F5#4	343	344	1	16	208	95	96		9.65
92	9	Mi5b3	E5b4	333	332	1	16	208	95	96		9.7
93	8	Fa5#3	F5#4	343	344	0	0	0	95	96		9.7
94	9	Mi5b3	E5b4	333	332	1	16	208	95	96	ni	9.75
95	9	Re5	D5	327	327	1	16	208	95	96		9.8
96	9	Re5	D5	327	327	1	4	833	95	96	gâh  	10
97	53			0	0	0	0	0	0	0		10
98	9	Fa5#3	F5#4	343	344	1	16	208	95	96	Ca	10.05
99	9	Mi5b3	E5b4	333	332	1	16	208	95	96		10.1
100	9	Re5	D5	327	327	1	16	208	95	96	ným 	10.15
101	9	Do5	C5	318	318	1	16	208	95	96		10.2
102	9	Si4b1	B4b1	313	313	1	16	208	95	96	ke	10.25
103	9	Do5	C5	318	318	1	16	208	95	96		10.3
104	9	Re5	D5	327	327	1	8	417	95	96	rem 	10.4
105	9	Mi5b3	E5b4	333	332	1	16	208	95	96		10.45
106	9	Fa5#3	F5#4	343	344	1	16	208	95	96		10.5
107	9	Re5	D5	327	327	3	16	625	95	96	ey	10.65
108	9	Do5	C5	318	318	1	16	208	95	96		10.7
109	9	Si4b1	B4b1	313	313	1	16	208	95	96	le 	10.75
110	9	Do5	C5	318	318	1	16	208	95	96		10.8
111	9	Re5	D5	327	327	1	4	833	95	96	mes	11
112	53			0	0	0	0	0	0	0		11
113	9	Mi5b3	E5b4	333	332	1	4	833	95	96	tâ	11.2
114	8	Fa5#3	F5#4	343	344	0	0	0	95	96		11.2
115	9	Mi5b3	E5b4	333	332	1	16	208	95	96	ne 	11.25
116	9	Re5	D5	327	327	1	16	208	95	96		11.3
117	9	La5	A5	358	358	1	16	208	95	96	kýl 	11.35
118	9	Sol5	G5	349	349	1	8	417	95	96		11.45
119	9	Fa5#3	F5#4	343	344	1	16	208	95	96		11.5
120	9	Fa5#3	F5#4	343	344	1	16	208	95	96	bir 	11.55
121	9	Sol5	G5	349	349	1	16	208	95	96		11.6
122	9	Fa5#3	F5#4	343	344	1	16	208	95	96		11.65
123	9	Mi5b3	E5b4	333	332	1	16	208	95	96		11.7
124	8	Fa5#3	F5#4	343	344	0	0	0	95	96		11.7
125	9	Mi5b3	E5b4	333	332	1	16	208	95	96	ni	11.75
126	9	Re5	D5	327	327	1	16	208	95	96		11.8
127	9	Re5	D5	327	327	1	4	833	95	96	gâh  	12
128	53			0	0	0	0	0	0	0		12
129	9	Fa5#3	F5#4	343	344	1	4	833	95	96	Ah 	12.2
130	9	Fa5#3	F5#4	343	344	1	8	417	95	96	þa	12.3
131	9	Fa5#3	F5#4	343	344	1	4	833	95	96	rab 	12.5
132	9	Sol5	G5	349	349	1	16	208	95	96	iç 	12.55
133	9	Fa5#3	F5#4	343	344	1	16	208	95	96		12.6
134	9	Mi5b3	E5b4	333	332	1	16	208	95	96		12.65
135	9	Re5	D5	327	327	1	16	208	95	96		12.7
136	9	Mi5b3	E5b4	333	332	1	16	208	95	96	sü	12.75
137	9	Fa5#3	F5#4	343	344	1	16	208	95	96		12.8
138	9	Sol5	G5	349	349	1	4	833	95	96	zül	13
139	53			0	0	0	0	0	0	0		13
140	9	Sol5	G5	349	349	1	8	417	95	96	sün 	13.1
141	9	Fa5#3	F5#4	343	344	1	16	208	95	96		13.15
142	9	Mi5b3	E5b4	333	332	1	16	208	95	96		13.2
143	9	Re5	D5	327	327	1	16	208	95	96	o 	13.25
144	9	Mi5b3	E5b4	333	332	1	16	208	95	96		13.3
145	9	Fa5#3	F5#4	343	344	1	8	417	95	96	çeþm_	13.4
146	9	Mi5b3	E5b4	333	332	1	16	208	95	96		13.45
147	9	Fa5#3	F5#4	343	344	1	16	208	95	96		13.5
148	9	Sol5	G5	349	349	1	8	417	95	96	i 	13.6
149	9	Fa5#3	F5#4	343	344	1	16	208	95	96		13.65
150	9	Mi5b3	E5b4	333	332	1	16	208	95	96		13.7
151	8	Fa5#3	F5#4	343	344	0	0	0	95	96		13.7
152	9	Mi5b3	E5b4	333	332	1	16	208	95	96	si	13.75
153	9	Re5	D5	327	327	1	16	208	95	96		13.8
154	9	Re5	D5	327	327	1	4	833	95	96	yah  	14
155	53			0	0	0	0	0	0	0		14
156	9	Re5	D5	327	327	1	8	417	95	96	Ca	14.1
157	9	Do5	C5	318	318	1	16	208	95	96	ným 	14.15
158	9	Si4b1	B4b1	313	313	1	16	208	95	96		14.2
159	8	Do5	C5	318	318	0	0	0	95	96		14.2
160	9	Si4b1	B4b1	313	313	1	16	208	95	96	þa	14.25
161	9	La4	A4	305	305	1	16	208	95	96		14.3
162	9	La4	A4	305	305	1	8	417	95	96	rab 	14.4
163	8	Si4b1	B4b1	313	313	0	0	0	95	96		14.4
164	9	La4	A4	305	305	1	16	208	95	96		14.45
165	9	Sol4	G4	296	296	1	16	208	95	96		14.5
166	9	Si4b1	B4b1	313	313	3	32	312	95	96	iç 	14.575
167	9	La4	A4	305	305	1	32	104	95	96		14.6
168	9	Si4b1	B4b1	313	313	1	8	417	95	96		14.7
169	9	Do5	C5	318	318	1	8	417	95	96	sü	14.8
170	9	Re5	D5	327	327	1	4	833	95	96	zül	15
171	53			0	0	0	0	0	0	0		15
172	9	Mi5b3	E5b4	333	332	3	32	312	95	96	sün 	15.075
173	9	Re5	D5	327	327	1	32	104	95	96		15.1
174	9	Do5	C5	318	318	1	8	417	95	96		15.2
175	9	Re5	D5	327	327	1	16	208	95	96	o 	15.25
176	9	Mi5b3	E5b4	333	332	1	16	208	95	96	çeþm_	15.3
177	9	Fa5#3	F5#4	343	344	1	8	417	95	96		15.4
178	9	Mi5b3	E5b4	333	332	1	16	208	95	96		15.45
179	9	Re5	D5	327	327	1	16	208	95	96		15.5
180	9	Re5	D5	327	327	1	8	417	95	96	i 	15.6
181	8	Mi5b3	E5b4	333	332	0	0	0	95	96		15.6
182	9	Re5	D5	327	327	1	16	208	95	96		15.65
183	9	Do5	C5	318	318	1	16	208	95	96		15.7
184	9	Do5	C5	318	318	1	16	208	95	96	si	15.75
185	9	Si4b1	B4b1	313	313	1	16	208	95	96		15.8
186	9	Si4b1	B4b1	313	313	1	4	833	95	96	yah  	16
187	53			0	0	0	0	0	0	0		16
188	54			0	0	0	0	0	0	0	segah@si5b1	16
189	9	Si5b1	B5b1	366	366	1	4	833	95	96	Ah 	16.2
190	9	Si5b1	B5b1	366	366	1	8	417	95	96	bu 	16.3
191	9	Si5b1	B5b1	366	366	1	4	833	95	96	bezm_	16.5
192	9	Si5b1	B5b1	366	366	1	4	833	95	96	i 	16.7
193	9	Re6	D6	380	380	1	16	208	95	96	sa	16.75
194	9	Do6	C6	371	371	1	16	208	95	96		16.8
195	9	Do6	C6	371	371	1	8	417	95	96	fâ	16.9
196	8	Re6	D6	380	380	0	0	0	95	96		16.9
197	9	Do6	C6	371	371	1	16	208	95	96		16.95
198	9	Si5b1	B5b1	366	366	1	16	208	95	96		17
199	9	Si5b1	B5b1	366	366	3	16	625	95	96	dýr 	17.15
200	9	La5#4	A5#4	362	362	1	16	208	95	96		17.2
201	9	La5#4	A5#4	362	362	1	8	417	95	96	gel_	17.3
202	9	La5#4	A5#4	362	362	3	16	625	95	96	ey 	17.45
203	9	Sol5	G5	349	349	1	16	208	95	96		17.5
204	9	Sol5	G5	349	349	1	4	833	95	96	rûy_	17.7
205	8	La5#4	A5#4	362	362	0	0	0	95	96		17.7
206	9	Sol5	G5	349	349	1	16	208	95	96	i 	17.75
207	9	Fa5#3	F5#4	343	344	1	16	208	95	96		17.8
208	9	Fa5#3	F5#4	343	344	1	4	833	95	96	mâh  	18
209	55			0	0	0	0	0	0	0		18
210	53			0	0	0	0	0	0	0		18
211	9	Sol5	G5	349	349	1	8	417	95	96	Ca	18.1
212	9	Fa5#3	F5#4	343	344	1	16	208	95	96	ným 	18.15
213	9	Mi5b3	E5b4	333	332	1	16	208	95	96		18.2
214	9	Re5	D5	327	327	1	16	208	95	96	bu 	18.25
215	9	Mi5b3	E5b4	333	332	1	16	208	95	96		18.3
216	9	Fa5#3	F5#4	343	344	1	4	833	95	96	bezm_	18.5
217	9	Fa5#3	F5#4	343	344	1	8	417	95	96	i 	18.6
218	9	Mi5b3	E5b4	333	332	1	16	208	95	96		18.65
219	9	Re5	D5	327	327	1	16	208	95	96		18.7
220	9	Sol5	G5	349	349	1	8	417	95	96	sa	18.8
221	9	Sol5	G5	349	349	1	4	833	95	96	fâ	19
222	53			0	0	0	0	0	0	0		19
223	9	Sol5	G5	349	349	1	8	417	95	96	dýr 	19.1
224	9	Fa5#3	F5#4	343	344	1	16	208	95	96		19.15
225	9	Mi5b3	E5b4	333	332	1	16	208	95	96		19.2
226	9	Re5	D5	327	327	1	16	208	95	96	gel_	19.25
227	9	Mi5b3	E5b4	333	332	1	16	208	95	96		19.3
228	9	Fa5#3	F5#4	343	344	1	8	417	95	96	ey 	19.4
229	9	Mi5b3	E5b4	333	332	1	16	208	95	96		19.45
230	9	Fa5#3	F5#4	343	344	1	16	208	95	96		19.5
231	9	Sol5	G5	349	349	1	8	417	95	96	rûy_	19.6
232	9	Fa5#3	F5#4	343	344	1	16	208	95	96		19.65
233	9	Mi5b3	E5b4	333	332	1	16	208	95	96		19.7
234	8	Fa5#3	F5#4	343	344	0	0	0	95	96		19.7
235	9	Mi5b3	E5b4	333	332	1	16	208	95	96	i 	19.75
236	9	Re5	D5	327	327	1	16	208	95	96		19.8
237	9	Re5	D5	327	327	1	4	833	95	96	mâh  	20
238	53			0	0	0	0	0	0	0		20
239	9	Fa5#3	F5#4	343	344	1	4	833	95	96	Ah 	20.2
240	9	Fa5#3	F5#4	343	344	1	8	417	95	96	þa	20.3
241	9	Fa5#3	F5#4	343	344	1	4	833	95	96	rab 	20.5
242	9	Sol5	G5	349	349	1	16	208	95	96	iç 	20.55
243	9	Fa5#3	F5#4	343	344	1	16	208	95	96		20.6
244	9	Mi5b3	E5b4	333	332	1	16	208	95	96		20.65
245	9	Re5	D5	327	327	1	16	208	95	96		20.7
246	9	Mi5b3	E5b4	333	332	1	16	208	95	96	sü	20.75
247	9	Fa5#3	F5#4	343	344	1	16	208	95	96		20.8
248	9	Sol5	G5	349	349	1	4	833	95	96	zül	21
249	53			0	0	0	0	0	0	0		21
250	9	Sol5	G5	349	349	1	8	417	95	96	sün 	21.1
251	9	Fa5#3	F5#4	343	344	1	16	208	95	96		21.15
252	9	Mi5b3	E5b4	333	332	1	16	208	95	96		21.2
253	9	Re5	D5	327	327	1	16	208	95	96	o 	21.25
254	9	Mi5b3	E5b4	333	332	1	16	208	95	96		21.3
255	9	Fa5#3	F5#4	343	344	1	8	417	95	96	çeþm_	21.4
256	9	Mi5b3	E5b4	333	332	1	16	208	95	96		21.45
257	9	Fa5#3	F5#4	343	344	1	16	208	95	96		21.5
258	9	Sol5	G5	349	349	1	8	417	95	96	i 	21.6
259	9	Fa5#3	F5#4	343	344	1	16	208	95	96		21.65
260	9	Mi5b3	E5b4	333	332	1	16	208	95	96		21.7
261	8	Fa5#3	F5#4	343	344	0	0	0	95	96		21.7
262	9	Mi5b3	E5b4	333	332	1	16	208	95	96	si	21.75
263	9	Re5	D5	327	327	1	16	208	95	96		21.8
264	9	Re5	D5	327	327	1	4	833	95	96	yah  	22
265	53			0	0	0	0	0	0	0		22
266	9	Re5	D5	327	327	1	8	417	95	96	Ca	22.1
267	9	Do5	C5	318	318	1	16	208	95	96	ným 	22.15
268	9	Si4b1	B4b1	313	313	1	16	208	95	96		22.2
269	8	Do5	C5	318	318	0	0	0	95	96		22.2
270	9	Si4b1	B4b1	313	313	1	16	208	95	96	þa	22.25
271	9	La4	A4	305	305	1	16	208	95	96		22.3
272	9	La4	A4	305	305	1	8	417	95	96	rab 	22.4
273	8	Si4b1	B4b1	313	313	0	0	0	95	96		22.4
274	9	La4	A4	305	305	1	16	208	95	96		22.45
275	9	Sol4	G4	296	296	1	16	208	95	96		22.5
276	9	Si4b1	B4b1	313	313	3	32	312	95	96	iç 	22.575
277	9	La4	A4	305	305	1	32	104	95	96		22.6
278	9	Si4b1	B4b1	313	313	1	8	417	95	96		22.7
279	9	Do5	C5	318	318	1	8	417	95	96	sü	22.8
280	9	Re5	D5	327	327	1	4	833	95	96	zül	23
281	53			0	0	0	0	0	0	0		23
282	9	Mi5b3	E5b4	333	332	3	32	312	95	96	sün 	23.075
283	9	Re5	D5	327	327	1	32	104	95	96		23.1
284	9	Do5	C5	318	318	1	8	417	95	96		23.2
285	9	Re5	D5	327	327	1	16	208	95	96	o 	23.25
286	9	Mi5b3	E5b4	333	332	1	16	208	95	96	çeþm_	23.3
287	9	Fa5#3	F5#4	343	344	1	8	417	95	96		23.4
288	9	Mi5b3	E5b4	333	332	1	16	208	95	96		23.45
289	9	Re5	D5	327	327	1	16	208	95	96		23.5
290	9	Re5	D5	327	327	1	8	417	95	96	i 	23.6
291	8	Mi5b3	E5b4	333	332	0	0	0	95	96		23.6
292	9	Re5	D5	327	327	1	16	208	95	96		23.65
293	9	Do5	C5	318	318	1	16	208	95	96		23.7
294	9	Do5	C5	318	318	1	16	208	95	96	si	23.75
295	9	Si4b1	B4b1	313	313	1	16	208	95	96		23.8
296	9	Si4b1	B4b1	313	313	1	4	833	95	96	yah  	24
297	53			0	0	0	0	0	0	0		24
