Sýra	Kod	Nota53	NotaAE	Koma53	KomaAE	Pay	Payda	Ms	LNS	Bas	Soz1	Offset
1	9	Sol5	G5	349	349	3	16	341	95	66	ARANAÐME	0.1666667
2	9	Fa5#3	F5#4	343	344	1	16	114	95	68	.	0.2222222
3	9	Sol5	G5	349	349	3	16	341	95	71	.	0.3888889
4	9	Fa5#3	F5#4	343	344	1	16	114	95	73	.	0.4444444
5	9	Sol5	G5	349	349	1	4	455	95	76	.	0.6666667
6	9	Fa5#3	F5#4	343	344	1	16	114	95	78	.	0.7222222
7	9	Sol5	G5	349	349	1	16	114	95	96	.	0.7777778
8	9	La5	A5	358	358	1	16	114	95	96	.	0.8333333
9	9	Sol5	G5	349	349	1	16	114	95	96	.	0.8888889
10	9	Fa5#3	F5#4	343	344	1	16	114	95	96	.	0.9444444
11	9	Mi5b3	E5b4	333	332	1	16	114	95	96	.	1
12	53			0	0	0	0	0	0	0		1
13	9	Fa5#3	F5#4	343	344	3	16	341	95	66	.	1.166667
14	9	Mi5b3	E5b4	333	332	1	16	114	95	74	.	1.222222
15	9	Fa5#3	F5#4	343	344	3	16	341	95	83	.	1.388889
16	9	Mi5b3	E5b4	333	332	1	16	114	95	91	.	1.444444
17	9	Fa5#3	F5#4	343	344	1	4	455	95	100	.	1.666667
18	9	Mi5b3	E5b4	333	332	1	16	114	95	108	.	1.722222
19	9	Fa5#3	F5#4	343	344	1	16	114	95	96	.	1.777778
20	9	Sol5	G5	349	349	1	16	114	95	96	.	1.833333
21	9	Fa5#3	F5#4	343	344	1	16	114	95	96	.	1.888889
22	9	Mi5b3	E5b4	333	332	1	16	114	95	96	.	1.944444
23	9	Re5	D5	327	327	1	16	114	95	96	.	2
24	53			0	0	0	0	0	0	0		2
25	10	Mi5b3	E5b4	333	332	1	8	227	95	96	.	2.111111
26	8	Fa5#3	F5#4	343	344	0	0	0	95	96	.	2.111111
27	9	Mi5b3	E5b4	333	332	1	16	114	95	96	.	2.166667
28	9	Re5	D5	327	327	1	16	114	95	96	.	2.222222
29	10	Mi5b3	E5b4	333	332	1	8	227	95	96	.	2.333333
30	8	Fa5#3	F5#4	343	344	0	0	0	95	96	.	2.333333
31	9	Mi5b3	E5b4	333	332	1	16	114	95	96	.	2.388889
32	9	Re5	D5	327	327	1	16	114	95	96	.	2.444444
33	9	Mi5b3	E5b4	333	332	1	8	227	95	96	.	2.555556
34	9	Re5	D5	327	327	1	8	227	95	96	.	2.666667
35	9	Sol5	G5	349	349	1	8	227	95	96	.	2.777778
36	9	Fa5#3	F5#4	343	344	1	8	227	95	96	.	2.888889
37	9	Mi5b3	E5b4	333	332	1	8	227	95	96	.	3
38	9	Re5	D5	327	327	1	16	114	95	96	.	3.055556
39	9	Mi5b3	E5b4	333	332	1	16	114	95	96	.	3.111111
40	9	Re5	D5	327	327	1	16	114	95	96	.	3.166667
41	9	Do5	C5	318	318	1	16	114	95	96	.	3.222222
42	9	Si4b1	B4b1	313	313	1	8	227	95	96	.	3.333333
43	9	Do5	C5	318	318	1	8	227	95	96	.	3.444444
44	9	Re5	D5	327	327	1	4	455	95	96	.	3.666667
45	53			0	0	0	0	0	0	0		3.666667
46	9	Do5	C5	318	318	1	16	114	95	96	.	3.722222
47	9	Re5	D5	327	327	1	16	114	95	96	.	3.777778
48	9	Mi5b3	E5b4	333	332	1	16	114	95	96	.	3.833333
49	9	Fa5#3	F5#4	343	344	1	16	114	95	96	.	3.888889
50	9	Sol5	G5	349	349	1	8	227	95	96	.	4
51	53			0	0	0	0	0	0	0		4
52	9	Sol5	G5	349	349	3	16	341	95	66	ARANAÐME	4.166667
53	9	Fa5#3	F5#4	343	344	1	16	114	95	68	.	4.222222
54	9	Sol5	G5	349	349	3	16	341	95	71	.	4.388889
55	9	Fa5#3	F5#4	343	344	1	16	114	95	73	.	4.444445
56	9	Sol5	G5	349	349	1	4	455	95	76	.	4.666667
57	9	Fa5#3	F5#4	343	344	1	16	114	95	78	.	4.722222
58	9	Sol5	G5	349	349	1	16	114	95	96	.	4.777778
59	9	La5	A5	358	358	1	16	114	95	96	.	4.833333
60	9	Sol5	G5	349	349	1	16	114	95	96	.	4.888889
61	9	Fa5#3	F5#4	343	344	1	16	114	95	96	.	4.944445
62	9	Mi5b3	E5b4	333	332	1	16	114	95	96	.	5
63	53			0	0	0	0	0	0	0		5
64	9	Fa5#3	F5#4	343	344	3	16	341	95	66	.	5.166667
65	9	Mi5b3	E5b4	333	332	1	16	114	95	74	.	5.222222
66	9	Fa5#3	F5#4	343	344	3	16	341	95	83	.	5.388889
67	9	Mi5b3	E5b4	333	332	1	16	114	95	91	.	5.444445
68	9	Fa5#3	F5#4	343	344	1	4	455	95	100	.	5.666667
69	9	Mi5b3	E5b4	333	332	1	16	114	95	108	.	5.722222
70	9	Fa5#3	F5#4	343	344	1	16	114	95	96	.	5.777778
71	9	Sol5	G5	349	349	1	16	114	95	96	.	5.833333
72	9	Fa5#3	F5#4	343	344	1	16	114	95	96	.	5.888889
73	9	Mi5b3	E5b4	333	332	1	16	114	95	96	.	5.944445
74	9	Re5	D5	327	327	1	16	114	95	96	.	6
75	53			0	0	0	0	0	0	0		6
76	10	Mi5b3	E5b4	333	332	1	8	227	95	96	.	6.111111
77	8	Fa5#3	F5#4	343	344	0	0	0	95	96	.	6.111111
78	9	Mi5b3	E5b4	333	332	1	16	114	95	96	.	6.166667
79	9	Re5	D5	327	327	1	16	114	95	96	.	6.222222
80	10	Mi5b3	E5b4	333	332	1	8	227	95	96	.	6.333333
81	8	Fa5#3	F5#4	343	344	0	0	0	95	66	.	6.333333
82	9	Mi5b3	E5b4	333	332	1	16	114	95	71	.	6.388889
83	9	Re5	D5	327	327	1	16	114	95	76	.	6.444445
84	9	Mi5b3	E5b4	333	332	1	8	227	95	82	.	6.555555
85	9	Re5	D5	327	327	1	8	227	95	87	.	6.666667
86	9	Sol5	G5	349	349	1	8	227	95	92	.	6.777778
87	9	Fa5#3	F5#4	343	344	1	8	227	95	98	.	6.888889
88	9	Mi5b3	E5b4	333	332	1	8	227	95	103	.	7
89	9	Re5	D5	327	327	1	16	114	95	108	.	7.055555
90	9	Mi5b3	E5b4	333	332	1	16	114	95	96	.	7.111111
91	9	Fa5#3	F5#4	343	344	1	16	114	95	96	.	7.166667
92	9	Mi5b3	E5b4	333	332	1	16	114	95	96	.	7.222222
93	9	Re5	D5	327	327	1	16	114	95	96	.	7.277778
94	9	Do5	C5	318	318	1	16	114	95	96	.	7.333333
95	9	Si4b1	B4b1	313	313	1	16	114	95	96	.	7.388889
96	9	La4#4	A4#4	309	309	1	16	114	95	96	.	7.444445
97	9	Si4b1	B4b1	313	313	5	8	1136	95	96	.	8
98	53			0	0	0	0	0	0	0		8
99	9	Sol5	G5	349	349	6	8	1364	95	108	Gön	8.666667
100	9	La5	A5	358	358	1	8	227	99	108	lüm 	8.777778
101	9	Sol5	G5	349	349	1	8	227	95	108		8.888889
102	9	Sol5	G5	349	349	1	16	114	99	96	se	8.944445
103	9	Fa5#3	F5#4	343	344	1	16	114	95	96		9
104	9	Fa5#3	F5#4	343	344	1	8	227	99	96	her 	9.111111
105	9	Fa5#3	F5#4	343	344	1	8	227	99	96		9.222222
106	9	Fa5#3	F5#4	343	344	4	8	909	99	96		9.666667
107	9	Sol5	G5	349	349	1	8	227	99	66		9.777778
108	9	Fa5#3	F5#4	343	344	1	8	227	99	82		9.888889
109	9	Mi5b3	E5b4	333	332	1	8	227	95	98		10
110	9	Mi5b3	E5b4	333	332	1	8	227	99	114	ye	10.11111
111	9	Mi5b3	E5b4	333	332	1	8	227	99	96		10.22222
112	9	Mi5b3	E5b4	333	332	3	8	682	99	96		10.55556
113	9	Re5	D5	327	327	1	8	227	95	66		10.66667
114	9	Sol5	G5	349	349	1	8	227	99	68	li 	10.77778
115	9	Fa5#3	F5#4	343	344	1	8	227	95	71		10.88889
116	9	Mi5b3	E5b4	333	332	1	8	227	95	73	gi	11
117	9	Re5	D5	327	327	3	8	682	95	76	bi  	11.33333
118	9	Si4b1	B4b1	313	313	1	8	227	95	78	SAZ	11.44444
119	9	Do5	C5	318	318	1	8	227	95	96	.	11.55556
120	9	Re5	D5	327	327	1	8	227	95	96	.	11.66667
121	9	Mi5b3	E5b4	333	332	1	8	227	95	96	.	11.77778
122	9	Fa5#3	F5#4	343	344	1	8	227	95	96	.	11.88889
123	9	Sol5	G5	349	349	1	8	227	95	96	.	12
124	53			0	0	0	0	0	0	0		12
125	7	Sol5	G5	349	349	6	8	1364	95	96	Dal	12.66667
126	9	La5	A5	358	358	1	8	227	99	96	dan 	12.77778
127	9	Sol5	G5	349	349	1	8	227	95	96		12.88889
128	9	Sol5	G5	349	349	1	16	114	99	96	da	12.94444
129	9	Fa5#3	F5#4	343	344	1	16	114	95	96		13
130	9	Fa5#3	F5#4	343	344	1	8	227	99	96	la 	13.11111
131	9	Fa5#3	F5#4	343	344	1	8	227	99	96		13.22222
132	9	Fa5#3	F5#4	343	344	4	8	909	99	96		13.66667
133	9	Sol5	G5	349	349	1	8	227	99	66		13.77778
134	9	Fa5#3	F5#4	343	344	1	8	227	99	82		13.88889
135	9	Mi5b3	E5b4	333	332	1	8	227	95	98		14
136	9	Mi5b3	E5b4	333	332	1	8	227	99	114	es	14.11111
137	9	Mi5b3	E5b4	333	332	1	8	227	99	96		14.22222
138	9	Mi5b3	E5b4	333	332	3	8	682	99	96		14.55556
139	9	Re5	D5	327	327	1	8	227	95	96		14.66667
140	9	Sol5	G5	349	349	1	8	227	99	96	sem 	14.77778
141	9	Fa5#3	F5#4	343	344	1	8	227	95	96		14.88889
142	9	Mi5b3	E5b4	333	332	1	8	227	95	96	di	15
143	9	Re5	D5	327	327	1	4	455	95	96	yor	15.22222
144	53			0	0	0	0	0	0	0		15.22222
145	9			-1	-1	1	8	227	100	0		15.33333
146	9	Si5b5	B5b5	362	362	1	8	227	95	96	SAZ	15.44444
147	9	La5	A5	358	358	1	8	227	95	96	.	15.55556
148	9	Sol5	G5	349	349	1	8	227	95	96	.	15.66667
149	9	Fa5#3	F5#4	343	344	1	8	227	95	96	.	15.77778
150	9	Sol5	G5	349	349	1	8	227	95	96	.	15.88889
151	9	La5	A5	358	358	1	8	227	95	66	.	16
152	53			0	0	0	0	0	0	75		16
153	9	La5	A5	358	358	3	4	1364	95	84	Coþ	16.66667
154	9	Si5b5	B5b5	362	362	1	8	227	99	96	sam 	16.77778
155	9	La5	A5	358	358	1	8	227	95	96		16.88889
156	9	Sol5	G5	349	349	1	8	227	95	96	ba	17
157	8	Sol5	G5	349	349	0	0	0	95	96		17
158	9	Do6	C6	371	371	1	2	909	99	96	har 	17.44444
159	9	Do6	C6	371	371	2	8	455	99	96		17.66667
160	9	Si5b5	B5b5	362	362	1	8	227	99	96		17.77778
161	9	La5	A5	358	358	1	8	227	99	96		17.88889
162	9	Sol5	G5	349	349	1	8	227	95	96		18
163	9	Fa5#3	F5#4	343	344	1	8	227	99	96	se	18.11111
164	9	Fa5#3	F5#4	343	344	1	8	227	99	96		18.22222
165	9	Fa5#3	F5#4	343	344	4	8	909	95	96		18.66667
166	9	Mi5	E5	336	336	1	4	455	95	66	li 	18.88889
167	9	Fa5#3	F5#4	343	344	1	8	227	50	74	gi	19
168	9	Sol5	G5	349	349	1	4	455	95	83	bi  	19.22222
169	53			0	0	0	0	0	0	91		19.22222
170	9			-1	-1	1	8	227	100	66		19.33333
171	9	Si5b5	B5b5	362	362	1	8	227	95	68	SAZ	19.44444
172	9	La5	A5	358	358	1	8	227	95	69	.	19.55556
173	9	Sol5	G5	349	349	1	8	227	95	70	.	19.66667
174	9	Fa5#3	F5#4	343	344	1	8	227	95	72	.	19.77778
175	9	Mi5b3	E5b4	333	332	1	8	227	95	74	.	19.88889
176	9	Re5	D5	327	327	1	8	227	95	75	.	20
177	53			0	0	0	0	0	0	76		20
178	9	Re5	D5	327	327	6	8	1364	95	78	Set	20.66667
179	9	Mi5b1	E5b1	335	335	1	8	227	99	96	ler 	20.77778
180	9	Do5	C5	318	318	1	8	227	95	96		20.88889
181	9	Do5	C5	318	318	1	16	114	99	96	yý	20.94444
182	9	Si4b1	B4b1	313	313	1	16	114	95	96		21
183	9	Si4b1	B4b1	313	313	6	8	1364	99	96	kýp 	21.66667
184	9	Sol5	G5	349	349	2	16	227	99	96		21.77778
185	9	Fa5#3	F5#4	343	344	1	8	227	99	96		21.88889
186	9	Mi5b3	E5b4	333	332	1	8	227	95	96		22
187	9	Re5	D5	327	327	6	8	1364	95	96	geç	22.66667
188	9	Mi5b1	E5b1	335	335	1	8	227	99	96	sem 	22.77778
189	9	Do5	C5	318	318	1	8	227	95	96		22.88889
190	9	Do5	C5	318	318	1	16	114	99	96	di	22.94444
191	9	Si4b1	B4b1	313	313	1	16	114	95	96		23
192	9	Si4b1	B4b1	313	313	1	4	455	95	96	yor  	23.22222
193	53			0	0	0	0	0	0	0		23.22222
194	9			-1	-1	1	8	227	100	0		23.33333
195	9	Si5b5	B5b5	362	362	1	8	227	95	96	SAZ	23.44444
196	9	La5	A5	358	358	1	8	227	95	96	.	23.55556
197	9	Sol5	G5	349	349	1	8	227	95	96	.	23.66667
198	9	Fa5#3	F5#4	343	344	1	8	227	95	96	.	23.77778
199	9	Sol5	G5	349	349	1	8	227	95	96	.	23.88889
200	9	La5	A5	358	358	1	8	227	95	66	.	24
201	53			0	0	0	0	0	0	75		24
202	9	La5	A5	358	358	3	4	1364	95	84	Coþ	24.66667
203	9	Si5b5	B5b5	362	362	1	8	227	99	96	sam 	24.77778
204	9	La5	A5	358	358	1	8	227	95	96		24.88889
205	9	Sol5	G5	349	349	1	8	227	95	96	ba	25
206	8	Sol5	G5	349	349	0	0	0	95	96		25
207	9	Do6	C6	371	371	1	2	909	99	96	har 	25.44444
208	9	Do6	C6	371	371	2	8	455	99	96		25.66667
209	9	Si5b5	B5b5	362	362	1	8	227	99	96		25.77778
210	9	La5	A5	358	358	1	8	227	99	96		25.88889
211	9	Sol5	G5	349	349	1	8	227	95	96		26
212	9	Fa5#3	F5#4	343	344	1	8	227	99	96	se	26.11111
213	9	Fa5#3	F5#4	343	344	1	8	227	99	96		26.22222
214	9	Fa5#3	F5#4	343	344	4	8	909	95	96		26.66667
215	9	Mi5	E5	336	336	1	4	455	95	66	li 	26.88889
216	9	Fa5#3	F5#4	343	344	1	8	227	50	74	gi	27
217	9	Sol5	G5	349	349	1	4	455	95	83	bi  	27.22222
218	53			0	0	0	0	0	0	91		27.22222
219	9			-1	-1	1	8	227	100	66		27.33333
220	9	Si5b5	B5b5	362	362	1	8	227	95	68	SAZ	27.44444
221	9	La5	A5	358	358	1	8	227	95	69	.	27.55556
222	9	Sol5	G5	349	349	1	8	227	95	70	.	27.66667
223	9	Fa5#3	F5#4	343	344	1	8	227	95	72	.	27.77778
224	9	Mi5b3	E5b4	333	332	1	8	227	95	74	.	27.88889
225	9	Re5	D5	327	327	1	8	227	95	75	.	28
226	53			0	0	0	0	0	0	76		28
227	9	Re5	D5	327	327	6	8	1364	95	78	Set	28.66667
228	9	Mi5b1	E5b1	335	335	1	8	227	99	96	ler 	28.77778
229	9	Do5	C5	318	318	1	8	227	95	96		28.88889
230	9	Do5	C5	318	318	1	16	114	99	96	yý	28.94444
231	9	Si4b1	B4b1	313	313	1	16	114	95	96		29
232	9	Si4b1	B4b1	313	313	6	8	1364	99	96	kýp 	29.66667
233	9	Sol5	G5	349	349	2	16	227	99	96		29.77778
234	9	Fa5#3	F5#4	343	344	1	8	227	99	96		29.88889
235	9	Mi5b3	E5b4	333	332	1	8	227	95	96		30
236	9	Re5	D5	327	327	6	8	1364	95	96	geç	30.66667
237	9	Mi5b1	E5b1	335	335	1	8	227	99	96	sem 	30.77778
238	9	Do5	C5	318	318	1	8	227	95	96		30.88889
239	9	Do5	C5	318	318	1	16	114	99	96	di	30.94444
240	9	Si4b1	B4b1	313	313	1	16	114	95	96		31
241	9	Si4b1	B4b1	313	313	3	8	682	95	96	yor  	31.33333
242	9	Sol4	G4	296	296	1	8	227	50	96	SAZ	31.44444
243	9	La4#4	A4#4	309	309	1	8	227	50	96	.	31.55556
244	9	Sol4	G4	296	296	1	8	227	50	96	.	31.66667
245	9	Si4b1	B4b1	313	313	1	4	455	95	96	.	31.88889
246	9			-1	-1	1	8	227	100	0		32
247	53			0	0	0	0	0	0	0		32
248	9	Sol5	G5	349	349	3	16	341	95	66	ARANAÐME	32.16667
249	9	Fa5#3	F5#4	343	344	1	16	114	95	68	.	32.22222
250	9	Sol5	G5	349	349	3	16	341	95	71	.	32.38889
251	9	Fa5#3	F5#4	343	344	1	16	114	95	73	.	32.44444
252	9	Sol5	G5	349	349	1	4	455	95	76	.	32.66667
253	9	Fa5#3	F5#4	343	344	1	16	114	95	78	.	32.72222
254	9	Sol5	G5	349	349	1	16	114	95	96	.	32.77778
255	9	La5	A5	358	358	1	16	114	95	96	.	32.83333
256	9	Sol5	G5	349	349	1	16	114	95	96	.	32.88889
257	9	Fa5#3	F5#4	343	344	1	16	114	95	96	.	32.94444
258	9	Mi5b3	E5b4	333	332	1	16	114	95	96	.	33
259	53			0	0	0	0	0	0	0		33
260	9	Fa5#3	F5#4	343	344	3	16	341	95	66	.	33.16667
261	9	Mi5b3	E5b4	333	332	1	16	114	95	74	.	33.22222
262	9	Fa5#3	F5#4	343	344	3	16	341	95	83	.	33.38889
263	9	Mi5b3	E5b4	333	332	1	16	114	95	91	.	33.44444
264	9	Fa5#3	F5#4	343	344	1	4	455	95	100	.	33.66667
265	9	Mi5b3	E5b4	333	332	1	16	114	95	108	.	33.72222
266	9	Fa5#3	F5#4	343	344	1	16	114	95	96	.	33.77778
267	9	Sol5	G5	349	349	1	16	114	95	96	.	33.83333
268	9	Fa5#3	F5#4	343	344	1	16	114	95	96	.	33.88889
269	9	Mi5b3	E5b4	333	332	1	16	114	95	96	.	33.94444
270	9	Re5	D5	327	327	1	16	114	95	96	.	34
271	53			0	0	0	0	0	0	0		34
272	10	Mi5b3	E5b4	333	332	1	8	227	95	96	.	34.11111
273	8	Fa5#3	F5#4	343	344	0	0	0	95	96	.	34.11111
274	9	Mi5b3	E5b4	333	332	1	16	114	95	96	.	34.16667
275	9	Re5	D5	327	327	1	16	114	95	96	.	34.22222
276	10	Mi5b3	E5b4	333	332	1	8	227	95	96	.	34.33333
277	8	Fa5#3	F5#4	343	344	0	0	0	95	96	.	34.33333
278	9	Mi5b3	E5b4	333	332	1	16	114	95	96	.	34.38889
279	9	Re5	D5	327	327	1	16	114	95	96	.	34.44444
280	9	Mi5b3	E5b4	333	332	1	8	227	95	96	.	34.55556
281	9	Re5	D5	327	327	1	8	227	95	96	.	34.66667
282	9	Sol5	G5	349	349	1	8	227	95	96	.	34.77778
283	9	Fa5#3	F5#4	343	344	1	8	227	95	96	.	34.88889
284	9	Mi5b3	E5b4	333	332	1	8	227	95	96	.	35
285	9	Re5	D5	327	327	1	16	114	95	96	.	35.05556
286	9	Mi5b3	E5b4	333	332	1	16	114	95	96	.	35.11111
287	9	Re5	D5	327	327	1	16	114	95	96	.	35.16667
288	9	Do5	C5	318	318	1	16	114	95	96	.	35.22222
289	9	Si4b1	B4b1	313	313	1	8	227	95	96	.	35.33333
290	9	Do5	C5	318	318	1	8	227	95	96	.	35.44444
291	9	Re5	D5	327	327	1	4	455	95	96	.	35.66667
292	53			0	0	0	0	0	0	0		35.66667
293	9	Do5	C5	318	318	1	16	114	95	96	.	35.72222
294	9	Re5	D5	327	327	1	16	114	95	96	.	35.77778
295	9	Mi5b3	E5b4	333	332	1	16	114	95	96	.	35.83333
296	9	Fa5#3	F5#4	343	344	1	16	114	95	96	.	35.88889
297	9	Sol5	G5	349	349	1	8	227	95	96	.	36
298	53			0	0	0	0	0	0	0		36
299	9	Sol5	G5	349	349	3	16	341	95	66	ARANAÐME	36.16667
300	9	Fa5#3	F5#4	343	344	1	16	114	95	68	.	36.22222
301	9	Sol5	G5	349	349	3	16	341	95	71	.	36.38889
302	9	Fa5#3	F5#4	343	344	1	16	114	95	73	.	36.44444
303	9	Sol5	G5	349	349	1	4	455	95	76	.	36.66667
304	9	Fa5#3	F5#4	343	344	1	16	114	95	78	.	36.72222
305	9	Sol5	G5	349	349	1	16	114	95	96	.	36.77778
306	9	La5	A5	358	358	1	16	114	95	96	.	36.83333
307	9	Sol5	G5	349	349	1	16	114	95	96	.	36.88889
308	9	Fa5#3	F5#4	343	344	1	16	114	95	96	.	36.94444
309	9	Mi5b3	E5b4	333	332	1	16	114	95	96	.	37
310	53			0	0	0	0	0	0	0		37
311	9	Fa5#3	F5#4	343	344	3	16	341	95	66	.	37.16667
312	9	Mi5b3	E5b4	333	332	1	16	114	95	74	.	37.22222
313	9	Fa5#3	F5#4	343	344	3	16	341	95	83	.	37.38889
314	9	Mi5b3	E5b4	333	332	1	16	114	95	91	.	37.44444
315	9	Fa5#3	F5#4	343	344	1	4	455	95	100	.	37.66667
316	9	Mi5b3	E5b4	333	332	1	16	114	95	108	.	37.72222
317	9	Fa5#3	F5#4	343	344	1	16	114	95	96	.	37.77778
318	9	Sol5	G5	349	349	1	16	114	95	96	.	37.83333
319	9	Fa5#3	F5#4	343	344	1	16	114	95	96	.	37.88889
320	9	Mi5b3	E5b4	333	332	1	16	114	95	96	.	37.94444
321	9	Re5	D5	327	327	1	16	114	95	96	.	38
322	53			0	0	0	0	0	0	0		38
323	10	Mi5b3	E5b4	333	332	1	8	227	95	96	.	38.11111
324	8	Fa5#3	F5#4	343	344	0	0	0	95	96	.	38.11111
325	9	Mi5b3	E5b4	333	332	1	16	114	95	96	.	38.16667
326	9	Re5	D5	327	327	1	16	114	95	96	.	38.22222
327	10	Mi5b3	E5b4	333	332	1	8	227	95	96	.	38.33333
328	8	Fa5#3	F5#4	343	344	0	0	0	95	66	.	38.33333
329	9	Mi5b3	E5b4	333	332	1	16	114	95	71	.	38.38889
330	9	Re5	D5	327	327	1	16	114	95	76	.	38.44444
331	9	Mi5b3	E5b4	333	332	1	8	227	95	82	.	38.55556
332	9	Re5	D5	327	327	1	8	227	95	87	.	38.66667
333	9	Sol5	G5	349	349	1	8	227	95	92	.	38.77778
334	9	Fa5#3	F5#4	343	344	1	8	227	95	98	.	38.88889
335	9	Mi5b3	E5b4	333	332	1	8	227	95	103	.	39
336	9	Re5	D5	327	327	1	16	114	95	108	.	39.05556
337	9	Mi5b3	E5b4	333	332	1	16	114	95	96	.	39.11111
338	9	Fa5#3	F5#4	343	344	1	16	114	95	96	.	39.16667
339	9	Mi5b3	E5b4	333	332	1	16	114	95	96	.	39.22222
340	9	Re5	D5	327	327	1	16	114	95	96	.	39.27778
341	9	Do5	C5	318	318	1	16	114	95	96	.	39.33333
342	9	Si4b1	B4b1	313	313	1	16	114	95	96	.	39.38889
343	9	La4#4	A4#4	309	309	1	16	114	95	96	.	39.44444
344	9	Si4b1	B4b1	313	313	5	8	1136	95	96	.	40
345	53			0	0	0	0	0	0	0		40
346	9	Fa5#3	F5#4	343	344	1	8	119	95	96	Ha	40.11111
347	8	Fa5#3	F5#4	343	344	0	0	0	95	96		40.11111
348	9	Sol5	G5	349	349	3	8	357	95	96	zan 	40.44444
349	9	Sol5	G5	349	349	1	4	238	95	96	vak	40.66667
350	7	Sol5	G5	349	349	3	8	357	95	96	ti 	41
351	9	Sol5	G5	349	349	1	8	119	95	66	e	41.11111
352	9	La5	A5	358	358	1	4	238	99	114	riþ	41.33333
353	9	Sol5	G5	349	349	1	8	119	95	96		41.44444
354	9	Sol5	G5	349	349	1	16	60	99	96	me	41.5
355	9	Fa5#3	F5#4	343	344	1	16	60	99	96		41.55556
356	9	Sol5	G5	349	349	1	16	60	99	96		41.61111
357	9	La5	A5	358	358	1	16	60	95	96		41.66667
358	9	Sol5	G5	349	349	1	16	60	99	96	den  	41.72222
359	9	Fa5#3	F5#4	343	344	3	16	179	99	96		41.88889
360	9	Mi5b1	E5b1	335	335	1	8	119	95	96		42
361	53			0	0	0	0	0	0	0		42
362	9	Fa5#3	F5#4	343	344	1	8	119	95	96	E	42.11111
363	9	Sol5	G5	349	349	3	8	357	95	96	cel 	42.44444
364	9	Sol5	G5	349	349	1	4	238	95	96	ge	42.66667
365	9	Sol5	G5	349	349	3	8	357	95	96	lip 	43
366	9	Sol5	G5	349	349	1	8	119	95	66	ye	43.11111
367	9	La5	A5	358	358	1	4	238	99	114	tiþ	43.33333
368	9	Sol5	G5	349	349	1	8	119	95	96		43.44444
369	9	Sol5	G5	349	349	1	16	60	99	96	me	43.5
370	9	Fa5#3	F5#4	343	344	1	16	60	99	96		43.55556
371	9	Sol5	G5	349	349	1	16	60	99	96		43.61111
372	9	La5	A5	358	358	1	16	60	95	96		43.66667
373	9	Sol5	G5	349	349	1	16	60	99	96	den  	43.72222
374	9	Fa5#3	F5#4	343	344	3	16	179	99	96		43.88889
375	9	Mi5b1	E5b1	335	335	1	8	119	95	96		44
376	53			0	0	0	0	0	0	0		44
377	9	Re5	D5	327	327	1	8	119	95	96	o 	44.11111
378	9	Mi5b3	E5b4	333	332	1	4	238	95	96	çeþ	44.33333
379	9	Mi5b3	E5b4	333	332	1	8	119	95	66	me	44.44444
380	9	Mi5b3	E5b4	333	332	1	2	476	99	108	den 	44.88889
381	9	Re5	D5	327	327	1	8	119	95	96		45
382	9	Re5	D5	327	327	1	8	119	95	96	bu 	45.11111
383	9	Mi5b3	E5b4	333	332	1	4	238	95	96	çeþ	45.33333
384	9	Sol5	G5	349	349	2	16	119	95	96	me	45.44444
385	9	Fa5#3	F5#4	343	344	1	8	119	99	96	den  	45.55556
386	9	Mi5b3	E5b4	333	332	1	8	119	99	96		45.66667
387	9	Re5	D5	327	327	1	4	238	95	96		45.88889
388	9			-1	-1	1	8	119	100	0		46
389	53			0	0	0	0	0	0	0		46
390	9	Sol5	G5	349	349	1	8	119	95	96	Ka	46.11111
391	9	La5	A5	358	358	1	4	238	95	96	na 	46.33333
392	9	Si5b5	B5b5	362	362	1	8	119	95	96	ka	46.44444
393	9	La5	A5	358	358	1	8	119	99	96	na 	46.55556
394	9	Sol5	G5	349	349	1	8	119	95	96		46.66667
395	9	Fa5#3	F5#4	343	344	1	8	119	99	96	iç	46.77778
396	9	Mi5b3	E5b4	333	332	1	8	119	99	96		46.88889
397	9	Re5	D5	327	327	1	8	119	95	96		47
398	7	Re5	D5	327	327	3	16	179	99	96	sem 	47.16667
399	9	Do5	C5	318	318	1	16	60	99	96		47.22222
400	9	Si4b1	B4b1	313	313	1	8	119	95	96		47.33333
401	9	Do5	C5	318	318	1	8	119	95	96	di	47.44444
402	9	Re5	D5	327	327	1	4	238	95	96	yor  	47.66667
403	9	Do5	C5	318	318	1	16	60	95	96	SAZ	47.72222
404	9	Re5	D5	327	327	1	16	60	95	96	.	47.77778
405	9	Mi5b3	E5b4	333	332	1	16	60	95	96	.	47.83333
406	9	Fa5#3	F5#4	343	344	1	16	60	95	96	.	47.88889
407	9	Sol5	G5	349	349	1	8	119	95	96	.	48
408	53			0	0	0	0	0	0	0		48
409	9	Sol5	G5	349	349	6	8	1364	95	108	Gön	48.66667
410	9	La5	A5	358	358	1	8	227	99	108	lüm 	48.77778
411	9	Sol5	G5	349	349	1	8	227	95	108		48.88889
412	9	Sol5	G5	349	349	1	16	114	99	96	se	48.94444
413	9	Fa5#3	F5#4	343	344	1	16	114	95	96		49
414	9	Fa5#3	F5#4	343	344	1	8	227	99	96	her 	49.11111
415	9	Fa5#3	F5#4	343	344	1	8	227	99	96		49.22222
416	9	Fa5#3	F5#4	343	344	4	8	909	99	96		49.66667
417	9	Sol5	G5	349	349	1	8	227	99	66		49.77778
418	9	Fa5#3	F5#4	343	344	1	8	227	99	82		49.88889
419	9	Mi5b3	E5b4	333	332	1	8	227	95	98		50
420	9	Mi5b3	E5b4	333	332	1	8	227	99	114	ye	50.11111
421	9	Mi5b3	E5b4	333	332	1	8	227	99	96		50.22222
422	9	Mi5b3	E5b4	333	332	3	8	682	99	96		50.55556
423	9	Re5	D5	327	327	1	8	227	95	66		50.66667
424	9	Sol5	G5	349	349	1	8	227	99	68	li 	50.77778
425	9	Fa5#3	F5#4	343	344	1	8	227	95	71		50.88889
426	9	Mi5b3	E5b4	333	332	1	8	227	95	73	gi	51
427	9	Re5	D5	327	327	3	8	682	95	76	bi  	51.33333
428	9	Si4b1	B4b1	313	313	1	8	227	95	78	SAZ	51.44444
429	9	Do5	C5	318	318	1	8	227	95	96	.	51.55556
430	9	Re5	D5	327	327	1	8	227	95	96	.	51.66667
431	9	Mi5b3	E5b4	333	332	1	8	227	95	96	.	51.77778
432	9	Fa5#3	F5#4	343	344	1	8	227	95	96	.	51.88889
433	9	Sol5	G5	349	349	1	8	227	95	96	.	52
434	53			0	0	0	0	0	0	0		52
435	7	Sol5	G5	349	349	6	8	1364	95	96	Dal	52.66667
436	9	La5	A5	358	358	1	8	227	99	96	dan 	52.77778
437	9	Sol5	G5	349	349	1	8	227	95	96		52.88889
438	9	Sol5	G5	349	349	1	16	114	99	96	da	52.94444
439	9	Fa5#3	F5#4	343	344	1	16	114	95	96		53
440	9	Fa5#3	F5#4	343	344	1	8	227	99	96	la 	53.11111
441	9	Fa5#3	F5#4	343	344	1	8	227	99	96		53.22222
442	9	Fa5#3	F5#4	343	344	4	8	909	99	96		53.66667
443	9	Sol5	G5	349	349	1	8	227	99	66		53.77778
444	9	Fa5#3	F5#4	343	344	1	8	227	99	82		53.88889
445	9	Mi5b3	E5b4	333	332	1	8	227	95	98		54
446	9	Mi5b3	E5b4	333	332	1	8	227	99	114	es	54.11111
447	9	Mi5b3	E5b4	333	332	1	8	227	99	96		54.22222
448	9	Mi5b3	E5b4	333	332	3	8	682	99	96		54.55556
449	9	Re5	D5	327	327	1	8	227	95	96		54.66667
450	9	Sol5	G5	349	349	1	8	227	99	96	sem 	54.77778
451	9	Fa5#3	F5#4	343	344	1	8	227	95	96		54.88889
452	9	Mi5b3	E5b4	333	332	1	8	227	95	96	di	55
453	9	Re5	D5	327	327	1	4	455	95	96	yor	55.22222
454	53			0	0	0	0	0	0	0		55.22222
455	9			-1	-1	1	8	227	100	0		55.33333
456	9	Si5b5	B5b5	362	362	1	8	227	95	96	SAZ	55.44444
457	9	La5	A5	358	358	1	8	227	95	96	.	55.55556
458	9	Sol5	G5	349	349	1	8	227	95	96	.	55.66667
459	9	Fa5#3	F5#4	343	344	1	8	227	95	96	.	55.77778
460	9	Sol5	G5	349	349	1	8	227	95	96	.	55.88889
461	9	La5	A5	358	358	1	8	227	95	66	.	56
462	53			0	0	0	0	0	0	75		56
463	9	La5	A5	358	358	3	4	1364	95	84	Coþ	56.66667
464	9	Si5b5	B5b5	362	362	1	8	227	99	96	sam 	56.77778
465	9	La5	A5	358	358	1	8	227	95	96		56.88889
466	9	Sol5	G5	349	349	1	8	227	95	96	ba	57
467	8	Sol5	G5	349	349	0	0	0	95	96		57
468	9	Do6	C6	371	371	1	2	909	99	96	har 	57.44444
469	9	Do6	C6	371	371	2	8	455	99	96		57.66667
470	9	Si5b5	B5b5	362	362	1	8	227	99	96		57.77778
471	9	La5	A5	358	358	1	8	227	99	96		57.88889
472	9	Sol5	G5	349	349	1	8	227	95	96		58
473	9	Fa5#3	F5#4	343	344	1	8	227	99	96	se	58.11111
474	9	Fa5#3	F5#4	343	344	1	8	227	99	96		58.22222
475	9	Fa5#3	F5#4	343	344	4	8	909	95	96		58.66667
476	9	Mi5	E5	336	336	1	4	455	95	66	li 	58.88889
477	9	Fa5#3	F5#4	343	344	1	8	227	50	74	gi	59
478	9	Sol5	G5	349	349	1	4	455	95	83	bi  	59.22222
479	53			0	0	0	0	0	0	91		59.22222
480	9			-1	-1	1	8	227	100	66		59.33333
481	9	Si5b5	B5b5	362	362	1	8	227	95	68	SAZ	59.44444
482	9	La5	A5	358	358	1	8	227	95	69	.	59.55556
483	9	Sol5	G5	349	349	1	8	227	95	70	.	59.66667
484	9	Fa5#3	F5#4	343	344	1	8	227	95	72	.	59.77778
485	9	Mi5b3	E5b4	333	332	1	8	227	95	74	.	59.88889
486	9	Re5	D5	327	327	1	8	227	95	75	.	60
487	53			0	0	0	0	0	0	76		60
488	9	Re5	D5	327	327	6	8	1364	95	78	Set	60.66667
489	9	Mi5b1	E5b1	335	335	1	8	227	99	96	ler 	60.77778
490	9	Do5	C5	318	318	1	8	227	95	96		60.88889
491	9	Do5	C5	318	318	1	16	114	99	96	yý	60.94444
492	9	Si4b1	B4b1	313	313	1	16	114	95	96		61
493	9	Si4b1	B4b1	313	313	6	8	1364	99	96	kýp 	61.66667
494	9	Sol5	G5	349	349	2	16	227	99	96		61.77778
495	9	Fa5#3	F5#4	343	344	1	8	227	99	96		61.88889
496	9	Mi5b3	E5b4	333	332	1	8	227	95	96		62
497	9	Re5	D5	327	327	6	8	1364	95	96	geç	62.66667
498	9	Mi5b1	E5b1	335	335	1	8	227	99	96	sem 	62.77778
499	9	Do5	C5	318	318	1	8	227	95	96		62.88889
500	9	Do5	C5	318	318	1	16	114	99	96	di	62.94444
501	9	Si4b1	B4b1	313	313	1	16	114	95	96		63
502	9	Si4b1	B4b1	313	313	1	4	455	95	96	yor  	63.22222
503	53			0	0	0	0	0	0	0		63.22222
504	9			-1	-1	1	8	227	100	0		63.33333
505	9	Si5b5	B5b5	362	362	1	8	227	95	96	SAZ	63.44444
506	9	La5	A5	358	358	1	8	227	95	96	.	63.55556
507	9	Sol5	G5	349	349	1	8	227	95	96	.	63.66667
508	9	Fa5#3	F5#4	343	344	1	8	227	95	96	.	63.77778
509	9	Sol5	G5	349	349	1	8	227	95	96	.	63.88889
510	9	La5	A5	358	358	1	8	227	95	66	.	64
511	53			0	0	0	0	0	0	75		64
512	9	La5	A5	358	358	3	4	1364	95	84	Coþ	64.66666
513	9	Si5b5	B5b5	362	362	1	8	227	99	96	sam 	64.77778
514	9	La5	A5	358	358	1	8	227	95	96		64.88889
515	9	Sol5	G5	349	349	1	8	227	95	96	ba	65
516	8	Sol5	G5	349	349	0	0	0	95	96		65
517	9	Do6	C6	371	371	1	2	909	99	96	har 	65.44444
518	9	Do6	C6	371	371	2	8	455	99	96		65.66666
519	9	Si5b5	B5b5	362	362	1	8	227	99	96		65.77778
520	9	La5	A5	358	358	1	8	227	99	96		65.88889
521	9	Sol5	G5	349	349	1	8	227	95	96		66
522	9	Fa5#3	F5#4	343	344	1	8	227	99	96	se	66.11111
523	9	Fa5#3	F5#4	343	344	1	8	227	99	96		66.22222
524	9	Fa5#3	F5#4	343	344	4	8	909	95	96		66.66666
525	9	Mi5	E5	336	336	1	4	455	95	66	li 	66.88889
526	9	Fa5#3	F5#4	343	344	1	8	227	50	74	gi	67
527	9	Sol5	G5	349	349	1	4	455	95	83	bi  	67.22222
528	53			0	0	0	0	0	0	91		67.22222
529	9			-1	-1	1	8	227	100	66		67.33334
530	9	Si5b5	B5b5	362	362	1	8	227	95	68	SAZ	67.44444
531	9	La5	A5	358	358	1	8	227	95	69	.	67.55556
532	9	Sol5	G5	349	349	1	8	227	95	70	.	67.66666
533	9	Fa5#3	F5#4	343	344	1	8	227	95	72	.	67.77778
534	9	Mi5b3	E5b4	333	332	1	8	227	95	74	.	67.88889
535	9	Re5	D5	327	327	1	8	227	95	75	.	68
536	53			0	0	0	0	0	0	76		68
537	9	Re5	D5	327	327	6	8	1364	95	78	Set	68.66666
538	9	Mi5b1	E5b1	335	335	1	8	227	99	96	ler 	68.77778
539	9	Do5	C5	318	318	1	8	227	95	96		68.88889
540	9	Do5	C5	318	318	1	16	114	99	96	yý	68.94444
541	9	Si4b1	B4b1	313	313	1	16	114	95	96		69
542	9	Si4b1	B4b1	313	313	6	8	1364	99	96	kýp 	69.66666
543	9	Sol5	G5	349	349	2	16	227	99	96		69.77778
544	9	Fa5#3	F5#4	343	344	1	8	227	99	96		69.88889
545	9	Mi5b3	E5b4	333	332	1	8	227	95	96		70
546	9	Re5	D5	327	327	6	8	1364	95	96	geç	70.66666
547	9	Mi5b1	E5b1	335	335	1	8	227	99	96	sem 	70.77778
548	9	Do5	C5	318	318	1	8	227	95	96		70.88889
549	9	Do5	C5	318	318	1	16	114	99	96	di	70.94444
550	9	Si4b1	B4b1	313	313	1	16	114	95	96		71
551	9	Si4b1	B4b1	313	313	3	8	682	95	96	yor  	71.33334
552	9	Sol4	G4	296	296	1	8	227	50	96	SAZ	71.44444
553	9	La4#4	A4#4	309	309	1	8	227	50	96	.	71.55556
554	9	Sol4	G4	296	296	1	8	227	50	96	.	71.66666
555	9	Si4b1	B4b1	313	313	1	4	455	95	96	.	71.88889
556	9			-1	-1	1	8	227	100	0		72
557	53			0	0	0	0	0	0	0		72
558	54			0	0	0	0	0	0	0	mustear@si4b1	72
559	9	Do5#4	C5#4	322	322	1	8	125	95	96	Bu	72.11111
560	9	Re5	D5	327	327	3	8	375	95	96	gün 	72.44444
561	9	Re5	D5	327	327	2	16	125	99	96	gör	72.55556
562	9	Do5#4	C5#4	322	322	1	8	125	95	96		72.66666
563	9	Re5	D5	327	327	1	4	250	95	96	düm 	72.88889
564	9			-1	-1	1	8	125	100	0		73
565	9	Mi5	E5	336	336	1	8	125	95	96	i	73.11111
566	9	Sol5	G5	349	349	1	8	125	99	96	ki 	73.22222
567	9	Fa5	F5	340	340	1	8	125	99	96		73.33334
568	9	Mi5	E5	336	336	1	8	125	95	96		73.44444
569	8	Mi5	E5	336	336	0	0	0	95	96		73.44444
570	9	Re5	D5	327	327	1	8	125	99	96	ci	73.55556
571	9	Do5#4	C5#4	322	322	1	8	125	95	96		73.66666
572	9	Re5	D5	327	327	1	4	250	95	96	van  	73.88889
573	9			-1	-1	1	8	125	100	0		74
574	53			0	0	0	0	0	0	0		74
575	9	Mi5	E5	336	336	3	16	188	95	96	SAZ	74.16666
576	9	Re5	D5	327	327	1	16	62	95	96	.	74.22222
577	9	Do5#4	C5#4	322	322	1	8	125	95	96	.	74.33334
578	9	Re5	D5	327	327	1	8	125	95	96	.	74.44444
579	9	Mi5	E5	336	336	1	8	125	95	96	.	74.55556
580	9	Sol5	G5	349	349	1	8	125	95	96	.	74.66666
581	9	Fa5	F5	340	340	1	8	125	95	96	.	74.77778
582	9	Mi5	E5	336	336	1	8	125	95	96	.	74.88889
583	9	Re5	D5	327	327	1	8	125	95	96	.	75
584	9	Mi5	E5	336	336	3	16	188	95	96	.	75.16666
585	9	Re5	D5	327	327	1	16	62	95	96	.	75.22222
586	9	Do5#4	C5#4	322	322	1	8	125	95	96	.	75.33334
587	9	Re5	D5	327	327	1	8	125	95	96	.	75.44444
588	9	Do5#4	C5#4	322	322	1	8	125	95	96	.	75.55556
589	9	Re5	D5	327	327	1	8	125	95	96	.	75.66666
590	9	Si4b1	B4b1	313	313	1	4	250	95	96	.	75.88889
591	9			-1	-1	1	8	125	100	0	.	76
592	53			0	0	0	0	0	0	0		76
593	9	Do5#4	C5#4	322	322	1	8	125	95	96	Di	76.11111
594	9	Re5	D5	327	327	3	8	375	95	96	zim	76.44444
595	9	Re5	D5	327	327	2	16	125	99	96	de 	76.55556
596	9	Do5#4	C5#4	322	322	1	8	125	95	96		76.66666
597	9	Re5	D5	327	327	3	8	375	95	96	kal	77
598	9	Mi5	E5	336	336	1	8	125	95	96	ma	77.11111
599	9	Sol5	G5	349	349	1	8	125	99	96	dý 	77.22222
600	9	Fa5	F5	340	340	1	8	125	99	96		77.33334
601	9	Mi5	E5	336	336	1	8	125	95	96		77.44444
602	8	Mi5	E5	336	336	0	0	0	95	96		77.44444
603	9	Re5	D5	327	327	1	8	125	99	96	der	77.55556
604	9	Do5#4	C5#4	322	322	1	8	125	95	96		77.66666
605	9	Re5	D5	327	327	1	4	250	95	96	man  	77.88889
606	9			-1	-1	1	8	125	100	0		78
607	53			0	0	0	0	0	0	0		78
608	9	Mi5	E5	336	336	3	16	188	95	96	SAZ	78.16666
609	9	Re5	D5	327	327	1	16	62	95	96	.	78.22222
610	9	Do5#4	C5#4	322	322	1	8	125	95	96	.	78.33334
611	9	Re5	D5	327	327	1	8	125	95	96	.	78.44444
612	9	Mi5	E5	336	336	1	8	125	95	96	.	78.55556
613	9	Sol5	G5	349	349	1	8	125	95	96	.	78.66666
614	9	Fa5#3	F5#4	343	344	1	8	125	95	96	.	78.77778
615	9	Mi5	E5	336	336	1	8	125	95	96	.	78.88889
616	9	Re5	D5	327	327	1	8	125	95	96	.	79
617	55			0	0	0	0	0	0	0		79
618	54			0	0	0	0	0	0	0	mahur@sol4	79
619	9	Sol5	G5	349	349	3	16	188	95	96	.	79.16666
620	9	Fa5#4	F5#4	344	344	1	16	62	95	96	.	79.22222
621	9	Mi5	E5	336	336	1	8	125	95	96	.	79.33334
622	9	Fa5#4	F5#4	344	344	1	8	125	95	96	.	79.44444
623	9	Sol5	G5	349	349	1	8	125	95	96	.	79.55556
624	9	Fa5#4	F5#4	344	344	1	8	125	95	96	.	79.66666
625	9	Sol5	G5	349	349	1	4	250	95	96	.	79.88889
626	9			-1	-1	1	8	125	100	0		80
627	53			0	0	0	0	0	0	0		80
628	9	Fa5#4	F5#4	344	344	1	8	125	95	96	Bi	80.11111
629	9	Sol5	G5	349	349	3	8	375	95	96	ri 	80.44444
630	9	Sol5	G5	349	349	2	16	125	99	108	can	80.55556
631	9	Fa5#4	F5#4	344	344	1	8	125	95	108		80.66666
632	9	Sol5	G5	349	349	1	4	250	95	108	dýr 	80.88889
633	9			-1	-1	1	8	125	100	0		81
634	9	Sol5	G5	349	349	1	8	125	95	96	bi	81.11111
635	9	La5	A5	358	358	1	4	250	99	96	ri 	81.33334
636	9	Si5b1	B5b1	366	366	1	8	125	95	96		81.44444
637	9	La5	A5	358	358	1	8	125	99	84	câ	81.55556
638	9	Sol5	G5	349	349	1	8	125	95	66		81.66666
639	9	Fa5#3	F5#4	343	344	1	8	125	99	68	nân 	81.77778
640	9	Mi5	E5	336	336	1	8	125	99	69		81.88889
641	9	Re5	D5	327	327	1	8	125	95	70		82
642	9	Re5	D5	327	327	3	4	750	95	72	Han	82.66666
643	9	Mi5	E5	336	336	1	4	250	95	96	gi	82.88889
644	9	Fa5#4	F5#4	344	344	1	8	125	95	96	si	83
645	9	Sol5	G5	349	349	3	4	750	99	96	ni 	83.66666
646	53			0	0	0	0	0	0	0		83.66666
647	9	La5	A5	358	358	2	16	125	99	96		83.77778
648	9	Sol5	G5	349	349	1	8	125	99	66		83.88889
649	9	La5	A5	358	358	1	8	125	95	84		84
650	9	Si5b1	B5b1	366	366	6	8	750	95	102	seç	84.66666
651	9	Do6	C6	371	371	1	8	125	99	120	sem 	84.77778
652	9	Si5b1	B5b1	366	366	1	8	125	95	96		84.88889
653	9	La5	A5	358	358	1	8	125	95	96	di	85
654	9	Sol5	G5	349	349	3	8	375	95	96	yor  	85.33334
655	55			0	0	0	0	0	0	0		85.33334
656	9	Re5	D5	327	327	1	8	125	50	96	SAZ	85.44444
657	9	Mi5b1	E5b1	335	335	1	8	125	50	96	.	85.55556
658	9	Fa5#3	F5#4	343	344	1	8	125	50	96	.	85.66666
659	9	Sol5	G5	349	349	3	8	375	95	96	.	86
660	53			0	0	0	0	0	0	0		86
661	9	Sol5	G5	349	349	6	8	1364	95	108	Gön	86.66666
662	9	La5	A5	358	358	1	8	227	99	108	lüm 	86.77778
663	9	Sol5	G5	349	349	1	8	227	95	108		86.88889
664	9	Sol5	G5	349	349	1	16	114	99	96	se	86.94444
665	9	Fa5#3	F5#4	343	344	1	16	114	95	96		87
666	9	Fa5#3	F5#4	343	344	1	8	227	99	96	her 	87.11111
667	9	Fa5#3	F5#4	343	344	1	8	227	99	96		87.22222
668	9	Fa5#3	F5#4	343	344	4	8	909	99	96		87.66666
669	9	Sol5	G5	349	349	1	8	227	99	66		87.77778
670	9	Fa5#3	F5#4	343	344	1	8	227	99	82		87.88889
671	9	Mi5b3	E5b4	333	332	1	8	227	95	98		88
672	9	Mi5b3	E5b4	333	332	1	8	227	99	114	ye	88.11111
673	9	Mi5b3	E5b4	333	332	1	8	227	99	96		88.22222
674	9	Mi5b3	E5b4	333	332	3	8	682	99	96		88.55556
675	9	Re5	D5	327	327	1	8	227	95	66		88.66666
676	9	Sol5	G5	349	349	1	8	227	99	68	li 	88.77778
677	9	Fa5#3	F5#4	343	344	1	8	227	95	71		88.88889
678	9	Mi5b3	E5b4	333	332	1	8	227	95	73	gi	89
679	9	Re5	D5	327	327	3	8	682	95	76	bi  	89.33334
680	9	Si4b1	B4b1	313	313	1	8	227	95	78	SAZ	89.44444
681	9	Do5	C5	318	318	1	8	227	95	96	.	89.55556
682	9	Re5	D5	327	327	1	8	227	95	96	.	89.66666
683	9	Mi5b3	E5b4	333	332	1	8	227	95	96	.	89.77778
684	9	Fa5#3	F5#4	343	344	1	8	227	95	96	.	89.88889
685	9	Sol5	G5	349	349	1	8	227	95	96	.	90
686	53			0	0	0	0	0	0	0		90
687	7	Sol5	G5	349	349	6	8	1364	95	96	Dal	90.66666
688	9	La5	A5	358	358	1	8	227	99	96	dan 	90.77778
689	9	Sol5	G5	349	349	1	8	227	95	96		90.88889
690	9	Sol5	G5	349	349	1	16	114	99	96	da	90.94444
691	9	Fa5#3	F5#4	343	344	1	16	114	95	96		91
692	9	Fa5#3	F5#4	343	344	1	8	227	99	96	la 	91.11111
693	9	Fa5#3	F5#4	343	344	1	8	227	99	96		91.22222
694	9	Fa5#3	F5#4	343	344	4	8	909	99	96		91.66666
695	9	Sol5	G5	349	349	1	8	227	99	66		91.77778
696	9	Fa5#3	F5#4	343	344	1	8	227	99	82		91.88889
697	9	Mi5b3	E5b4	333	332	1	8	227	95	98		92
698	9	Mi5b3	E5b4	333	332	1	8	227	99	114	es	92.11111
699	9	Mi5b3	E5b4	333	332	1	8	227	99	96		92.22222
700	9	Mi5b3	E5b4	333	332	3	8	682	99	96		92.55556
701	9	Re5	D5	327	327	1	8	227	95	96		92.66666
702	9	Sol5	G5	349	349	1	8	227	99	96	sem 	92.77778
703	9	Fa5#3	F5#4	343	344	1	8	227	95	96		92.88889
704	9	Mi5b3	E5b4	333	332	1	8	227	95	96	di	93
705	9	Re5	D5	327	327	1	4	455	95	96	yor	93.22222
706	53			0	0	0	0	0	0	0		93.22222
707	9			-1	-1	1	8	227	100	0		93.33334
708	9	Si5b5	B5b5	362	362	1	8	227	95	96	SAZ	93.44444
709	9	La5	A5	358	358	1	8	227	95	96	.	93.55556
710	9	Sol5	G5	349	349	1	8	227	95	96	.	93.66666
711	9	Fa5#3	F5#4	343	344	1	8	227	95	96	.	93.77778
712	9	Sol5	G5	349	349	1	8	227	95	96	.	93.88889
713	9	La5	A5	358	358	1	8	227	95	66	.	94
714	53			0	0	0	0	0	0	75		94
715	9	La5	A5	358	358	3	4	1364	95	84	Coþ	94.66666
716	9	Si5b5	B5b5	362	362	1	8	227	99	96	sam 	94.77778
717	9	La5	A5	358	358	1	8	227	95	96		94.88889
718	9	Sol5	G5	349	349	1	8	227	95	96	ba	95
719	8	Sol5	G5	349	349	0	0	0	95	96		95
720	9	Do6	C6	371	371	1	2	909	99	96	har 	95.44444
721	9	Do6	C6	371	371	2	8	455	99	96		95.66666
722	9	Si5b5	B5b5	362	362	1	8	227	99	96		95.77778
723	9	La5	A5	358	358	1	8	227	99	96		95.88889
724	9	Sol5	G5	349	349	1	8	227	95	96		96
725	9	Fa5#3	F5#4	343	344	1	8	227	99	96	se	96.11111
726	9	Fa5#3	F5#4	343	344	1	8	227	99	96		96.22222
727	9	Fa5#3	F5#4	343	344	4	8	909	95	96		96.66666
728	9	Mi5	E5	336	336	1	4	455	95	66	li 	96.88889
729	9	Fa5#3	F5#4	343	344	1	8	227	50	74	gi	97
730	9	Sol5	G5	349	349	1	4	455	95	83	bi  	97.22222
731	53			0	0	0	0	0	0	91		97.22222
732	9			-1	-1	1	8	227	100	66		97.33334
733	9	Si5b5	B5b5	362	362	1	8	227	95	68	SAZ	97.44444
734	9	La5	A5	358	358	1	8	227	95	69	.	97.55556
735	9	Sol5	G5	349	349	1	8	227	95	70	.	97.66666
736	9	Fa5#3	F5#4	343	344	1	8	227	95	72	.	97.77778
737	9	Mi5b3	E5b4	333	332	1	8	227	95	74	.	97.88889
738	9	Re5	D5	327	327	1	8	227	95	75	.	98
739	53			0	0	0	0	0	0	76		98
740	9	Re5	D5	327	327	6	8	1364	95	78	Set	98.66666
741	9	Mi5b1	E5b1	335	335	1	8	227	99	96	ler 	98.77778
742	9	Do5	C5	318	318	1	8	227	95	96		98.88889
743	9	Do5	C5	318	318	1	16	114	99	96	yý	98.94444
744	9	Si4b1	B4b1	313	313	1	16	114	95	96		99
745	9	Si4b1	B4b1	313	313	6	8	1364	99	96	kýp 	99.66666
746	9	Sol5	G5	349	349	2	16	227	99	96		99.77778
747	9	Fa5#3	F5#4	343	344	1	8	227	99	96		99.88889
748	9	Mi5b3	E5b4	333	332	1	8	227	95	96		100
749	9	Re5	D5	327	327	6	8	1364	95	96	geç	100.6667
750	9	Mi5b1	E5b1	335	335	1	8	227	99	96	sem 	100.7778
751	9	Do5	C5	318	318	1	8	227	95	96		100.8889
752	9	Do5	C5	318	318	1	16	114	99	96	di	100.9444
753	9	Si4b1	B4b1	313	313	1	16	114	95	96		101
754	9	Si4b1	B4b1	313	313	1	4	455	95	96	yor  	101.2222
755	53			0	0	0	0	0	0	0		101.2222
756	9			-1	-1	1	8	227	100	0		101.3333
757	9	Si5b5	B5b5	362	362	1	8	227	95	96	SAZ	101.4444
758	9	La5	A5	358	358	1	8	227	95	96	.	101.5556
759	9	Sol5	G5	349	349	1	8	227	95	96	.	101.6667
760	9	Fa5#3	F5#4	343	344	1	8	227	95	96	.	101.7778
761	9	Sol5	G5	349	349	1	8	227	95	96	.	101.8889
762	9	La5	A5	358	358	1	8	227	95	66	.	102
763	53			0	0	0	0	0	0	75		102
764	9	La5	A5	358	358	3	4	1364	95	84	Coþ	102.6667
765	9	Si5b5	B5b5	362	362	1	8	227	99	96	sam 	102.7778
766	9	La5	A5	358	358	1	8	227	95	96		102.8889
767	9	Sol5	G5	349	349	1	8	227	95	96	ba	103
768	8	Sol5	G5	349	349	0	0	0	95	96		103
769	9	Do6	C6	371	371	1	2	909	99	96	har 	103.4444
770	9	Do6	C6	371	371	2	8	455	99	96		103.6667
771	9	Si5b5	B5b5	362	362	1	8	227	99	96		103.7778
772	9	La5	A5	358	358	1	8	227	99	96		103.8889
773	9	Sol5	G5	349	349	1	8	227	95	96		104
774	9	Fa5#3	F5#4	343	344	1	8	227	99	96	se	104.1111
775	9	Fa5#3	F5#4	343	344	1	8	227	99	96		104.2222
776	9	Fa5#3	F5#4	343	344	4	8	909	95	96		104.6667
777	9	Mi5	E5	336	336	1	4	455	95	66	li 	104.8889
778	9	Fa5#3	F5#4	343	344	1	8	227	50	74	gi	105
779	9	Sol5	G5	349	349	1	4	455	95	83	bi  	105.2222
780	53			0	0	0	0	0	0	91		105.2222
781	9			-1	-1	1	8	227	100	66		105.3333
782	9	Si5b5	B5b5	362	362	1	8	227	95	68	SAZ	105.4444
783	9	La5	A5	358	358	1	8	227	95	69	.	105.5556
784	9	Sol5	G5	349	349	1	8	227	95	70	.	105.6667
785	9	Fa5#3	F5#4	343	344	1	8	227	95	72	.	105.7778
786	9	Mi5b3	E5b4	333	332	1	8	227	95	74	.	105.8889
787	9	Re5	D5	327	327	1	8	227	95	75	.	106
788	53			0	0	0	0	0	0	76		106
789	9	Re5	D5	327	327	6	8	1364	95	78	Set	106.6667
790	9	Mi5b1	E5b1	335	335	1	8	227	99	96	ler 	106.7778
791	9	Do5	C5	318	318	1	8	227	95	96		106.8889
792	9	Do5	C5	318	318	1	16	114	99	96	yý	106.9444
793	9	Si4b1	B4b1	313	313	1	16	114	95	96		107
794	9	Si4b1	B4b1	313	313	6	8	1364	99	96	kýp 	107.6667
795	9	Sol5	G5	349	349	2	16	227	99	96		107.7778
796	9	Fa5#3	F5#4	343	344	1	8	227	99	96		107.8889
797	9	Mi5b3	E5b4	333	332	1	8	227	95	96		108
798	9	Re5	D5	327	327	6	8	1364	95	96	geç	108.6667
799	9	Mi5b1	E5b1	335	335	1	8	227	99	96	sem 	108.7778
800	9	Do5	C5	318	318	1	8	227	95	96		108.8889
801	9	Do5	C5	318	318	1	16	114	99	96	di	108.9444
802	9	Si4b1	B4b1	313	313	1	16	114	95	96		109
803	9	Si4b1	B4b1	313	313	3	8	682	95	96	yor  	109.3333
804	9	Sol4	G4	296	296	1	8	227	50	96	SAZ	109.4444
805	9	La4#4	A4#4	309	309	1	8	227	50	96	.	109.5556
806	9	Sol4	G4	296	296	1	8	227	50	96	.	109.6667
807	9	Si4b1	B4b1	313	313	1	4	455	95	96	.	109.8889
808	9			-1	-1	1	8	227	100	0		110
809	53			0	0	0	0	0	0	0		110
