Sýra	Kod	Nota53	NotaAE	Koma53	KomaAE	Pay	Payda	Ms	LNS	Bas	Soz1	Offset
1	9	Fa5	F5	340	340	1	4	833	95	96	1. HANE	0.125
2	9	Sol5	G5	349	349	1	4	833	95	96		0.25
3	9	Sol5	G5	349	349	1	8	417	95	96		0.3125
4	9	La5b5	A5b5	353	353	1	8	417	95	96		0.375
5	9	Sol5	G5	349	349	1	8	417	95	96		0.4375
6	9	Fa5	F5	340	340	1	8	417	95	96		0.5
7	9	Sol5	G5	349	349	3	16	625	95	96		0.59375
8	9	Fa5	F5	340	340	1	16	208	95	96		0.625
9	9	Mi5b5	E5b5	331	331	1	8	417	95	96		0.6875
10	9	Fa5	F5	340	340	1	8	417	95	96		0.75
11	9	Sol5	G5	349	349	3	32	312	95	96		0.796875
12	9	Si5b5	B5b5	362	362	1	32	104	95	96		0.8125
13	9	La5b5	A5b5	353	353	1	16	208	95	96		0.84375
14	9	Sol5	G5	349	349	1	16	208	95	96		0.875
15	9	Sol5	G5	349	349	1	4	833	95	96		1
16	53			0	0	0	0	0	0	0		1
17	9			-1	-1	1	8	417	100	0		1.0625
18	9	Sol5	G5	349	349	1	16	208	95	96		1.09375
19	9	La5b5	A5b5	353	353	1	16	208	95	96		1.125
20	9	Do6	C6	371	371	1	8	417	95	96		1.1875
21	9	Si5b5	B5b5	362	362	1	8	417	95	96		1.25
22	9	La5b5	A5b5	353	353	1	8	417	95	96		1.3125
23	9	Sol5	G5	349	349	1	8	417	95	96		1.375
24	9	Fa5	F5	340	340	1	8	417	95	96		1.4375
25	9	Mi5b5	E5b5	331	331	1	8	417	95	96		1.5
26	9	Fa5	F5	340	340	1	8	417	95	96		1.5625
27	9	Sol5	G5	349	349	1	4	833	95	96		1.6875
28	9	Sol5	G5	349	349	1	16	208	95	96		1.71875
29	9	Fa5	F5	340	340	1	16	208	95	96		1.75
30	9	Fa5	F5	340	340	1	16	208	95	96		1.78125
31	9	Mi5b5	E5b5	331	331	1	16	208	95	96		1.8125
32	9	Mi5b5	E5b5	331	331	1	16	208	95	96		1.84375
33	9	Re5	D5	327	327	1	16	208	95	96		1.875
34	9	Mi5b5	E5b5	331	331	1	8	417	99	96		1.9375
35	9	Fa5	F5	340	340	1	8	417	95	96		2
36	9	Mi5b5	E5b5	331	331	1	4	833	95	96		2.125
37	53			0	0	0	0	0	0	0		2.125
38	9	Fa5	F5	340	340	1	8	417	95	96		2.1875
39	9	Sol5	G5	349	349	1	8	417	95	96		2.25
40	9	La5b5	A5b5	353	353	1	16	208	95	96		2.28125
41	9	Sol5	G5	349	349	1	16	208	95	96		2.3125
42	9	La5b5	A5b5	353	353	1	16	208	95	96		2.34375
43	9	Si5b5	B5b5	362	362	1	16	208	95	96		2.375
44	9	Sol5	G5	349	349	1	8	417	95	96		2.4375
45	9	Fa5	F5	340	340	1	8	417	95	96		2.5
46	9	Fa5	F5	340	340	1	8	417	95	96		2.5625
47	9	Sol5	G5	349	349	1	16	208	95	96		2.59375
48	9	Fa5	F5	340	340	1	16	208	95	96		2.625
49	9	Mi5b5	E5b5	331	331	1	8	417	95	96		2.6875
50	9	Re5	D5	327	327	1	8	417	95	96		2.75
51	9	Fa5	F5	340	340	1	16	208	95	96		2.78125
52	9	Mi5b5	E5b5	331	331	1	16	208	95	96		2.8125
53	9	Re5	D5	327	327	1	16	208	95	96		2.84375
54	9	Do5	C5	318	318	1	16	208	95	96		2.875
55	9	Re5	D5	327	327	1	4	833	95	96		3
56	53			0	0	0	0	0	0	0		3
57	9			-1	-1	1	8	417	100	0		3.0625
58	9	Sol5	G5	349	349	1	8	417	95	96		3.125
59	9	Fa5	F5	340	340	1	8	417	95	96		3.1875
60	9	Mi5b5	E5b5	331	331	1	8	417	95	96		3.25
61	9	Re5	D5	327	327	3	16	625	95	96		3.34375
62	9	Do5	C5	318	318	1	16	208	95	96		3.375
63	9	Do5	C5	318	318	3	32	312	95	96		3.421875
64	9	Mi5b5	E5b5	331	331	1	32	104	95	96		3.4375
65	9	Re5	D5	327	327	1	16	208	95	96		3.46875
66	9	Do5	C5	318	318	1	16	208	95	96		3.5
67	9	Do5	C5	318	318	3	32	312	95	96		3.546875
68	9	Si4b5	B4b5	309	309	1	32	104	95	96		3.5625
69	9	Do5	C5	318	318	1	16	208	95	96		3.59375
70	9	Re5	D5	327	327	1	16	208	95	96		3.625
71	54			0	0	0	0	0	0	0	ussak@sol4	3.625
72	9	Si4b5	B4b5	309	309	1	8	417	95	96		3.6875
73	9	La4b5	A4b5	300	300	1	8	417	95	96		3.75
74	9	Sol4	G4	296	296	1	8	417	95	96		3.8125
75	9	Fa4	F4	287	287	1	8	417	95	96		3.875
76	9	Do5	C5	318	318	1	4	833	100	96		4
77	9	Do5	C5	318	318	1	4	833	95	96		4.125
78	55			0	0	0	0	0	0	0		4.125
79	53			0	0	0	0	0	0	0		4.125
80	54			0	0	0	0	0	0	0	ussak@re5	4.125
81	9	Re5	D5	327	327	3	16	625	95	96		4.21875
82	9	Mi5b5	E5b5	331	331	1	16	208	95	96		4.25
83	9	Fa5	F5	340	340	1	8	417	95	96		4.3125
84	9	Sol5	G5	349	349	1	8	417	95	96		4.375
85	9	La5b5	A5b5	353	353	1	8	417	95	96		4.4375
86	9	Sol5	G5	349	349	1	8	417	95	96		4.5
87	55			0	0	0	0	0	0	0		4.5
88	9	Fa5	F5	340	340	1	8	417	95	96		4.5625
89	9	Mi5b5	E5b5	331	331	1	8	417	95	96		4.625
90	9	Re5	D5	327	327	1	8	417	95	96		4.6875
91	9	Do5	C5	318	318	1	8	417	95	96		4.75
92	9	Fa5	F5	340	340	1	16	208	95	96		4.78125
93	9	Mi5b5	E5b5	331	331	1	16	208	95	96		4.8125
94	9	Re5	D5	327	327	1	16	208	95	96		4.84375
95	9	Do5	C5	318	318	1	16	208	95	96		4.875
96	9	Si4b5	B4b5	309	309	1	4	833	95	96		5
97	53			0	0	0	0	0	0	0		5
98	9	Do5	C5	318	318	1	16	208	95	96		5.03125
99	9	Re5	D5	327	327	1	16	208	95	96		5.0625
100	9	Mi5b5	E5b5	331	331	1	4	833	95	96		5.1875
101	9	Mi5b5	E5b5	331	331	1	16	208	95	96		5.21875
102	9	Re5	D5	327	327	1	16	208	95	96		5.25
103	9	Re5	D5	327	327	3	16	625	95	96		5.34375
104	9	Do5	C5	318	318	1	16	208	95	96		5.375
105	9	Sol5	G5	349	349	1	16	208	95	96		5.40625
106	9	Fa5	F5	340	340	1	16	208	95	96		5.4375
107	9	Mi5b5	E5b5	331	331	1	16	208	95	96		5.46875
108	9	Re5	D5	327	327	1	16	208	95	96		5.5
109	9	Re5	D5	327	327	1	8	417	95	96		5.5625
110	9	Do5	C5	318	318	1	16	208	95	96		5.59375
111	9	Re5	D5	327	327	1	16	208	95	96		5.625
112	9	Do5	C5	318	318	1	8	417	95	96		5.6875
113	9	Si4b5	B4b5	309	309	1	8	417	95	96		5.75
114	9	Do5	C5	318	318	3	32	312	95	96		5.796875
115	9	Mi5b5	E5b5	331	331	1	32	104	95	96		5.8125
116	9	Re5	D5	327	327	1	16	208	95	96		5.84375
117	9	Do5	C5	318	318	1	16	208	95	96		5.875
118	9	Do5	C5	318	318	1	4	833	95	96		6
119	53			0	0	0	0	0	0	0		6
120	54			0	0	0	0	0	0	0	ussak@sol4	6
121	9	Si4b5	B4b5	309	309	1	16	208	95	96		6.03125
122	9	Re5	D5	327	327	1	16	208	95	96	TESLÝM	6.0625
123	9	Do5	C5	318	318	1	16	208	95	96		6.09375
124	9	Re5	D5	327	327	1	16	208	95	96		6.125
125	9	Si4b5	B4b5	309	309	1	16	208	95	96		6.15625
126	9	La4b5	A4b5	300	300	1	16	208	95	96		6.1875
127	9	Sol4	G4	296	296	1	16	208	95	96		6.21875
128	9	Fa4	F4	287	287	1	16	208	95	96		6.25
129	53			0	0	0	0	0	0	0		6.25
130	9	Sol4	G4	296	296	3	16	625	95	96		6.34375
131	9	La4b5	A4b5	300	300	1	16	208	95	96		6.375
132	9	Si4b5	B4b5	309	309	1	8	417	95	96		6.4375
133	9	Do5	C5	318	318	1	8	417	95	96		6.5
134	55			0	0	0	0	0	0	0		6.5
135	54			0	0	0	0	0	0	0	ussak@re5	6.5
136	9	Re5	D5	327	327	1	16	208	95	96		6.53125
137	9	Mi5b5	E5b5	331	331	1	16	208	95	96		6.5625
138	9	Fa5	F5	340	340	1	16	208	95	96		6.59375
139	9	Sol5	G5	349	349	1	16	208	95	96		6.625
140	55			0	0	0	0	0	0	0		6.625
141	9	Fa5	F5	340	340	1	16	208	95	96		6.65625
142	9	Mi5b5	E5b5	331	331	1	16	208	95	96		6.6875
143	9	Re5	D5	327	327	1	16	208	95	96		6.71875
144	9	Do5	C5	318	318	1	16	208	95	96		6.75
145	9	Do5	C5	318	318	1	16	208	95	96		6.78125
146	9	Si4b5	B4b5	309	309	1	16	208	95	96		6.8125
147	9	Si4b5	B4b5	309	309	1	16	208	95	96		6.84375
148	9	La4	A4	305	305	1	16	208	95	96		6.875
149	9	Si4b5	B4b5	309	309	1	4	833	95	96		7
150	53			0	0	0	0	0	0	0		7
151	9			-1	-1	1	8	417	100	0		7.0625
152	9	Fa5	F5	340	340	1	16	208	95	96		7.09375
153	9	Mi5b5	E5b5	331	331	1	16	208	95	96		7.125
154	9	Mi5b5	E5b5	331	331	1	16	208	95	96		7.15625
155	9	Re5	D5	327	327	1	16	208	95	96		7.1875
156	9	Re5	D5	327	327	1	16	208	95	96		7.21875
157	9	Do5	C5	318	318	1	16	208	95	96		7.25
158	9	Do5	C5	318	318	1	16	208	95	96		7.28125
159	9	Si4b5	B4b5	309	309	1	16	208	95	96		7.3125
160	9	Si4b5	B4b5	309	309	1	16	208	95	96		7.34375
161	9	La4b5	A4b5	300	300	1	16	208	95	96		7.375
162	9	La4b5	A4b5	300	300	1	16	208	95	96		7.40625
163	9	Sol4	G4	296	296	1	16	208	95	96		7.4375
164	9	Sol4	G4	296	296	1	16	208	95	96		7.46875
165	9	Fa4	F4	287	287	1	16	208	95	96		7.5
166	53			0	0	0	0	0	0	0		7.5
167	54			0	0	0	0	0	0	0	karcigar@sol4	7.5
168	9	Sol4	G4	296	296	1	16	208	95	96		7.53125
169	9	La4b5	A4b5	300	300	1	16	208	95	96		7.5625
170	9	Si4b5	B4b5	309	309	1	16	208	95	96		7.59375
171	9	Do5	C5	318	318	1	16	208	95	96		7.625
172	9	Fa5	F5	340	340	1	16	208	95	96		7.65625
173	9	Mi5b1	E5b1	335	335	1	16	208	95	96		7.6875
174	9	Re5b4	D5b4	323	323	1	16	208	95	96		7.71875
175	9	Do5	C5	318	318	1	16	208	95	96		7.75
176	9	Do5	C5	318	318	1	16	208	95	96		7.78125
177	9	Si4b5	B4b5	309	309	1	16	208	95	96		7.8125
178	9	Si4b5	B4b5	309	309	1	16	208	95	96		7.84375
179	9	La4	A4	305	305	1	16	208	95	96		7.875
180	9	Si4b5	B4b5	309	309	1	16	208	95	96		7.90625
181	55			0	0	0	0	0	0	0		7.90625
182	9	Re5	D5	327	327	1	8	417	95	96		7.96875
183	9	Do5	C5	318	318	1	16	208	95	96		8
184	9	Si4b5	B4b5	309	309	1	4	833	95	96		8.125
185	53			0	0	0	0	0	0	0		8.125
186	9	Do5	C5	318	318	1	8	417	95	96		8.1875
187	9	Re5	D5	327	327	1	8	417	95	96		8.25
188	9	Mi5b5	E5b5	331	331	1	8	417	95	96		8.3125
189	9	Sol5	G5	349	349	1	8	417	95	96		8.375
190	9	Fa5	F5	340	340	1	8	417	95	96		8.4375
191	9	Mi5b5	E5b5	331	331	1	8	417	95	96		8.5
192	9	Re5	D5	327	327	1	8	417	95	96		8.5625
193	9	Do5	C5	318	318	1	8	417	95	96		8.625
194	9	Do5	C5	318	318	1	8	417	95	96		8.6875
195	9	Re5	D5	327	327	1	8	417	95	96		8.75
196	54			0	0	0	0	0	0	0	ussak@sol4	8.75
197	9	Si4b5	B4b5	309	309	1	8	417	95	96		8.8125
198	9	Do5	C5	318	318	1	16	208	95	96		8.84375
199	9	Si4b5	B4b5	309	309	1	16	208	95	96		8.875
200	9	La4b5	A4b5	300	300	1	16	208	95	96		8.90625
201	9	Sol4	G4	296	296	1	16	208	95	96		8.9375
202	9	Fa4	F4	287	287	1	8	417	95	96		9
203	53			0	0	0	0	0	0	0		9
204	9	Mi5b5	E5b5	331	331	1	16	208	95	96	2. Haneye	9.03125
205	9	Re5	D5	327	327	1	16	208	95	96		9.0625
206	9	Do5	C5	318	318	1	4	833	95	96		9.1875
207	9	Si4b5	B4b5	309	309	1	16	208	95	96		9.21875
208	9	La4b5	A4b5	300	300	1	16	208	95	96		9.25
209	9	Sol4	G4	296	296	1	16	208	95	96		9.28125
210	9	La4b5	A4b5	300	300	1	16	208	95	96		9.3125
211	9	Si4b5	B4b5	309	309	1	4	833	95	96		9.4375
212	9	La4b5	A4b5	300	300	1	16	208	95	96		9.46875
213	9	Sol4	G4	296	296	1	16	208	95	96		9.5
214	9	Sol4	G4	296	296	3	8	1250	95	96		9.6875
215	55			0	0	0	0	0	0	0		9.6875
216	53			0	0	0	0	0	0	0		9.6875
217	54			0	0	0	0	0	0	0	hicazkar@sol4	9.6875
218	9	La5	A5	358	358	1	16	208	95	96		9.71875
219	9	Si5b5	B5b5	362	362	1	16	208	95	96		9.75
220	9	La5	A5	358	358	1	16	208	95	96		9.78125
221	9	Sol5	G5	349	349	1	16	208	95	96		9.8125
222	9	Fa5#4	F5#4	344	344	1	16	208	95	96		9.84375
223	9	Sol5	G5	349	349	1	16	208	95	96		9.875
224	9	La5	A5	358	358	1	4	833	95	96		10
225	53			0	0	0	0	0	0	0		10
226	9			-1	-1	1	4	833	100	0		10.125
227	9	Si5b5	B5b5	362	362	1	16	208	95	96	2. HANE	10.15625
228	9	La5	A5	358	358	1	16	208	95	96		10.1875
229	9	Sol5	G5	349	349	1	16	208	95	96		10.21875
230	9	Fa5#4	F5#4	344	344	1	16	208	95	96		10.25
231	9	Sol5	G5	349	349	1	4	833	95	96		10.375
232	9	La5	A5	358	358	1	4	833	95	96		10.5
233	9	Si5b5	B5b5	362	362	1	16	208	95	96		10.53125
234	9	La5	A5	358	358	1	16	208	95	96		10.5625
235	9	Si5b5	B5b5	362	362	1	16	208	95	96		10.59375
236	9	Do6	C6	371	371	1	16	208	95	96		10.625
237	9	La5	A5	358	358	1	8	417	95	96		10.6875
238	9	Sol5	G5	349	349	1	8	417	95	96		10.75
239	9	Fa5#4	F5#4	344	344	3	16	625	95	96		10.84375
240	9	Mi5b5	E5b5	331	331	1	16	208	95	96		10.875
241	9	Re5	D5	327	327	1	4	833	95	96		11
242	53			0	0	0	0	0	0	0		11
243	9			-1	-1	1	4	833	100	0		11.125
244	9	Mi5b5	E5b5	331	331	1	16	208	95	96		11.15625
245	9	Re5	D5	327	327	1	16	208	95	96		11.1875
246	9	Do5	C5	318	318	1	16	208	95	96		11.21875
247	9	Si4b1	B4b1	313	313	1	16	208	95	96		11.25
248	9	Do5	C5	318	318	1	8	417	95	96		11.3125
249	9	Re5	D5	327	327	1	8	417	95	96		11.375
250	9	Mi5b5	E5b5	331	331	1	8	417	95	96		11.4375
251	9	Fa5#4	F5#4	344	344	1	8	417	95	96		11.5
252	9	Sol5	G5	349	349	1	8	417	95	96		11.5625
253	9	La5	A5	358	358	1	16	208	95	96		11.59375
254	9	Si5b1	B5b1	366	366	1	16	208	95	96		11.625
255	9	Do6	C6	371	371	1	8	417	95	96		11.6875
256	9	Si5b5	B5b5	362	362	1	16	208	95	96		11.71875
257	9	La5	A5	358	358	1	16	208	95	96		11.75
258	9	La5	A5	358	358	1	16	208	95	96		11.78125
259	9	Sol5	G5	349	349	1	16	208	95	96		11.8125
260	9	Sol5	G5	349	349	1	16	208	95	96		11.84375
261	9	Fa5#4	F5#4	344	344	1	16	208	95	96		11.875
262	9	Sol5	G5	349	349	1	4	833	95	96		12
263	55			0	0	0	0	0	0	0		12
264	53			0	0	0	0	0	0	0		12
265	9			-1	-1	1	4	833	100	0		12.125
266	9	Fa5	F5	340	340	1	8	417	95	96		12.1875
267	9	Sol5	G5	349	349	1	16	208	95	96		12.21875
268	9	Fa5	F5	340	340	1	16	208	95	96		12.25
269	9	Mi5b5	E5b5	331	331	3	16	625	95	96		12.34375
270	9	Fa5	F5	340	340	1	16	208	95	96		12.375
271	9	Sol5	G5	349	349	3	16	625	95	96		12.46875
272	9	La5b5	A5b5	353	353	1	16	208	95	96		12.5
273	9	Si5b5	B5b5	362	362	3	16	625	95	96		12.59375
274	9	La5b5	A5b5	353	353	1	16	208	95	96		12.625
275	9	Sol5	G5	349	349	1	8	417	95	96		12.6875
276	9	Fa5	F5	340	340	1	8	417	95	96		12.75
277	9	Sol5	G5	349	349	1	16	208	95	96		12.78125
278	9	Fa5	F5	340	340	1	16	208	95	96		12.8125
279	9	Mi5b5	E5b5	331	331	1	16	208	95	96		12.84375
280	9	Re5	D5	327	327	1	16	208	95	96		12.875
281	9	Do5	C5	318	318	1	4	833	95	96		13
282	53			0	0	0	0	0	0	0		13
283	9	Re5	D5	327	327	1	8	417	95	96		13.0625
284	9	Mi5b5	E5b5	331	331	1	16	208	95	96		13.09375
285	9	Fa5	F5	340	340	1	16	208	95	96		13.125
286	9	Mi5b5	E5b5	331	331	1	16	208	95	96		13.15625
287	9	Re5	D5	327	327	1	16	208	95	96		13.1875
288	9	Do5	C5	318	318	1	8	417	95	96		13.25
289	9	Re5	D5	327	327	1	16	208	95	96		13.28125
290	9	Do5	C5	318	318	1	16	208	95	96		13.3125
291	9	Si4b5	B4b5	309	309	1	16	208	95	96		13.34375
292	9	Do5	C5	318	318	1	16	208	95	96		13.375
293	9	Re5	D5	327	327	1	16	208	95	96		13.40625
294	9	Mi5b5	E5b5	331	331	1	16	208	95	96		13.4375
295	9	Re5	D5	327	327	1	16	208	95	96		13.46875
296	9	Do5	C5	318	318	1	16	208	95	96		13.5
297	53			0	0	0	0	0	0	0		13.5
298	9	Do5	C5	318	318	3	16	625	95	96		13.59375
299	9	Re5	D5	327	327	1	16	208	95	96		13.625
300	9	Mi5b5	E5b5	331	331	1	8	417	95	96		13.6875
301	9	Fa5	F5	340	340	1	8	417	95	96		13.75
302	9	Sol5	G5	349	349	3	16	625	95	96		13.84375
303	9	Fa5	F5	340	340	1	16	208	95	96		13.875
304	9	Mi5b5	E5b5	331	331	1	8	417	95	96		13.9375
305	9	Sol5	G5	349	349	1	8	417	95	96		14
306	9	Fa5	F5	340	340	1	8	417	95	96		14.0625
307	9	Mi5b5	E5b5	331	331	1	8	417	95	96		14.125
308	9	Re5	D5	327	327	1	8	417	95	96		14.1875
309	9	Do5	C5	318	318	1	8	417	95	96		14.25
310	9	Re5	D5	327	327	1	16	208	95	96		14.28125
311	9	Do5	C5	318	318	1	16	208	95	96		14.3125
312	9	Si4b5	B4b5	309	309	1	16	208	95	96		14.34375
313	9	La4	A4	305	305	1	16	208	95	96		14.375
314	9	Si4b5	B4b5	309	309	1	4	833	95	96		14.5
315	53			0	0	0	0	0	0	0		14.5
316	9	Fa4	F4	287	287	1	8	417	95	96		14.5625
317	9	Si4b5	B4b5	309	309	1	8	417	95	96		14.625
318	9	Do5	C5	318	318	1	16	208	95	96		14.65625
319	9	Si4b5	B4b5	309	309	1	16	208	95	96		14.6875
320	9	Do5	C5	318	318	1	8	417	95	96		14.75
321	54			0	0	0	0	0	0	0	ussak@re5	14.75
322	9	Re5	D5	327	327	1	8	417	95	96		14.8125
323	9	Mi5b1	E5b1	335	335	1	8	417	95	96		14.875
324	9	Fa5	F5	340	340	1	8	417	95	96		14.9375
325	9	Sol5	G5	349	349	1	8	417	95	96		15
326	55			0	0	0	0	0	0	0		15
327	9	Si5b5	B5b5	362	362	1	16	208	95	96		15.03125
328	9	La5b5	A5b5	353	353	1	16	208	95	96		15.0625
329	9	Sol5	G5	349	349	1	16	208	95	96		15.09375
330	9	Fa5	F5	340	340	1	16	208	95	96		15.125
331	9	Fa5	F5	340	340	1	16	208	95	96		15.15625
332	9	Mi5b5	E5b5	331	331	1	16	208	95	96		15.1875
333	9	Re5	D5	327	327	1	16	208	95	96		15.21875
334	9	Do5	C5	318	318	1	16	208	95	96		15.25
335	54			0	0	0	0	0	0	0	ussak@sol4	15.25
336	9	Do5	C5	318	318	1	16	208	95	96		15.28125
337	9	Si4b5	B4b5	309	309	1	16	208	95	96		15.3125
338	9	La4b5	A4b5	300	300	1	16	208	95	96		15.34375
339	9	Sol4	G4	296	296	1	16	208	95	96		15.375
340	9	Fa4	F4	287	287	1	16	208	95	96		15.40625
341	9	Sol4	G4	296	296	1	16	208	95	96		15.4375
342	9	La4b5	A4b5	300	300	1	16	208	95	96		15.46875
343	9	Si4b5	B4b5	309	309	1	16	208	95	96		15.5
344	55			0	0	0	0	0	0	0		15.5
345	9	Do5	C5	318	318	3	8	1250	95	96		15.6875
346	9	Si4b5	B4b5	309	309	1	8	417	95	96		15.75
347	9	Do5	C5	318	318	1	8	417	95	96		15.8125
348	9	Re5	D5	327	327	1	16	208	95	96		15.84375
349	9	Do5	C5	318	318	1	16	208	95	96		15.875
350	9	Do5	C5	318	318	1	4	833	95	96		16
351	53			0	0	0	0	0	0	0		16
352	54			0	0	0	0	0	0	0	ussak@sol4	16
353	9	Si4b5	B4b5	309	309	1	16	208	95	96		16.03125
354	9	Re5	D5	327	327	1	16	208	95	96	TESLÝM	16.0625
355	9	Do5	C5	318	318	1	16	208	95	96		16.09375
356	9	Re5	D5	327	327	1	16	208	95	96		16.125
357	9	Si4b5	B4b5	309	309	1	16	208	95	96		16.15625
358	9	La4b5	A4b5	300	300	1	16	208	95	96		16.1875
359	9	Sol4	G4	296	296	1	16	208	95	96		16.21875
360	9	Fa4	F4	287	287	1	16	208	95	96		16.25
361	53			0	0	0	0	0	0	0		16.25
362	9	Sol4	G4	296	296	3	16	625	95	96		16.34375
363	9	La4b5	A4b5	300	300	1	16	208	95	96		16.375
364	9	Si4b5	B4b5	309	309	1	8	417	95	96		16.4375
365	9	Do5	C5	318	318	1	8	417	95	96		16.5
366	55			0	0	0	0	0	0	0		16.5
367	54			0	0	0	0	0	0	0	ussak@re5	16.5
368	9	Re5	D5	327	327	1	16	208	95	96		16.53125
369	9	Mi5b5	E5b5	331	331	1	16	208	95	96		16.5625
370	9	Fa5	F5	340	340	1	16	208	95	96		16.59375
371	9	Sol5	G5	349	349	1	16	208	95	96		16.625
372	55			0	0	0	0	0	0	0		16.625
373	9	Fa5	F5	340	340	1	16	208	95	96		16.65625
374	9	Mi5b5	E5b5	331	331	1	16	208	95	96		16.6875
375	9	Re5	D5	327	327	1	16	208	95	96		16.71875
376	9	Do5	C5	318	318	1	16	208	95	96		16.75
377	9	Do5	C5	318	318	1	16	208	95	96		16.78125
378	9	Si4b5	B4b5	309	309	1	16	208	95	96		16.8125
379	9	Si4b5	B4b5	309	309	1	16	208	95	96		16.84375
380	9	La4	A4	305	305	1	16	208	95	96		16.875
381	9	Si4b5	B4b5	309	309	1	4	833	95	96		17
382	53			0	0	0	0	0	0	0		17
383	9			-1	-1	1	8	417	100	0		17.0625
384	9	Fa5	F5	340	340	1	16	208	95	96		17.09375
385	9	Mi5b5	E5b5	331	331	1	16	208	95	96		17.125
386	9	Mi5b5	E5b5	331	331	1	16	208	95	96		17.15625
387	9	Re5	D5	327	327	1	16	208	95	96		17.1875
388	9	Re5	D5	327	327	1	16	208	95	96		17.21875
389	9	Do5	C5	318	318	1	16	208	95	96		17.25
390	9	Do5	C5	318	318	1	16	208	95	96		17.28125
391	9	Si4b5	B4b5	309	309	1	16	208	95	96		17.3125
392	9	Si4b5	B4b5	309	309	1	16	208	95	96		17.34375
393	9	La4b5	A4b5	300	300	1	16	208	95	96		17.375
394	9	La4b5	A4b5	300	300	1	16	208	95	96		17.40625
395	9	Sol4	G4	296	296	1	16	208	95	96		17.4375
396	9	Sol4	G4	296	296	1	16	208	95	96		17.46875
397	9	Fa4	F4	287	287	1	16	208	95	96		17.5
398	53			0	0	0	0	0	0	0		17.5
399	54			0	0	0	0	0	0	0	karcigar@sol4	17.5
400	9	Sol4	G4	296	296	1	16	208	95	96		17.53125
401	9	La4b5	A4b5	300	300	1	16	208	95	96		17.5625
402	9	Si4b5	B4b5	309	309	1	16	208	95	96		17.59375
403	9	Do5	C5	318	318	1	16	208	95	96		17.625
404	9	Fa5	F5	340	340	1	16	208	95	96		17.65625
405	9	Mi5b1	E5b1	335	335	1	16	208	95	96		17.6875
406	9	Re5b4	D5b4	323	323	1	16	208	95	96		17.71875
407	9	Do5	C5	318	318	1	16	208	95	96		17.75
408	9	Do5	C5	318	318	1	16	208	95	96		17.78125
409	9	Si4b5	B4b5	309	309	1	16	208	95	96		17.8125
410	9	Si4b5	B4b5	309	309	1	16	208	95	96		17.84375
411	9	La4	A4	305	305	1	16	208	95	96		17.875
412	9	Si4b5	B4b5	309	309	1	16	208	95	96		17.90625
413	55			0	0	0	0	0	0	0		17.90625
414	9	Re5	D5	327	327	1	8	417	95	96		17.96875
415	9	Do5	C5	318	318	1	16	208	95	96		18
416	9	Si4b5	B4b5	309	309	1	4	833	95	96		18.125
417	53			0	0	0	0	0	0	0		18.125
418	9	Do5	C5	318	318	1	8	417	95	96		18.1875
419	9	Re5	D5	327	327	1	8	417	95	96		18.25
420	9	Mi5b5	E5b5	331	331	1	8	417	95	96		18.3125
421	9	Sol5	G5	349	349	1	8	417	95	96		18.375
422	9	Fa5	F5	340	340	1	8	417	95	96		18.4375
423	9	Mi5b5	E5b5	331	331	1	8	417	95	96		18.5
424	9	Re5	D5	327	327	1	8	417	95	96		18.5625
425	9	Do5	C5	318	318	1	8	417	95	96		18.625
426	9	Do5	C5	318	318	1	8	417	95	96		18.6875
427	9	Re5	D5	327	327	1	8	417	95	96		18.75
428	54			0	0	0	0	0	0	0	ussak@sol4	18.75
429	9	Si4b5	B4b5	309	309	1	8	417	95	96		18.8125
430	9	Do5	C5	318	318	1	16	208	95	96		18.84375
431	9	Si4b5	B4b5	309	309	1	16	208	95	96		18.875
432	9	La4b5	A4b5	300	300	1	16	208	95	96		18.90625
433	9	Sol4	G4	296	296	1	16	208	95	96		18.9375
434	9	Fa4	F4	287	287	1	8	417	95	96		19
435	53			0	0	0	0	0	0	0		19
436	9	La4b5	A4b5	300	300	1	16	208	95	96	3. Haneye	19.03125
437	9	Si4b5	B4b5	309	309	1	16	208	95	96		19.0625
438	9	Do5	C5	318	318	1	4	833	95	96		19.1875
439	9	Si4b5	B4b5	309	309	1	16	208	95	96		19.21875
440	9	La4b5	A4b5	300	300	1	16	208	95	96		19.25
441	9	La4b5	A4b5	300	300	1	24	139	95	96		19.27083
442	9	Sol4	G4	296	296	1	24	139	95	96		19.29167
443	9	La4b5	A4b5	300	300	1	24	139	95	96		19.3125
444	9	Si4b5	B4b5	309	309	1	4	833	95	96		19.4375
445	9	La4b5	A4b5	300	300	1	16	208	95	96		19.46875
446	9	Sol4	G4	296	296	1	16	208	95	96		19.5
447	9	Sol4	G4	296	296	3	8	1250	95	96		19.6875
448	55			0	0	0	0	0	0	0		19.6875
449	53			0	0	0	0	0	0	0		19.6875
450	54			0	0	0	0	0	0	0	neveser@sol4	19.6875
451	9	Fa5#4	F5#4	344	344	1	16	208	95	96		19.71875
452	9	Mi5b5	E5b5	331	331	1	16	208	95	96		19.75
453	9	Re5	D5	327	327	1	16	208	95	96		19.78125
454	9	Do5#4	C5#4	322	322	1	16	208	95	96		19.8125
455	9	Si4b5	B4b5	309	309	1	16	208	95	96		19.84375
456	9	Do5#4	C5#4	322	322	1	16	208	95	96		19.875
457	9	Re5	D5	327	327	1	4	833	95	96		20
458	53			0	0	0	0	0	0	0		20
459	9	Re5	D5	327	327	1	4	833	95	96	3. HANE	20.125
460	9	Do5#4	C5#4	322	322	1	8	417	95	96		20.1875
461	9	Re5	D5	327	327	1	8	417	95	96		20.25
462	9	Mi5b5	E5b5	331	331	1	16	208	95	96		20.28125
463	9	Fa5#4	F5#4	344	344	1	16	208	95	96		20.3125
464	9	Mi5b5	E5b5	331	331	1	8	417	95	96		20.375
465	55			0	0	0	0	0	0	0		20.375
466	54			0	0	0	0	0	0	0	ussak@sol4	20.375
467	9	Re5	D5	327	327	1	8	417	95	96		20.4375
468	9	Do5	C5	318	318	1	8	417	95	96		20.5
469	9	Si4b5	B4b5	309	309	1	8	417	95	96		20.5625
470	9	Do5	C5	318	318	1	8	417	95	96		20.625
471	9	Si4b5	B4b5	309	309	1	8	417	95	96		20.6875
472	9	La4b5	A4b5	300	300	1	8	417	95	96		20.75
473	9	Si4b5	B4b5	309	309	3	16	625	95	96		20.84375
474	9	La4b5	A4b5	300	300	1	16	208	95	96		20.875
475	9	Sol4	G4	296	296	1	4	833	95	96		21
476	55			0	0	0	0	0	0	0		21
477	53			0	0	0	0	0	0	0		21
478	9			-1	-1	1	8	417	100	0		21.0625
479	54			0	0	0	0	0	0	0	evic@mi4b1	21.0625
480	9	Fa5	F5	340	340	1	8	417	95	96		21.125
481	9	Mi5	E5	336	336	1	8	417	95	96		21.1875
482	9	Re5#4	D5#4	331	331	1	8	417	95	96		21.25
483	9	Do5	C5	318	318	1	8	417	95	96		21.3125
484	9	Re5#4	D5#4	331	331	1	8	417	95	96		21.375
485	9	Mi5	E5	336	336	1	8	417	95	96		21.4375
486	9	Fa5	F5	340	340	1	8	417	95	96		21.5
487	55			0	0	0	0	0	0	0		21.5
488	9	Sol5	G5	349	349	1	8	417	95	96		21.5625
489	9	La5b5	A5b5	353	353	1	8	417	95	96		21.625
490	9	Sol5	G5	349	349	1	16	208	95	96		21.65625
491	9	Fa5	F5	340	340	1	16	208	95	96		21.6875
492	9	Mi5	E5	336	336	1	16	208	95	96		21.71875
493	9	Fa5	F5	340	340	1	16	208	95	96		21.75
494	9	Sol5	G5	349	349	1	8	417	95	96		21.8125
495	9	La5b5	A5b5	353	353	1	16	208	95	96		21.84375
496	9	Sol5	G5	349	349	1	16	208	95	96		21.875
497	9	Sol5	G5	349	349	1	4	833	95	96		22
498	53			0	0	0	0	0	0	0		22
499	9			-1	-1	1	4	833	100	0		22.125
500	9	Sol5	G5	349	349	1	12	278	95	96		22.16667
501	9	La5b5	A5b5	353	353	1	12	278	95	96		22.20833
502	9	La5	A5	358	358	1	12	278	95	96		22.25
503	9	Si5b5	B5b5	362	362	3	16	625	95	96		22.34375
504	9	La5b5	A5b5	353	353	1	16	208	95	96		22.375
505	9	Sol5	G5	349	349	1	8	417	95	96		22.4375
506	9	Fa5	F5	340	340	1	8	417	95	96		22.5
507	9	La5b5	A5b5	353	353	1	12	278	95	96		22.54167
508	9	Sol5	G5	349	349	1	12	278	95	96		22.58333
509	9	Fa5	F5	340	340	1	12	278	95	96		22.625
510	9	Mi5b5	E5b5	331	331	1	12	278	95	96		22.66667
511	9	Re5	D5	327	327	1	12	278	95	96		22.70833
512	9	Do5	C5	318	318	1	12	278	95	96		22.75
513	54			0	0	0	0	0	0	0	segah@la4b1	22.75
514	9	Mi5b5	E5b5	331	331	1	16	208	95	96		22.78125
515	9	Re5	D5	327	327	1	16	208	95	96		22.8125
516	9	Do5	C5	318	318	1	16	208	95	96		22.84375
517	9	Si4b5	B4b5	309	309	1	16	208	95	96		22.875
518	9	La4	A4	305	305	1	16	208	95	96		22.90625
519	9	Sol4#4	G4#4	300	300	1	16	208	95	96		22.9375
520	9	La4	A4	305	305	1	8	417	95	96		23
521	55			0	0	0	0	0	0	0		23
522	53			0	0	0	0	0	0	0		23
523	9			-1	-1	1	8	417	100	0		23.0625
524	9	Fa5	F5	340	340	1	16	208	95	96		23.09375
525	9	Mi5b5	E5b5	331	331	1	16	208	95	96		23.125
526	9	Mi5b5	E5b5	331	331	1	16	208	95	96		23.15625
527	9	Re5	D5	327	327	1	16	208	95	96		23.1875
528	9	Re5	D5	327	327	1	16	208	95	96		23.21875
529	9	Do5	C5	318	318	1	16	208	95	96		23.25
530	9	Do5	C5	318	318	1	16	208	95	96		23.28125
531	9	Si4b5	B4b5	309	309	1	16	208	95	96		23.3125
532	9	Do5	C5	318	318	1	16	208	95	96		23.34375
533	9	Re5	D5	327	327	1	16	208	95	96		23.375
534	9	Mi5b5	E5b5	331	331	1	16	208	95	96		23.40625
535	9	Fa5	F5	340	340	1	16	208	95	96		23.4375
536	9	Re5	D5	327	327	1	16	208	95	96		23.46875
537	9	Do5	C5	318	318	1	16	208	95	96		23.5
538	54			0	0	0	0	0	0	0	hicaz-zirgule@do5	23.5
539	9	Mi5	E5	336	336	1	16	208	95	96		23.53125
540	9	Fa5	F5	340	340	1	16	208	95	96		23.5625
541	9	Sol5	G5	349	349	1	16	208	95	96		23.59375
542	9	La5b5	A5b5	353	353	1	16	208	95	96		23.625
543	9	Sol5	G5	349	349	1	16	208	95	96		23.65625
544	9	Fa5	F5	340	340	1	16	208	95	96		23.6875
545	9	Mi5	E5	336	336	1	16	208	95	96		23.71875
546	9	Re5b4	D5b4	323	323	1	16	208	95	96		23.75
547	9	Mi5	E5	336	336	1	16	208	95	96		23.78125
548	9	Re5b4	D5b4	323	323	1	16	208	95	96		23.8125
549	9	Do5	C5	318	318	1	16	208	95	96		23.84375
550	9	Si4b1	B4b1	313	313	1	16	208	95	96		23.875
551	9	Do5	C5	318	318	1	4	833	95	96		24
552	55			0	0	0	0	0	0	0		24
553	53			0	0	0	0	0	0	0		24
554	9			-1	-1	1	4	833	100	0		24.125
555	9	Re5	D5	327	327	1	8	417	95	96		24.1875
556	9	Mi5b5	E5b5	331	331	1	8	417	95	96		24.25
557	9	Mi5b5	E5b5	331	331	1	8	417	95	96		24.3125
558	9	Mi5b5	E5b5	331	331	1	16	208	95	96		24.34375
559	9	Re5	D5	327	327	1	16	208	95	96		24.375
560	9	Mi5b5	E5b5	331	331	1	8	417	95	96		24.4375
561	9	Fa5	F5	340	340	1	8	417	95	96		24.5
562	9	Sol5	G5	349	349	3	16	625	95	96		24.59375
563	9	Fa5	F5	340	340	1	16	208	95	96		24.625
564	9	Mi5b5	E5b5	331	331	1	8	417	95	96		24.6875
565	9	Re5	D5	327	327	1	8	417	95	96		24.75
566	9	Sol5	G5	349	349	1	16	208	95	96		24.78125
567	9	Fa5	F5	340	340	1	16	208	95	96		24.8125
568	9	Mi5b5	E5b5	331	331	1	16	208	95	96		24.84375
569	9	Re5	D5	327	327	1	16	208	95	96		24.875
570	9	Do5	C5	318	318	1	4	833	95	96		25
571	53			0	0	0	0	0	0	0		25
572	9	Si4b5	B4b5	309	309	1	16	208	95	96		25.03125
573	9	Do5	C5	318	318	1	16	208	95	96		25.0625
574	9	Re5	D5	327	327	1	4	833	95	96		25.1875
575	9	Do5	C5	318	318	1	16	208	95	96		25.21875
576	9	Si4b5	B4b5	309	309	1	16	208	95	96		25.25
577	9	Do5	C5	318	318	1	8	417	95	96		25.3125
578	9	Re5	D5	327	327	1	16	208	95	96		25.34375
579	9	Mi5b5	E5b5	331	331	1	16	208	95	96		25.375
580	9	Sol5	G5	349	349	1	16	208	95	96		25.40625
581	9	Fa5	F5	340	340	1	16	208	95	96		25.4375
582	9	Mi5b5	E5b5	331	331	1	16	208	95	96		25.46875
583	9	Re5	D5	327	327	1	16	208	95	96		25.5
584	9	Re5	D5	327	327	1	8	417	95	96		25.5625
585	9	Do5	C5	318	318	1	16	208	95	96		25.59375
586	9	Re5	D5	327	327	1	16	208	95	96		25.625
587	9	Do5	C5	318	318	1	8	417	95	96		25.6875
588	9	Si4b5	B4b5	309	309	1	8	417	95	96		25.75
589	9	Do5	C5	318	318	1	8	417	95	96		25.8125
590	9	Re5	D5	327	327	1	16	208	95	96		25.84375
591	9	Do5	C5	318	318	1	16	208	95	96		25.875
592	9	Do5	C5	318	318	1	4	833	95	96		26
593	53			0	0	0	0	0	0	0		26
594	54			0	0	0	0	0	0	0	ussak@sol4	26
595	9	Si4b5	B4b5	309	309	1	16	208	95	96		26.03125
596	9	Re5	D5	327	327	1	16	208	95	96	TESLÝM	26.0625
597	9	Do5	C5	318	318	1	16	208	95	96		26.09375
598	9	Re5	D5	327	327	1	16	208	95	96		26.125
599	9	Si4b5	B4b5	309	309	1	16	208	95	96		26.15625
600	9	La4b5	A4b5	300	300	1	16	208	95	96		26.1875
601	9	Sol4	G4	296	296	1	16	208	95	96		26.21875
602	9	Fa4	F4	287	287	1	16	208	95	96		26.25
603	53			0	0	0	0	0	0	0		26.25
604	9	Sol4	G4	296	296	3	16	625	95	96		26.34375
605	9	La4b5	A4b5	300	300	1	16	208	95	96		26.375
606	9	Si4b5	B4b5	309	309	1	8	417	95	96		26.4375
607	9	Do5	C5	318	318	1	8	417	95	96		26.5
608	55			0	0	0	0	0	0	0		26.5
609	54			0	0	0	0	0	0	0	ussak@re5	26.5
610	9	Re5	D5	327	327	1	16	208	95	96		26.53125
611	9	Mi5b5	E5b5	331	331	1	16	208	95	96		26.5625
612	9	Fa5	F5	340	340	1	16	208	95	96		26.59375
613	9	Sol5	G5	349	349	1	16	208	95	96		26.625
614	55			0	0	0	0	0	0	0		26.625
615	9	Fa5	F5	340	340	1	16	208	95	96		26.65625
616	9	Mi5b5	E5b5	331	331	1	16	208	95	96		26.6875
617	9	Re5	D5	327	327	1	16	208	95	96		26.71875
618	9	Do5	C5	318	318	1	16	208	95	96		26.75
619	9	Do5	C5	318	318	1	16	208	95	96		26.78125
620	9	Si4b5	B4b5	309	309	1	16	208	95	96		26.8125
621	9	Si4b5	B4b5	309	309	1	16	208	95	96		26.84375
622	9	La4	A4	305	305	1	16	208	95	96		26.875
623	9	Si4b5	B4b5	309	309	1	4	833	95	96		27
624	53			0	0	0	0	0	0	0		27
625	9			-1	-1	1	8	417	100	0		27.0625
626	9	Fa5	F5	340	340	1	16	208	95	96		27.09375
627	9	Mi5b5	E5b5	331	331	1	16	208	95	96		27.125
628	9	Mi5b5	E5b5	331	331	1	16	208	95	96		27.15625
629	9	Re5	D5	327	327	1	16	208	95	96		27.1875
630	9	Re5	D5	327	327	1	16	208	95	96		27.21875
631	9	Do5	C5	318	318	1	16	208	95	96		27.25
632	9	Do5	C5	318	318	1	16	208	95	96		27.28125
633	9	Si4b5	B4b5	309	309	1	16	208	95	96		27.3125
634	9	Si4b5	B4b5	309	309	1	16	208	95	96		27.34375
635	9	La4b5	A4b5	300	300	1	16	208	95	96		27.375
636	9	La4b5	A4b5	300	300	1	16	208	95	96		27.40625
637	9	Sol4	G4	296	296	1	16	208	95	96		27.4375
638	9	Sol4	G4	296	296	1	16	208	95	96		27.46875
639	9	Fa4	F4	287	287	1	16	208	95	96		27.5
640	53			0	0	0	0	0	0	0		27.5
641	54			0	0	0	0	0	0	0	karcigar@sol4	27.5
642	9	Sol4	G4	296	296	1	16	208	95	96		27.53125
643	9	La4b5	A4b5	300	300	1	16	208	95	96		27.5625
644	9	Si4b5	B4b5	309	309	1	16	208	95	96		27.59375
645	9	Do5	C5	318	318	1	16	208	95	96		27.625
646	9	Fa5	F5	340	340	1	16	208	95	96		27.65625
647	9	Mi5b1	E5b1	335	335	1	16	208	95	96		27.6875
648	9	Re5b4	D5b4	323	323	1	16	208	95	96		27.71875
649	9	Do5	C5	318	318	1	16	208	95	96		27.75
650	9	Do5	C5	318	318	1	16	208	95	96		27.78125
651	9	Si4b5	B4b5	309	309	1	16	208	95	96		27.8125
652	9	Si4b5	B4b5	309	309	1	16	208	95	96		27.84375
653	9	La4	A4	305	305	1	16	208	95	96		27.875
654	9	Si4b5	B4b5	309	309	1	16	208	95	96		27.90625
655	55			0	0	0	0	0	0	0		27.90625
656	9	Re5	D5	327	327	1	8	417	95	96		27.96875
657	9	Do5	C5	318	318	1	16	208	95	96		28
658	9	Si4b5	B4b5	309	309	1	4	833	95	96		28.125
659	53			0	0	0	0	0	0	0		28.125
660	9	Do5	C5	318	318	1	8	417	95	96		28.1875
661	9	Re5	D5	327	327	1	8	417	95	96		28.25
662	9	Mi5b5	E5b5	331	331	1	8	417	95	96		28.3125
663	9	Sol5	G5	349	349	1	8	417	95	96		28.375
664	9	Fa5	F5	340	340	1	8	417	95	96		28.4375
665	9	Mi5b5	E5b5	331	331	1	8	417	95	96		28.5
666	9	Re5	D5	327	327	1	8	417	95	96		28.5625
667	9	Do5	C5	318	318	1	8	417	95	96		28.625
668	9	Do5	C5	318	318	1	8	417	95	96		28.6875
669	9	Re5	D5	327	327	1	8	417	95	96		28.75
670	54			0	0	0	0	0	0	0	ussak@sol4	28.75
671	9	Si4b5	B4b5	309	309	1	8	417	95	96		28.8125
672	9	Do5	C5	318	318	1	16	208	95	96		28.84375
673	9	Si4b5	B4b5	309	309	1	16	208	95	96		28.875
674	9	La4b5	A4b5	300	300	1	16	208	95	96		28.90625
675	9	Sol4	G4	296	296	1	16	208	95	96		28.9375
676	9	Fa4	F4	287	287	1	8	417	95	96		29
677	53			0	0	0	0	0	0	0		29
678	9	La4b5	A4b5	300	300	1	16	208	95	96	4. Haneye	29.03125
679	9	Si4b5	B4b5	309	309	1	16	208	95	96		29.0625
680	9	Do5	C5	318	318	1	4	833	95	96		29.1875
681	9	Si4b5	B4b5	309	309	1	16	208	95	96		29.21875
682	9	La4b5	A4b5	300	300	1	16	208	95	96		29.25
683	9	La4b5	A4b5	300	300	1	24	139	95	96		29.27083
684	9	Sol4	G4	296	296	1	24	139	95	96		29.29167
685	9	La4b5	A4b5	300	300	1	24	139	95	96		29.3125
686	9	Si4b5	B4b5	309	309	1	4	833	95	96		29.4375
687	9	La4b5	A4b5	300	300	1	16	208	95	96		29.46875
688	9	Sol4	G4	296	296	1	16	208	95	96		29.5
689	9	Sol4	G4	296	296	3	8	1250	95	96		29.6875
690	55			0	0	0	0	0	0	0		29.6875
691	53			0	0	0	0	0	0	0		29.6875
692	9	Si5b5	B5b5	362	362	1	8	417	95	96		29.75
693	9	La5	A5	358	358	1	16	208	95	96		29.78125
694	9	Si5b5	B5b5	362	362	1	16	208	95	96		29.8125
695	9	Do6	C6	371	371	1	16	208	95	96		29.84375
696	9	La5	A5	358	358	1	16	208	95	96		29.875
697	9	Si5b5	B5b5	362	362	1	4	833	95	96		30
698	53			0	0	0	0	0	0	0		30
699	9			-1	-1	1	4	833	100	0		30.125
700	9	Si5b5	B5b5	362	362	1	12	278	95	96	4. HANE	30.16667
701	9	La5	A5	358	358	1	12	278	95	96		30.20833
702	9	Sol5#4	G5#4	353	353	1	12	278	95	96		30.25
703	9	La5	A5	358	358	3	16	625	95	96		30.34375
704	9	Si5b5	B5b5	362	362	1	16	208	95	96		30.375
705	54			0	0	0	0	0	0	0	hicazkar@sol4	30.375
706	9	Do6	C6	371	371	3	16	625	95	96		30.46875
707	9	Si5b5	B5b5	362	362	1	16	208	95	96		30.5
708	9	La5	A5	358	358	3	16	625	95	96		30.59375
709	9	Sol5	G5	349	349	1	16	208	95	96		30.625
710	9	Fa5#4	F5#4	344	344	3	16	625	95	96		30.71875
711	9	Mi5b5	E5b5	331	331	1	16	208	95	96		30.75
712	9	La5	A5	358	358	1	16	208	95	96		30.78125
713	9	Sol5	G5	349	349	1	16	208	95	96		30.8125
714	9	Fa5#4	F5#4	344	344	1	16	208	95	96		30.84375
715	9	Mi5b5	E5b5	331	331	1	16	208	95	96		30.875
716	9	Re5	D5	327	327	1	4	833	95	96		31
717	55			0	0	0	0	0	0	0		31
718	53			0	0	0	0	0	0	0		31
719	9			-1	-1	1	4	833	100	0		31.125
720	54			0	0	0	0	0	0	0	acemasiran@si4b5	31.125
721	9	Re5	D5	327	327	1	8	417	95	96		31.1875
722	9	Sol5	G5	349	349	1	4	833	95	96		31.3125
723	9	La5	A5	358	358	1	8	417	95	96		31.375
724	9	Si5b5	B5b5	362	362	3	16	625	95	96		31.46875
725	9	La5	A5	358	358	1	16	208	95	96		31.5
726	9	Sol5	G5	349	349	1	8	417	95	96		31.5625
727	9	La5	A5	358	358	1	8	417	95	96		31.625
728	9	Si5b5	B5b5	362	362	1	8	417	95	96		31.6875
729	9	Do6	C6	371	371	1	8	417	95	96		31.75
730	9	Re6	D6	380	380	1	8	417	95	96		31.8125
731	9	Do6	C6	371	371	1	16	208	95	96		31.84375
732	9	Si5b5	B5b5	362	362	1	16	208	95	96		31.875
733	9	Si5b5	B5b5	362	362	1	4	833	95	96		32
734	55			0	0	0	0	0	0	0		32
735	53			0	0	0	0	0	0	0		32
736	9			-1	-1	1	4	833	100	0		32.125
737	9	Si5b5	B5b5	362	362	1	8	417	95	96		32.1875
738	9	La5b5	A5b5	353	353	1	8	417	95	96		32.25
739	9	Sol5	G5	349	349	1	8	417	95	96		32.3125
740	9	Fa5	F5	340	340	1	8	417	95	96		32.375
741	9	Mi5b5	E5b5	331	331	1	8	417	95	96		32.4375
742	9	Re5	D5	327	327	1	8	417	95	96		32.5
743	9	La5b5	A5b5	353	353	1	12	278	95	96		32.54167
744	9	Sol5	G5	349	349	1	12	278	95	96		32.58333
745	9	Fa5	F5	340	340	1	12	278	95	96		32.625
746	9	Mi5b5	E5b5	331	331	1	12	278	95	96		32.66667
747	9	Re5	D5	327	327	1	12	278	95	96		32.70833
748	9	Do5	C5	318	318	1	12	278	95	96		32.75
749	9	Fa5	F5	340	340	1	16	208	95	96		32.78125
750	9	Mi5b5	E5b5	331	331	1	16	208	95	96		32.8125
751	9	Re5	D5	327	327	1	16	208	95	96		32.84375
752	9	Do5	C5	318	318	1	16	208	95	96		32.875
753	9	Si4b5	B4b5	309	309	1	4	833	95	96		33
754	53			0	0	0	0	0	0	0		33
755	9			-1	-1	1	8	417	100	0		33.0625
756	54			0	0	0	0	0	0	0	segah@re5b1	33.0625
757	9	Fa5	F5	340	340	1	4	833	95	96		33.1875
758	9	Mi5b5	E5b5	331	331	1	16	208	95	96		33.21875
759	9	Re5	D5	327	327	1	16	208	95	96		33.25
760	9	Mi5b5	E5b5	331	331	3	16	625	95	96		33.34375
761	9	Fa5	F5	340	340	1	16	208	95	96		33.375
762	9	Sol5	G5	349	349	3	16	625	95	96		33.46875
763	9	Fa5	F5	340	340	1	16	208	95	96		33.5
764	9	La5b5	A5b5	353	353	1	12	278	95	96		33.54167
765	9	Sol5	G5	349	349	1	12	278	95	96		33.58333
766	9	Fa5	F5	340	340	1	12	278	95	96		33.625
767	9	Mi5b5	E5b5	331	331	1	16	208	95	96		33.65625
768	9	Re5	D5	327	327	1	16	208	95	96		33.6875
769	9	Mi5b5	E5b5	331	331	1	16	208	95	96		33.71875
770	9	Sol5	G5	349	349	1	16	208	95	96		33.75
771	9	Fa5	F5	340	340	1	16	208	95	96		33.78125
772	9	Mi5b5	E5b5	331	331	1	16	208	95	96		33.8125
773	9	Re5	D5	327	327	1	16	208	95	96		33.84375
774	9	Do5#4	C5#4	322	322	1	16	208	95	96		33.875
775	9	Re5	D5	327	327	1	4	833	95	96		34
776	55			0	0	0	0	0	0	0		34
777	53			0	0	0	0	0	0	0		34
778	9			-1	-1	1	8	417	100	0		34.0625
779	54			0	0	0	0	0	0	0	buselik@do5	34.0625
780	9	Mi5b5	E5b5	331	331	1	4	833	95	96		34.1875
781	9	Mi5b5	E5b5	331	331	1	16	208	95	96		34.21875
782	9	Re5	D5	327	327	1	16	208	95	96		34.25
783	9	Re5	D5	327	327	3	16	625	95	96		34.34375
784	9	Do5	C5	318	318	1	16	208	95	96		34.375
785	9	Do5	C5	318	318	1	4	833	95	96		34.5
786	53			0	0	0	0	0	0	0		34.5
787	9			-1	-1	1	8	417	100	0		34.5625
788	9	Fa5	F5	340	340	1	4	833	95	96		34.6875
789	9	La5b5	A5b5	353	353	1	16	208	95	96		34.71875
790	9	Sol5	G5	349	349	1	16	208	95	96		34.75
791	9	Fa5	F5	340	340	1	16	208	95	96		34.78125
792	9	Mi5b5	E5b5	331	331	1	16	208	95	96		34.8125
793	9	Re5	D5	327	327	1	16	208	95	96		34.84375
794	9	Do5	C5	318	318	1	16	208	95	96		34.875
795	9	Si4b5	B4b5	309	309	1	4	833	95	96		35
796	53			0	0	0	0	0	0	0		35
797	9			-1	-1	1	8	417	100	0		35.0625
798	9	Sol5	G5	349	349	1	8	417	95	96		35.125
799	9	Fa5	F5	340	340	1	8	417	95	96		35.1875
800	9	Mi5b5	E5b5	331	331	1	8	417	95	96		35.25
801	9	Re5	D5	327	327	3	16	625	95	96		35.34375
802	9	Do5	C5	318	318	1	16	208	95	96		35.375
803	9	Do5	C5	318	318	1	8	417	95	96		35.4375
804	9	Re5	D5	327	327	1	16	208	95	96		35.46875
805	9	Do5	C5	318	318	1	16	208	95	96		35.5
806	9	Do5	C5	318	318	3	8	1250	95	96		35.6875
807	55			0	0	0	0	0	0	0		35.6875
808	9	Si4b5	B4b5	309	309	1	8	417	95	96		35.75
809	9	Do5	C5	318	318	1	8	417	95	96		35.8125
810	9	Re5	D5	327	327	1	16	208	95	96		35.84375
811	9	Do5	C5	318	318	1	16	208	95	96		35.875
812	9	Do5	C5	318	318	1	4	833	95	96		36
813	53			0	0	0	0	0	0	0		36
814	54			0	0	0	0	0	0	0	ussak@sol4	36
815	9	Si4b5	B4b5	309	309	1	16	208	95	96		36.03125
816	9	Re5	D5	327	327	1	16	208	95	96	TESLÝM	36.0625
817	9	Do5	C5	318	318	1	16	208	95	96		36.09375
818	9	Re5	D5	327	327	1	16	208	95	96		36.125
819	9	Si4b5	B4b5	309	309	1	16	208	95	96		36.15625
820	9	La4b5	A4b5	300	300	1	16	208	95	96		36.1875
821	9	Sol4	G4	296	296	1	16	208	95	96		36.21875
822	9	Fa4	F4	287	287	1	16	208	95	96		36.25
823	53			0	0	0	0	0	0	0		36.25
824	9	Sol4	G4	296	296	3	16	625	95	96		36.34375
825	9	La4b5	A4b5	300	300	1	16	208	95	96		36.375
826	9	Si4b5	B4b5	309	309	1	8	417	95	96		36.4375
827	9	Do5	C5	318	318	1	8	417	95	96		36.5
828	55			0	0	0	0	0	0	0		36.5
829	54			0	0	0	0	0	0	0	ussak@re5	36.5
830	9	Re5	D5	327	327	1	16	208	95	96		36.53125
831	9	Mi5b5	E5b5	331	331	1	16	208	95	96		36.5625
832	9	Fa5	F5	340	340	1	16	208	95	96		36.59375
833	9	Sol5	G5	349	349	1	16	208	95	96		36.625
834	55			0	0	0	0	0	0	0		36.625
835	9	Fa5	F5	340	340	1	16	208	95	96		36.65625
836	9	Mi5b5	E5b5	331	331	1	16	208	95	96		36.6875
837	9	Re5	D5	327	327	1	16	208	95	96		36.71875
838	9	Do5	C5	318	318	1	16	208	95	96		36.75
839	9	Do5	C5	318	318	1	16	208	95	96		36.78125
840	9	Si4b5	B4b5	309	309	1	16	208	95	96		36.8125
841	9	Si4b5	B4b5	309	309	1	16	208	95	96		36.84375
842	9	La4	A4	305	305	1	16	208	95	96		36.875
843	9	Si4b5	B4b5	309	309	1	4	833	95	96		37
844	53			0	0	0	0	0	0	0		37
845	9			-1	-1	1	8	417	100	0		37.0625
846	9	Fa5	F5	340	340	1	16	208	95	96		37.09375
847	9	Mi5b5	E5b5	331	331	1	16	208	95	96		37.125
848	9	Mi5b5	E5b5	331	331	1	16	208	95	96		37.15625
849	9	Re5	D5	327	327	1	16	208	95	96		37.1875
850	9	Re5	D5	327	327	1	16	208	95	96		37.21875
851	9	Do5	C5	318	318	1	16	208	95	96		37.25
852	9	Do5	C5	318	318	1	16	208	95	96		37.28125
853	9	Si4b5	B4b5	309	309	1	16	208	95	96		37.3125
854	9	Si4b5	B4b5	309	309	1	16	208	95	96		37.34375
855	9	La4b5	A4b5	300	300	1	16	208	95	96		37.375
856	9	La4b5	A4b5	300	300	1	16	208	95	96		37.40625
857	9	Sol4	G4	296	296	1	16	208	95	96		37.4375
858	9	Sol4	G4	296	296	1	16	208	95	96		37.46875
859	9	Fa4	F4	287	287	1	16	208	95	96		37.5
860	53			0	0	0	0	0	0	0		37.5
861	54			0	0	0	0	0	0	0	karcigar@sol4	37.5
862	9	Sol4	G4	296	296	1	16	208	95	96		37.53125
863	9	La4b5	A4b5	300	300	1	16	208	95	96		37.5625
864	9	Si4b5	B4b5	309	309	1	16	208	95	96		37.59375
865	9	Do5	C5	318	318	1	16	208	95	96		37.625
866	9	Fa5	F5	340	340	1	16	208	95	96		37.65625
867	9	Mi5b1	E5b1	335	335	1	16	208	95	96		37.6875
868	9	Re5b4	D5b4	323	323	1	16	208	95	96		37.71875
869	9	Do5	C5	318	318	1	16	208	95	96		37.75
870	9	Do5	C5	318	318	1	16	208	95	96		37.78125
871	9	Si4b5	B4b5	309	309	1	16	208	95	96		37.8125
872	9	Si4b5	B4b5	309	309	1	16	208	95	96		37.84375
873	9	La4	A4	305	305	1	16	208	95	96		37.875
874	9	Si4b5	B4b5	309	309	1	16	208	95	96		37.90625
875	55			0	0	0	0	0	0	0		37.90625
876	9	Re5	D5	327	327	1	8	417	95	96		37.96875
877	9	Do5	C5	318	318	1	16	208	95	96		38
878	9	Si4b5	B4b5	309	309	1	4	833	95	96		38.125
879	53			0	0	0	0	0	0	0		38.125
880	9	Do5	C5	318	318	1	8	417	95	96		38.1875
881	9	Re5	D5	327	327	1	8	417	95	96		38.25
882	9	Mi5b5	E5b5	331	331	1	8	417	95	96		38.3125
883	9	Sol5	G5	349	349	1	8	417	95	96		38.375
884	9	Fa5	F5	340	340	1	8	417	95	96		38.4375
885	9	Mi5b5	E5b5	331	331	1	8	417	95	96		38.5
886	9	Re5	D5	327	327	1	8	417	95	96		38.5625
887	9	Do5	C5	318	318	1	8	417	95	96		38.625
888	9	Do5	C5	318	318	1	8	417	95	96		38.6875
889	9	Re5	D5	327	327	1	8	417	95	96		38.75
890	54			0	0	0	0	0	0	0	ussak@sol4	38.75
891	9	Si4b5	B4b5	309	309	1	8	417	95	96		38.8125
892	9	Do5	C5	318	318	1	16	208	95	96		38.84375
893	9	Si4b5	B4b5	309	309	1	16	208	95	96		38.875
894	9	La4b5	A4b5	300	300	1	16	208	95	96		38.90625
895	9	Sol4	G4	296	296	1	16	208	95	96		38.9375
896	9	Fa4	F4	287	287	1	8	417	95	96		39
897	53			0	0	0	0	0	0	0		39
898	9	La4b5	A4b5	300	300	1	16	208	95	96		39.03125
899	9	Si4b5	B4b5	309	309	1	16	208	95	96		39.0625
900	9	Do5	C5	318	318	1	4	833	95	96	KARAR	39.1875
901	9	Si4b5	B4b5	309	309	1	16	208	95	96		39.21875
902	9	La4b5	A4b5	300	300	1	16	208	95	96		39.25
903	9	La4b5	A4b5	300	300	1	24	139	95	96		39.27083
904	9	Sol4	G4	296	296	1	24	139	95	96		39.29167
905	9	La4b5	A4b5	300	300	1	24	139	95	96		39.3125
906	9	Si4b5	B4b5	309	309	1	4	833	95	96		39.4375
907	9	La4b5	A4b5	300	300	1	16	208	95	96		39.46875
908	9	Sol4	G4	296	296	1	16	208	95	96		39.5
909	9	Sol4	G4	296	296	3	4	2500	95	96		39.875
910	9			-1	-1	1	4	833	100	0		40
911	55			0	0	0	0	0	0	0		40
912	53			0	0	0	0	0	0	0		40
913	0	Es	Sus	-1	-1	0	0	0	100	0		40
