Sýra	Kod	Nota53	NotaAE	Koma53	KomaAE	Pay	Payda	Ms	LNS	Bas	Soz1	Offset
1	9	Re5	D5	327	327	1	4	606	95	96	ARANAÐME 	0.2
2	9	Re5	D5	327	327	1	8	303	95	96	.	0.3
3	9	Sol5	G5	349	349	1	4	606	95	96	.	0.5
4	9	Re5	D5	327	327	1	4	606	95	96	.	0.7
5	9	Sol5	G5	349	349	1	4	606	95	96	.	0.9
6	9			-1	-1	1	8	303	100	0	.	1
7	9	Do5	C5	318	318	1	4	606	95	96	.	1.2
8	9	Do5	C5	318	318	1	8	303	95	96	.	1.3
9	9	Mi5	E5	336	336	1	4	606	95	96	.	1.5
10	9	Do5	C5	318	318	1	4	606	95	96	.	1.7
11	9	Mi5	E5	336	336	1	4	606	95	96	.	1.9
12	9			-1	-1	1	8	303	100	0	.	2
13	9	Re5	D5	327	327	1	4	606	95	96	.	2.2
14	9	Sol5	G5	349	349	1	8	303	95	96	.	2.3
15	9	Fa5	F5	340	340	1	8	303	95	96	.	2.4
16	9	Mi5	E5	336	336	1	8	303	95	96	.	2.5
17	9	Re5	D5	327	327	1	8	303	95	96	.	2.6
18	9	Do5	C5	318	318	1	8	303	95	96	.	2.7
19	9	Si4	B4	314	314	1	8	303	95	96	.	2.8
20	9	La4	A4	305	305	1	8	303	95	96	.	2.9
21	9	Sol4	G4	296	296	1	8	303	95	96	.	3
22	9	La4	A4	305	305	1	8	303	95	96	.	3.1
23	9	Si4	B4	314	314	1	8	303	95	96	.	3.2
24	9	Do5	C5	318	318	1	8	303	95	96	.	3.3
25	9	Re5	D5	327	327	1	8	303	95	96	.	3.4
26	9	Mi5	E5	336	336	1	8	303	95	96	.	3.5
27	9	Fa5#5	F5#5	345	345	3	16	455	95	96	.	3.65
28	9	La5	A5	358	358	1	16	152	95	96	.	3.7
29	9	Sol5	G5	349	349	1	4	606	95	96	.	3.9
30	9			-1	-1	1	8	303	100	0	.	4
31	53			0	0	0	0	0	0	0		4
32	9	Re5	D5	327	327	1	4	606	95	96	.	4.2
33	9	Re5	D5	327	327	1	8	303	95	96	.	4.3
34	9	Sol5	G5	349	349	1	4	606	95	96	.	4.5
35	9	Re5	D5	327	327	1	4	606	95	96	.	4.7
36	9	Sol5	G5	349	349	1	4	606	95	96	.	4.9
37	9			-1	-1	1	8	303	100	0	.	5
38	9	Do5	C5	318	318	1	4	606	95	96	.	5.2
39	9	Do5	C5	318	318	1	8	303	95	96	.	5.3
40	9	Mi5	E5	336	336	1	4	606	95	96	.	5.5
41	9	Do5	C5	318	318	1	4	606	95	96	.	5.7
42	9	Mi5	E5	336	336	1	4	606	95	96	.	5.9
43	9			-1	-1	1	8	303	100	0	.	6
44	9	Re5	D5	327	327	1	4	606	95	96	.	6.2
45	9	Sol5	G5	349	349	1	8	303	95	96	.	6.3
46	9	Fa5	F5	340	340	1	8	303	95	96	.	6.4
47	9	Mi5	E5	336	336	1	8	303	95	96	.	6.5
48	9	Re5	D5	327	327	1	8	303	95	96	.	6.6
49	9	Do5	C5	318	318	1	8	303	95	96	.	6.7
50	9	Si4	B4	314	314	1	8	303	95	96	.	6.8
51	9	La4	A4	305	305	1	8	303	95	96	.	6.9
52	9	Sol4	G4	296	296	1	8	303	95	96	.	7
53	9	La4	A4	305	305	1	8	303	95	96	.	7.1
54	9	Si4	B4	314	314	1	8	303	95	96	.	7.2
55	9	Do5	C5	318	318	1	8	303	95	96	.	7.3
56	9	Si4	B4	314	314	1	8	303	95	96	.	7.4
57	9	La4	A4	305	305	1	8	303	95	96	.	7.5
58	9	Sol4	G4	296	296	1	8	303	95	96	.	7.6
59	9	Fa4#5	F4#5	292	292	1	8	303	95	96	.	7.7
60	9	Sol4	G4	296	296	1	4	606	95	96	.	7.9
61	9			-1	-1	1	8	303	100	0		8
62	53			0	0	0	0	0	0	0		8
63	9	Sol5	G5	349	349	3	8	909	95	96	Zâ	8.3
64	9	Sol5	G5	349	349	1	4	606	95	96	hi	8.5
65	9	Sol5	G5	349	349	1	4	606	95	96	rî 	8.7
66	9	Sol5	G5	349	349	1	4	606	99	96	hâ	8.9
67	9	La5	A5	358	358	1	8	303	95	96		9
68	9	Si5	B5	367	367	1	4	606	99	96	le 	9.2
69	9	La5	A5	358	358	1	8	303	95	96		9.3
70	9	La5	A5	358	358	1	8	303	99	96	ba	9.4
71	9	Sol5	G5	349	349	1	8	303	95	96		9.5
72	9	Sol5	G5	349	349	5	8	1515	95	96	kýp 	10
73	53			0	0	0	0	0	0	0		10
74	9	Do6	C6	371	371	3	8	909	95	96	et	10.3
75	9	Do6	C6	371	371	1	8	303	99	96	me 	10.4
76	9	Si5	B5	367	367	1	8	303	95	96		10.5
77	9	Re6	D6	380	380	1	8	303	99	96	dâ	10.6
78	9	Do6	C6	371	371	1	8	303	95	96		10.7
79	9	Si5	B5	367	367	1	4	606	99	96	hil 	10.9
80	9	La5	A5	358	358	1	8	303	95	96		11
81	9	La5	A5	358	358	1	2	1212	99	96	bir 	11.4
82	9	Sol5	G5	349	349	1	8	303	95	96		11.5
83	9	Fa5#5	F5#5	345	345	1	8	303	99	96	fer	11.6
84	9	Sol5	G5	349	349	1	8	303	99	96		11.7
85	9	La5	A5	358	358	1	4	606	99	96		11.9
86	9	Sol5	G5	349	349	1	8	303	95	96		12
87	9	Sol5	G5	349	349	1	4	606	95	96	di  	12.2
88	53			0	0	0	0	0	0	0		12.2
89	9	Fa5#5	F5#5	345	345	1	8	303	95	96	SAZ 	12.3
90	9	Mi5	E5	336	336	1	8	303	95	96	.	12.4
91	9	Re5	D5	327	327	1	8	303	95	96	.	12.5
92	9	Re5	D5	327	327	1	8	303	95	96	.	12.6
93	9	Do5	C5	318	318	1	8	303	95	96	.	12.7
94	9	Si4	B4	314	314	1	8	303	95	96	.	12.8
95	9	La4	A4	305	305	1	8	303	95	96	.	12.9
96	9	Sol4	G4	296	296	1	8	303	95	96	.	13
97	53			0	0	0	0	0	0	0		13
98	9	Sol5	G5	349	349	3	8	909	95	96	Zâ	13.3
99	9	Sol5	G5	349	349	1	4	606	95	96	hi	13.5
100	9	Sol5	G5	349	349	1	4	606	95	96	rî 	13.7
101	9	Sol5	G5	349	349	1	4	606	99	96	hâ	13.9
102	9	La5	A5	358	358	1	8	303	95	96		14
103	9	Si5	B5	367	367	1	4	606	99	96	le 	14.2
104	9	La5	A5	358	358	1	8	303	95	96		14.3
105	9	La5	A5	358	358	1	8	303	99	96	ba	14.4
106	9	Sol5	G5	349	349	1	8	303	95	96		14.5
107	9	Sol5	G5	349	349	5	8	1515	95	96	kýp 	15
108	53			0	0	0	0	0	0	0		15
109	9	Do6	C6	371	371	3	8	909	95	96	et	15.3
110	9	Do6	C6	371	371	1	8	303	99	96	me 	15.4
111	9	Si5	B5	367	367	1	8	303	95	96		15.5
112	9	Re6	D6	380	380	1	8	303	99	96	dâ	15.6
113	9	Do6	C6	371	371	1	8	303	95	96		15.7
114	9	Si5	B5	367	367	1	4	606	99	96	hil 	15.9
115	9	La5	A5	358	358	1	8	303	95	96		16
116	9	La5	A5	358	358	1	2	1212	99	96	bir 	16.4
117	9	Sol5	G5	349	349	1	8	303	95	96		16.5
118	9	Fa5#5	F5#5	345	345	1	8	303	99	96	fer	16.6
119	9	Sol5	G5	349	349	1	8	303	99	96		16.7
120	9	La5	A5	358	358	1	4	606	99	96		16.9
121	9	Sol5	G5	349	349	1	8	303	95	96		17
122	9	Sol5	G5	349	349	3	8	909	95	96	di  	17.3
123	53			0	0	0	0	0	0	0		17.3
124	9	Re5	D5	327	327	1	4	606	95	96	SAZ 	17.5
125	9	Mi5	E5	336	336	1	8	303	95	96	.	17.6
126	9	Fa5#5	F5#5	345	345	1	8	303	95	96	.	17.7
127	9	Sol5	G5	349	349	1	4	606	95	96	.	17.9
128	9			-1	-1	1	8	303	100	0		18
129	53			0	0	0	0	0	0	0		18
130	9	Re5	D5	327	327	3	8	909	95	96	Çe	18.3
131	9	Sol5	G5	349	349	1	4	606	95	96	ki	18.5
132	9	Sol5	G5	349	349	1	8	303	99	96	lir 	18.6
133	9	Fa5#5	F5#5	345	345	1	8	303	99	96		18.7
134	9	Sol5	G5	349	349	1	4	606	99	96		18.9
135	9	Re5	D5	327	327	1	8	303	95	96		19
136	9	Re5	D5	327	327	1	4	606	99	96	çi	19.2
137	9	Mi5	E5	336	336	1	8	303	95	96		19.3
138	9	Fa5	F5	340	340	1	4	606	95	96	le 	19.5
139	9	Fa5	F5	340	340	1	8	303	99	96	de	19.6
140	9	Mi5	E5	336	336	1	8	303	95	96		19.7
141	9	Mi5	E5	336	336	1	4	606	99	96	ðil 	19.9
142	9	Re5	D5	327	327	1	8	303	95	96		20
143	9	Do5	C5	318	318	1	4	606	99	96	çî	20.2
144	9	Re5	D5	327	327	1	8	303	95	96		20.3
145	9	Mi5	E5	336	336	1	4	606	95	96	le 	20.5
146	9	Mi5	E5	336	336	1	8	303	99	96	i 	20.6
147	9	Re5	D5	327	327	1	8	303	95	96		20.7
148	9	Sol5	G5	349	349	1	4	606	99	96	germ_	20.9
149	9	Fa5	F5	340	340	1	8	303	95	96		21
150	9	Fa5	F5	340	340	1	4	606	99	96	ü 	21.2
151	9	Mi5	E5	336	336	1	8	303	95	96		21.3
152	9	Mi5	E5	336	336	1	8	303	99	96	ser	21.4
153	9	Re5	D5	327	327	1	8	303	99	96		21.5
154	9	Re5	D5	327	327	1	8	303	99	96		21.6
155	9	Do5	C5	318	318	1	8	303	99	96		21.7
156	9	Do5	C5	318	318	1	4	606	99	96		21.9
157	9	Si4b1	B4b1	313	313	1	8	303	95	96		22
158	9	Si4b1	B4b1	313	313	5	8	1515	95	96	di  	22.5
159	53			0	0	0	0	0	0	0		22.5
160	9	Do5	C5	318	318	1	8	303	95	96	SAZ 	22.6
161	9	Si4b1	B4b1	313	313	1	16	152	95	96	.	22.65
162	9	La4#4	A4#4	309	309	1	16	152	95	96	.	22.7
163	9	Si4b1	B4b1	313	313	1	4	606	95	96	.	22.9
164	9			-1	-1	1	8	303	100	0		23
165	53			0	0	0	0	0	0	0		23
166	9	Do5	C5	318	318	1	4	606	99	96	Çe	23.2
167	9	Si4b1	B4b1	313	313	1	8	303	95	96		23.3
168	9	Si4b1	B4b1	313	313	1	8	303	99	96	ki	23.4
169	9	La4	A4	305	305	1	8	303	95	96		23.5
170	9	La4	A4	305	305	5	8	1515	95	96	lir 	24
171	9	Re5	D5	327	327	3	8	909	95	96	çil	24.3
172	9	Mi5	E5	336	336	1	4	606	95	96	le 	24.5
173	9	Mi5	E5	336	336	1	8	303	99	96	de	24.6
174	9	La5	A5	358	358	1	8	303	95	96		24.7
175	9	Mi5	E5	336	336	1	4	606	99	96	ðil 	24.9
176	9	Re5	D5	327	327	1	8	303	95	96		25
177	53			0	0	0	0	0	0	0		25
178	9	Re5	D5	327	327	1	4	606	99	96	çil	25.2
179	9	Do5	C5	318	318	1	8	303	95	96		25.3
180	9	Do5	C5	318	318	1	4	606	95	96	le 	25.5
181	9	Do5	C5	318	318	1	4	606	95	96	i 	25.7
182	9	Do5	C5	318	318	1	4	606	99	96	germ_	25.9
183	9	Si4	B4	314	314	1	8	303	95	96		26
184	9	Si4	B4	314	314	3	8	909	95	96	ü 	26.3
185	9	Si4	B4	314	314	1	8	303	99	96	ser	26.4
186	9	La4	A4	305	305	1	8	303	99	96		26.5
187	9	La4	A4	305	305	1	8	303	99	96		26.6
188	9	Sol4	G4	296	296	1	8	303	99	96		26.7
189	9	Si4	B4	314	314	1	8	303	99	96		26.8
190	9	La4	A4	305	305	1	8	303	99	96		26.9
191	9	Sol4	G4	296	296	1	8	303	95	96		27
192	9	Sol4	G4	296	296	1	4	606	95	96	di  	27.2
193	53			0	0	0	0	0	0	0		27.2
194	54			0	0	0	0	0	0	0	suzinak@sol4	27.2
195	9	Mi5	E5	336	336	1	8	303	95	96	SAZ 	27.3
196	9	Re5	D5	327	327	1	8	303	95	96	.	27.4
197	9	Do5	C5	318	318	1	8	303	95	96	.	27.5
198	9	Si4	B4	314	314	1	8	303	95	96	.	27.6
199	9	Do5	C5	318	318	1	8	303	95	96	.	27.7
200	9	Re5	D5	327	327	1	4	606	95	96	.	27.9
201	9			-1	-1	1	8	303	100	0		28
202	53			0	0	0	0	0	0	0		28
203	9	Do5	C5	318	318	3	8	909	95	96	Ken	28.3
204	9	Re5	D5	327	327	1	4	606	95	96	di 	28.5
205	9	Re5	D5	327	327	5	8	1515	95	96	hâ	29
206	9	Re5	D5	327	327	1	4	606	99	96	lin	29.2
207	9	Mi5b3	E5b4	333	332	1	8	303	95	96		29.3
208	9	Fa5#4	F5#4	344	344	1	8	303	99	96	ce 	29.4
209	9	Sol5	G5	349	349	1	8	303	95	96		29.5
210	9	Fa5#4	F5#4	344	344	1	8	303	99	96	o	29.6
211	9	Mi5b3	E5b4	333	332	1	8	303	95	96		29.7
212	9	Re5	D5	327	327	1	4	606	95	96	lur 	29.9
213	9			-1	-1	1	8	303	100	0		30
214	53			0	0	0	0	0	0	0		30
215	9	Re5	D5	327	327	1	4	606	99	96	her 	30.2
216	9	Do5	C5	318	318	1	8	303	95	96		30.3
217	9	Do5	C5	318	318	1	8	303	99	96	ki	30.4
218	9	Si4b1	B4b1	313	313	1	8	303	95	96		30.5
219	9	Si4b1	B4b1	313	313	1	4	606	95	96	þi	30.7
220	9	Sol5	G5	349	349	3	8	909	95	96	nin 	31
221	9	Sol5	G5	349	349	1	16	152	99	96	bir 	31.05
222	9	Fa5#4	F5#4	344	344	1	16	152	99	96		31.1
223	9	Sol5	G5	349	349	1	16	152	99	96		31.15
224	9	La5	A5	358	358	1	16	152	99	96		31.2
225	9	Fa5#4	F5#4	344	344	1	4	606	99	96		31.4
226	9	Mi5b3	E5b4	333	332	1	8	303	95	96		31.5
227	9	Fa5#3	F5#4	343	344	1	8	303	99	96	der	31.6
228	9	Mi5b3	E5b4	333	332	1	8	303	99	96		31.7
229	9	Mi5b3	E5b4	333	332	1	4	606	99	96		31.9
230	9	Re5	D5	327	327	1	8	303	95	96		32
231	9	Re5	D5	327	327	1	4	606	95	96	di  	32.2
232	53			0	0	0	0	0	0	0		32.2
233	9	Mi5	E5	336	336	1	8	303	95	96	SAZ 	32.3
234	9	Re5	D5	327	327	1	8	303	95	96	.	32.4
235	9	Do5	C5	318	318	1	8	303	95	96	.	32.5
236	9	Si4	B4	314	314	1	8	303	95	96	.	32.6
237	9	La4	A4	305	305	1	8	303	95	96	.	32.7
238	9	Sol4	G4	296	296	1	4	606	95	96	.	32.9
239	9			-1	-1	1	8	303	100	0		33
240	53			0	0	0	0	0	0	0		33
241	9	Do5	C5	318	318	3	8	909	95	96	Ken	33.3
242	9	Re5	D5	327	327	1	4	606	95	96	di 	33.5
243	9	Re5	D5	327	327	5	8	1515	95	96	hâ	34
244	9	Re5	D5	327	327	1	4	606	99	96	lin	34.2
245	9	Mi5b3	E5b4	333	332	1	8	303	95	96		34.3
246	9	Fa5#4	F5#4	344	344	1	8	303	99	96	ce 	34.4
247	9	Sol5	G5	349	349	1	8	303	95	96		34.5
248	9	Fa5#4	F5#4	344	344	1	8	303	99	96	o	34.6
249	9	Mi5b3	E5b4	333	332	1	8	303	95	96		34.7
250	9	Re5	D5	327	327	1	4	606	95	96	lur 	34.9
251	9			-1	-1	1	8	303	100	0		35
252	53			0	0	0	0	0	0	0		35
253	9	Re5	D5	327	327	1	4	606	99	96	her 	35.2
254	9	Do5	C5	318	318	1	8	303	95	96		35.3
255	9	Do5	C5	318	318	1	8	303	99	96	ki	35.4
256	9	Si4b1	B4b1	313	313	1	8	303	95	96		35.5
257	9	Si4b1	B4b1	313	313	1	4	606	95	96	þi	35.7
258	9	Sol5	G5	349	349	3	8	909	95	96	nin 	36
259	9	Sol5	G5	349	349	1	16	152	99	96	bir 	36.05
260	9	Fa5#4	F5#4	344	344	1	16	152	99	96		36.1
261	9	Sol5	G5	349	349	1	16	152	99	96		36.15
262	9	La5	A5	358	358	1	16	152	99	96		36.2
263	9	Fa5#4	F5#4	344	344	1	4	606	99	96		36.4
264	9	Mi5b3	E5b4	333	332	1	8	303	95	96		36.5
265	9	Fa5#3	F5#4	343	344	1	8	303	99	96	der	36.6
266	9	Mi5b3	E5b4	333	332	1	8	303	99	96		36.7
267	9	Mi5b3	E5b4	333	332	1	4	606	99	96		36.9
268	9	Re5	D5	327	327	1	8	303	95	96		37
269	9	Re5	D5	327	327	5	8	1515	95	96	di  	37.5
270	53			0	0	0	0	0	0	0		37.5
271	9	Mi5	E5	336	336	1	8	303	95	96	SAZ 	37.6
272	9	Fa5#5	F5#5	345	345	1	8	303	95	96	.	37.7
273	9	Sol5	G5	349	349	1	4	606	95	96	.	37.9
274	9			-1	-1	1	8	303	100	0		38
275	53			0	0	0	0	0	0	0		38
276	9	Re5	D5	327	327	3	8	909	95	96	Tü	38.3
277	9	Sol5	G5	349	349	1	4	606	95	96	ke	38.5
278	9	Sol5	G5	349	349	1	8	303	99	96	nir 	38.6
279	9	Fa5#5	F5#5	345	345	1	8	303	99	96		38.7
280	9	Sol5	G5	349	349	3	8	909	95	96		39
281	9	Fa5#4	F5#4	344	344	1	4	606	99	96	mi 	39.2
282	9	Mi5b3	E5b4	333	332	1	8	303	95	96		39.3
283	9	Mi5b3	E5b4	333	332	1	8	303	99	96	fe	39.4
284	9	Fa5#4	F5#4	344	344	1	8	303	95	96		39.5
285	9	Mi5b3	E5b4	333	332	1	8	303	99	96	le	39.6
286	9	Re5	D5	327	327	1	8	303	95	96		39.7
287	9	Re5	D5	327	327	1	4	606	95	96	ðin 	39.9
288	9			-1	-1	1	8	303	100	0		40
289	53			0	0	0	0	0	0	0		40
290	9	Re5	D5	327	327	1	4	606	99	96	mih	40.2
291	9	Do5	C5	318	318	1	8	303	95	96		40.3
292	9	Do5	C5	318	318	1	8	303	99	96	net_	40.4
293	9	Si4b1	B4b1	313	313	1	8	303	95	96		40.5
294	9	Si4b1	B4b1	313	313	1	4	606	95	96	i 	40.7
295	9	Sol5	G5	349	349	3	8	909	95	96	germ_	41
296	9	Sol5	G5	349	349	1	16	152	99	96	ü 	41.05
297	9	Fa5#4	F5#4	344	344	1	16	152	99	96		41.1
298	9	Sol5	G5	349	349	1	16	152	99	96		41.15
299	9	La5	A5	358	358	1	16	152	99	96		41.2
300	9	Fa5#3	F5#4	343	344	1	4	606	99	96		41.4
301	9	Mi5b3	E5b4	333	332	1	8	303	95	96		41.5
302	9	Sol5	G5	349	349	1	8	303	99	96	ser	41.6
303	9	Fa5#3	F5#4	343	344	1	8	303	99	96		41.7
304	9	Mi5b3	E5b4	333	332	1	4	606	99	96		41.9
305	9	Re5	D5	327	327	1	8	303	95	96		42
306	9	Re5	D5	327	327	1	4	606	95	96	di  	42.2
307	53			0	0	0	0	0	0	0		42.2
308	9	Mi5b3	E5b4	333	332	1	8	303	95	96	SAZ 	42.3
309	9	Re5	D5	327	327	1	8	303	95	96	.	42.4
310	9	Do5	C5	318	318	1	8	303	95	96	.	42.5
311	9	Si4	B4	314	314	1	8	303	95	96	.	42.6
312	9	Do5	C5	318	318	1	8	303	95	96	.	42.7
313	9	Re5	D5	327	327	1	4	606	95	96	.	42.9
314	9			-1	-1	1	8	303	100	0		43
315	55			0	0	0	0	0	0	0		43
316	53			0	0	0	0	0	0	0		43
317	9	Re5	D5	327	327	3	8	909	95	96	Çe	43.3
318	9	Sol5	G5	349	349	1	4	606	95	96	ki	43.5
319	9	Sol5	G5	349	349	1	8	303	99	96	lir 	43.6
320	9	Fa5#5	F5#5	345	345	1	8	303	99	96		43.7
321	9	Sol5	G5	349	349	1	4	606	99	96		43.9
322	9	Re5	D5	327	327	1	8	303	95	96		44
323	9	Re5	D5	327	327	1	4	606	99	96	çi	44.2
324	9	Mi5	E5	336	336	1	8	303	95	96		44.3
325	9	Fa5	F5	340	340	1	4	606	95	96	le 	44.5
326	9	Fa5	F5	340	340	1	8	303	99	96	de	44.6
327	9	Mi5	E5	336	336	1	8	303	95	96		44.7
328	9	Mi5	E5	336	336	1	4	606	99	96	ðil 	44.9
329	9	Re5	D5	327	327	1	8	303	95	96		45
330	9	Do5	C5	318	318	1	4	606	99	96	çî	45.2
331	9	Re5	D5	327	327	1	8	303	95	96		45.3
332	9	Mi5	E5	336	336	1	4	606	95	96	le 	45.5
333	9	Mi5	E5	336	336	1	8	303	99	96	i 	45.6
334	9	Re5	D5	327	327	1	8	303	95	96		45.7
335	9	Sol5	G5	349	349	1	4	606	99	96	germ_	45.9
336	9	Fa5	F5	340	340	1	8	303	95	96		46
337	9	Fa5	F5	340	340	1	4	606	99	96	ü 	46.2
338	9	Mi5	E5	336	336	1	8	303	95	96		46.3
339	9	Mi5	E5	336	336	1	8	303	99	96	ser	46.4
340	9	Re5	D5	327	327	1	8	303	99	96		46.5
341	9	Re5	D5	327	327	1	8	303	99	96		46.6
342	9	Do5	C5	318	318	1	8	303	99	96		46.7
343	9	Do5	C5	318	318	1	4	606	99	96		46.9
344	9	Si4b1	B4b1	313	313	1	8	303	95	96		47
345	9	Si4b1	B4b1	313	313	5	8	1515	95	96	di  	47.5
346	53			0	0	0	0	0	0	0		47.5
347	9	Do5	C5	318	318	1	8	303	95	96	SAZ 	47.6
348	9	Si4b1	B4b1	313	313	1	16	152	95	96	.	47.65
349	9	La4#4	A4#4	309	309	1	16	152	95	96	.	47.7
350	9	Si4b1	B4b1	313	313	1	4	606	95	96	.	47.9
351	9			-1	-1	1	8	303	100	0		48
352	53			0	0	0	0	0	0	0		48
353	9	Do5	C5	318	318	1	4	606	99	96	Çe	48.2
354	9	Si4b1	B4b1	313	313	1	8	303	95	96		48.3
355	9	Si4b1	B4b1	313	313	1	8	303	99	96	ki	48.4
356	9	La4	A4	305	305	1	8	303	95	96		48.5
357	9	La4	A4	305	305	5	8	1515	95	96	lir 	49
358	9	Re5	D5	327	327	3	8	909	95	96	çil	49.3
359	9	Mi5	E5	336	336	1	4	606	95	96	le 	49.5
360	9	Mi5	E5	336	336	1	8	303	99	96	de	49.6
361	9	La5	A5	358	358	1	8	303	95	96		49.7
362	9	Mi5	E5	336	336	1	4	606	99	96	ðil 	49.9
363	9	Re5	D5	327	327	1	8	303	95	96		50
364	53			0	0	0	0	0	0	0		50
365	9	Re5	D5	327	327	1	4	606	99	96	çil	50.2
366	9	Do5	C5	318	318	1	8	303	95	96		50.3
367	9	Do5	C5	318	318	1	4	606	95	96	le 	50.5
368	9	Do5	C5	318	318	1	4	606	95	96	i 	50.7
369	9	Do5	C5	318	318	1	4	606	99	96	germ_	50.9
370	9	Si4	B4	314	314	1	8	303	95	96		51
371	9	Si4	B4	314	314	3	8	909	95	96	ü 	51.3
372	9	Si4	B4	314	314	1	8	303	99	96	ser	51.4
373	9	La4	A4	305	305	1	8	303	99	96		51.5
374	9	La4	A4	305	305	1	8	303	99	96		51.6
375	9	Sol4	G4	296	296	1	8	303	99	96		51.7
376	9	Si4	B4	314	314	1	8	303	99	96		51.8
377	9	La4	A4	305	305	1	8	303	99	96		51.9
378	9	Sol4	G4	296	296	1	8	303	95	96		52
379	9	Sol4	G4	296	296	1	4	606	95	96	vay  	52.2
380	53			0	0	0	0	0	0	0		52.2
381	9	Mi5	E5	336	336	1	8	303	95	96	SAZ 	52.3
382	9	Re5	D5	327	327	1	8	303	95	96	KARAR	52.4
383	9	Do5	C5	318	318	1	8	303	95	96	.	52.5
384	9	Si4b1	B4b1	313	313	1	8	303	95	96	.	52.6
385	9	La4	A4	305	305	1	8	303	95	96	.	52.7
386	9	Sol4	G4	296	296	1	4	606	95	96	.	52.9
387	9			-1	-1	1	8	303	100	0		53
388	53			0	0	0	0	0	0	0		53
389	0	Es	Sus	-1	-1	0	0	0	100	0		53
