Sýra	Kod	Nota53	NotaAE	Koma53	KomaAE	Pay	Payda	Ms	LNS	Bas	Soz1	Offset
1	9	Re5	D5	327	327	1	8	227	95	96	ARANAÐME 	0.125
2	9	Sol5	G5	349	349	1	4	455	95	96	.	0.375
3	9	Fa5#5	F5#5	345	345	1	8	227	95	96	.	0.5
4	9	Sol5	G5	349	349	1	2	909	95	96	.	1
5	9			-1	-1	1	8	227	100	0	.	1.125
6	9	La5	A5	358	358	1	8	227	95	96	.	1.25
7	9	Sol5	G5	349	349	1	8	227	95	96	.	1.375
8	9	Fa5#5	F5#5	345	345	1	8	227	95	96	.	1.5
9	9	Sol5	G5	349	349	1	8	227	95	96	.	1.625
10	9	Fa5#5	F5#5	345	345	1	8	227	95	96	.	1.75
11	9	Mi5	E5	336	336	1	8	227	95	96	.	1.875
12	9	Fa5#5	F5#5	345	345	1	8	227	95	96	.	2
13	9	Re5	D5	327	327	3	8	682	95	96	.	2.375
14	53			0	0	0	0	0	0	0		2.375
15	9	Do5	C5	318	318	1	16	114	95	96	.	2.4375
16	9	Si4	B4	314	314	1	16	114	95	96	.	2.5
17	9	La4	A4	305	305	1	16	114	95	96	.	2.5625
18	9	Sol4	G4	296	296	1	16	114	95	96	.	2.625
19	9	Fa4#5	F4#5	292	292	1	16	114	95	96	.	2.6875
20	9	Mi4	E4	283	283	1	16	114	95	96	.	2.75
21	9	Re4	D4	274	274	1	4	455	95	96	.	3
22	53			0	0	0	0	0	0	0		3
23	9	Re5	D5	327	327	1	8	227	95	96	.	3.125
24	9	Fa5#5	F5#5	345	345	1	4	455	95	96	.	3.375
25	9	Sol5	G5	349	349	1	8	227	95	96	.	3.5
26	9	La5	A5	358	358	1	2	909	95	96	.	4
27	9			-1	-1	1	8	227	100	0	.	4.125
28	9	Do6	C6	371	371	1	8	227	95	96	.	4.25
29	9	Si5	B5	367	367	1	8	227	95	96	.	4.375
30	9	La5	A5	358	358	1	8	227	95	96	.	4.5
31	9	Sol5	G5	349	349	1	8	227	95	96	.	4.625
32	9	Fa5#5	F5#5	345	345	1	8	227	95	96	.	4.75
33	9	Mi5	E5	336	336	1	8	227	95	96	.	4.875
34	9	Fa5#5	F5#5	345	345	1	8	227	95	96	.	5
35	9	Sol5	G5	349	349	3	8	682	95	96	.	5.375
36	53			0	0	0	0	0	0	0		5.375
37	9	Fa5#5	F5#5	345	345	1	16	114	95	96	.	5.4375
38	9	Mi5	E5	336	336	1	16	114	95	96	.	5.5
39	9	Re5	D5	327	327	1	16	114	95	96	.	5.5625
40	9	Do5	C5	318	318	1	16	114	95	96	.	5.625
41	9	Si4	B4	314	314	1	16	114	95	96	.	5.6875
42	9	La4	A4	305	305	1	16	114	95	96	.	5.75
43	9	Sol4	G4	296	296	1	4	455	95	96	.	6
44	53			0	0	0	0	0	0	0		6
45	9	Re5	D5	327	327	1	8	227	95	96	ARANAÐME 	6.125
46	9	Sol5	G5	349	349	1	4	455	95	96	.	6.375
47	9	Fa5#5	F5#5	345	345	1	8	227	95	96	.	6.5
48	9	Sol5	G5	349	349	1	2	909	95	96	.	7
49	9			-1	-1	1	8	227	100	0	.	7.125
50	9	La5	A5	358	358	1	8	227	95	96	.	7.25
51	9	Sol5	G5	349	349	1	8	227	95	96	.	7.375
52	9	Fa5#5	F5#5	345	345	1	8	227	95	96	.	7.5
53	9	Sol5	G5	349	349	1	8	227	95	96	.	7.625
54	9	Fa5#5	F5#5	345	345	1	8	227	95	96	.	7.75
55	9	Mi5	E5	336	336	1	8	227	95	96	.	7.875
56	9	Fa5#5	F5#5	345	345	1	8	227	95	96	.	8
57	9	Re5	D5	327	327	3	8	682	95	96	.	8.375
58	53			0	0	0	0	0	0	0		8.375
59	9	Do5	C5	318	318	1	16	114	95	96	.	8.4375
60	9	Si4	B4	314	314	1	16	114	95	96	.	8.5
61	9	La4	A4	305	305	1	16	114	95	96	.	8.5625
62	9	Sol4	G4	296	296	1	16	114	95	96	.	8.625
63	9	Fa4#5	F4#5	292	292	1	16	114	95	96	.	8.6875
64	9	Mi4	E4	283	283	1	16	114	95	96	.	8.75
65	9	Re4	D4	274	274	1	4	455	95	96	.	9
66	53			0	0	0	0	0	0	0		9
67	9	Re5	D5	327	327	1	8	227	95	96	.	9.125
68	9	Fa5#5	F5#5	345	345	1	4	455	95	96	.	9.375
69	9	Sol5	G5	349	349	1	8	227	95	96	.	9.5
70	9	La5	A5	358	358	1	2	909	95	96	.	10
71	9			-1	-1	1	8	227	100	0	.	10.125
72	9	Do6	C6	371	371	1	8	227	95	96	.	10.25
73	9	Si5	B5	367	367	1	8	227	95	96	.	10.375
74	9	La5	A5	358	358	1	8	227	95	96	.	10.5
75	9	Sol5	G5	349	349	1	8	227	95	96	.	10.625
76	9	Fa5#5	F5#5	345	345	1	8	227	95	96	.	10.75
77	9	Mi5	E5	336	336	1	8	227	95	96	.	10.875
78	9	Fa5#5	F5#5	345	345	1	8	227	95	96	.	11
79	9	Sol5	G5	349	349	3	8	682	95	96	.	11.375
80	9	Re5	D5	327	327	1	8	227	95	96	.	11.5
81	9	Mi5	E5	336	336	1	8	227	95	96	.	11.625
82	9	Fa5#5	F5#5	345	345	1	8	227	95	96	.	11.75
83	9	Sol5	G5	349	349	1	4	455	95	96	.	12
84	53			0	0	0	0	0	0	0		12
85	9			-1	-1	1	8	227	100	0	.	12.125
86	9	Do6	C6	371	371	1	8	227	95	96	.	12.25
87	9	Si5	B5	367	367	1	8	227	95	96	.	12.375
88	9	La5	A5	358	358	1	8	227	95	96	.	12.5
89	9	Sol5	G5	349	349	1	8	227	95	96	.	12.625
90	9	Fa5#5	F5#5	345	345	1	8	227	95	96	.	12.75
91	9	Mi5	E5	336	336	1	8	227	95	96	.	12.875
92	9	Re5	D5	327	327	1	8	227	95	96	.	13
93	9	Do5	C5	318	318	1	8	227	95	96	.	13.125
94	9	Si4	B4	314	314	1	8	227	95	96	.	13.25
95	9	La4	A4	305	305	1	8	227	95	96	.	13.375
96	9	Sol4	G4	296	296	1	8	227	95	96	.	13.5
97	9	Do5	C5	318	318	1	2	909	95	96	.	14
98	53			0	0	0	0	0	0	0		14
99	9			-1	-1	1	8	227	100	0	.	14.125
100	9	Do5	C5	318	318	1	8	227	95	96	.	14.25
101	9	Si4	B4	314	314	1	8	227	95	96	.	14.375
102	9	La4	A4	305	305	1	8	227	95	96	.	14.5
103	9	Si4	B4	314	314	1	8	227	95	96	.	14.625
104	9	La4	A4	305	305	1	8	227	95	96	.	14.75
105	9	Sol4	G4	296	296	1	8	227	95	96	.	14.875
106	9	Fa4#5	F4#5	292	292	1	8	227	95	96	.	15
107	9	Sol4	G4	296	296	3	8	682	95	96	.	15.375
108	53			0	0	0	0	0	0	0		15.375
109	9	La4	A4	305	305	1	16	114	95	96	.	15.4375
110	9	Si4	B4	314	314	1	16	114	95	96	.	15.5
111	9	Do5	C5	318	318	1	16	114	95	96	.	15.5625
112	9	Re5	D5	327	327	1	16	114	95	96	.	15.625
113	9	Mi5	E5	336	336	1	16	114	95	96	.	15.6875
114	9	Fa5#5	F5#5	345	345	1	16	114	95	96	.	15.75
115	9	Sol5	G5	349	349	1	4	455	95	96	.	16
116	53			0	0	0	0	0	0	0		16
117	9			-1	-1	1	8	227	100	0	.	16.125
118	9	Do6	C6	371	371	1	8	227	95	96	.	16.25
119	9	Si5	B5	367	367	1	8	227	95	96	.	16.375
120	9	La5	A5	358	358	1	8	227	95	96	.	16.5
121	9	Sol5	G5	349	349	1	8	227	95	96	.	16.625
122	9	Fa5#5	F5#5	345	345	1	8	227	95	96	.	16.75
123	9	Mi5	E5	336	336	1	8	227	95	96	.	16.875
124	9	Re5	D5	327	327	1	8	227	95	96	.	17
125	9	Do5	C5	318	318	1	8	227	95	96	.	17.125
126	9	Si4	B4	314	314	1	8	227	95	96	.	17.25
127	9	La4	A4	305	305	1	8	227	95	96	.	17.375
128	9	Sol4	G4	296	296	1	8	227	95	96	.	17.5
129	9	Do5	C5	318	318	1	2	909	95	96	.	18
130	53			0	0	0	0	0	0	0		18
131	9			-1	-1	1	8	227	100	0	.	18.125
132	9	Do5	C5	318	318	1	8	227	95	96	.	18.25
133	9	Si4	B4	314	314	1	8	227	95	96	.	18.375
134	9	La4	A4	305	305	1	8	227	95	96	.	18.5
135	9	Si4	B4	314	314	1	8	227	95	96	.	18.625
136	9	La4	A4	305	305	1	8	227	95	96	.	18.75
137	9	Sol4	G4	296	296	1	8	227	95	96	.	18.875
138	9	Fa4#5	F4#5	292	292	1	8	227	95	96	.	19
139	9	Sol4	G4	296	296	3	8	682	95	96	.	19.375
140	53			0	0	0	0	0	0	0		19.375
141	9	Re4	D4	274	274	1	8	227	95	96	.	19.5
142	9	Mi4	E4	283	283	1	8	227	95	96	.	19.625
143	9	Fa4#5	F4#5	292	292	1	8	227	95	96	.	19.75
144	9	Sol4	G4	296	296	1	4	455	95	96	.	20
145	53			0	0	0	0	0	0	0		20
146	9	Re5	D5	327	327	1	8	227	95	96	Pe	20.125
147	9	Sol5	G5	349	349	1	4	455	95	96	tek 	20.375
148	9	Fa5#5	F5#5	345	345	1	8	227	95	96	pe	20.5
149	9	Sol5	G5	349	349	1	2	909	95	96	tek 	21
150	9			-1	-1	1	8	227	100	0		21.125
151	9	La5	A5	358	358	1	8	227	99	96	bal 	21.25
152	9	Sol5	G5	349	349	1	8	227	99	96		21.375
153	9	Fa5#5	F5#5	345	345	1	8	227	99	96		21.5
154	9	Sol5	G5	349	349	1	4	455	95	96		21.75
155	9	Mi5	E5	336	336	1	8	227	95	96	gi	21.875
156	9	Fa5#5	F5#5	345	345	1	8	227	95	96	bi	22
157	9	Re5	D5	327	327	3	8	682	95	96	sin  	22.375
158	53			0	0	0	0	0	0	0		22.375
159	9	Do5	C5	318	318	1	16	114	95	96	SAZ	22.4375
160	9	Si4	B4	314	314	1	16	114	95	96	.	22.5
161	9	La4	A4	305	305	1	16	114	95	96	.	22.5625
162	9	Sol4	G4	296	296	1	16	114	95	96	.	22.625
163	9	Fa4#5	F4#5	292	292	1	16	114	95	96	.	22.6875
164	9	Mi4	E4	283	283	1	16	114	95	96	.	22.75
165	9	Re4	D4	274	274	1	4	455	95	96	.	23
166	53			0	0	0	0	0	0	0		23
167	9	Re5	D5	327	327	1	8	227	95	96	Çi	23.125
168	9	Fa5#5	F5#5	345	345	1	4	455	95	96	çek 	23.375
169	9	Sol5	G5	349	349	1	8	227	95	96	çi	23.5
170	9	La5	A5	358	358	1	2	909	95	96	çek 	24
171	9			-1	-1	1	8	227	100	0		24.125
172	9	Do6	C6	371	371	1	8	227	99	96	dal 	24.25
173	9	Si5	B5	367	367	1	8	227	99	96		24.375
174	9	La5	A5	358	358	1	8	227	99	96		24.5
175	9	Sol5	G5	349	349	1	8	227	99	96		24.625
176	9	Fa5#5	F5#5	345	345	1	8	227	95	96		24.75
177	9	Mi5	E5	336	336	1	8	227	95	96	gi	24.875
178	9	Fa5#5	F5#5	345	345	1	8	227	95	96	bi	25
179	9	Sol5	G5	349	349	3	8	682	95	96	sin  	25.375
180	53			0	0	0	0	0	0	0		25.375
181	9	Fa5#5	F5#5	345	345	1	16	114	95	96	SAZ	25.4375
182	9	Mi5	E5	336	336	1	16	114	95	96	.	25.5
183	9	Re5	D5	327	327	1	16	114	95	96	.	25.5625
184	9	Do5	C5	318	318	1	16	114	95	96	.	25.625
185	9	Si4	B4	314	314	1	16	114	95	96	.	25.6875
186	9	La4	A4	305	305	1	16	114	95	96	.	25.75
187	9	Sol4	G4	296	296	1	4	455	95	96	.	26
188	53			0	0	0	0	0	0	0		26
189	9	Re5	D5	327	327	1	8	227	95	96	Pe	26.125
190	9	Sol5	G5	349	349	1	4	455	95	96	tek 	26.375
191	9	Fa5#5	F5#5	345	345	1	8	227	95	96	pe	26.5
192	9	Sol5	G5	349	349	1	2	909	95	96	tek 	27
193	9			-1	-1	1	8	227	100	0		27.125
194	9	La5	A5	358	358	1	8	227	99	96	bal 	27.25
195	9	Sol5	G5	349	349	1	8	227	99	96		27.375
196	9	Fa5#5	F5#5	345	345	1	8	227	99	96		27.5
197	9	Sol5	G5	349	349	1	4	455	95	96		27.75
198	9	Mi5	E5	336	336	1	8	227	95	96	gi	27.875
199	9	Fa5#5	F5#5	345	345	1	8	227	95	96	bi	28
200	9	Re5	D5	327	327	3	8	682	95	96	sin  	28.375
201	53			0	0	0	0	0	0	0		28.375
202	9	Do5	C5	318	318	1	16	114	95	96	SAZ	28.4375
203	9	Si4	B4	314	314	1	16	114	95	96	.	28.5
204	9	La4	A4	305	305	1	16	114	95	96	.	28.5625
205	9	Sol4	G4	296	296	1	16	114	95	96	.	28.625
206	9	Fa4#5	F4#5	292	292	1	16	114	95	96	.	28.6875
207	9	Mi4	E4	283	283	1	16	114	95	96	.	28.75
208	9	Re4	D4	274	274	1	4	455	95	96	.	29
209	53			0	0	0	0	0	0	0		29
210	9	Re5	D5	327	327	1	8	227	95	96	Çi	29.125
211	9	Fa5#5	F5#5	345	345	1	4	455	95	96	çek 	29.375
212	9	Sol5	G5	349	349	1	8	227	95	96	çi	29.5
213	9	La5	A5	358	358	1	2	909	95	96	çek 	30
214	9			-1	-1	1	8	227	100	0		30.125
215	9	Do6	C6	371	371	1	8	227	99	96	dal 	30.25
216	9	Si5	B5	367	367	1	8	227	99	96		30.375
217	9	La5	A5	358	358	1	8	227	99	96		30.5
218	9	Sol5	G5	349	349	1	8	227	99	96		30.625
219	9	Fa5#5	F5#5	345	345	1	8	227	95	96		30.75
220	9	Mi5	E5	336	336	1	8	227	95	96	gi	30.875
221	9	Fa5#5	F5#5	345	345	1	8	227	95	96	bi	31
222	9	Sol5	G5	349	349	3	8	682	95	96	sin  	31.375
223	53			0	0	0	0	0	0	0		31.375
224	9	Re5	D5	327	327	1	8	227	95	96	SAZ	31.5
225	9	Mi5	E5	336	336	1	16	114	95	96	.	31.5625
226	9	Re5	D5	327	327	1	16	114	95	96	.	31.625
227	9	Mi5	E5	336	336	1	16	114	95	96	.	31.6875
228	9	Fa5#5	F5#5	345	345	1	16	114	95	96	.	31.75
229	9	Sol5	G5	349	349	1	4	455	95	96	.	32
230	53			0	0	0	0	0	0	0		32
231	9	La5	A5	358	358	1	4	455	50	96	Fin	32.25
232	9	Fa5#5	F5#5	345	345	1	4	455	50	96	can	32.5
233	9	Sol5	G5	349	349	1	4	455	50	96	da	32.75
234	9	Mi5	E5	336	336	1	4	455	50	96	ki 	33
235	9			-1	-1	1	8	227	100	0		33.125
236	9	Mi5	E5	336	336	1	4	455	99	96	fal 	33.375
237	9	Re5	D5	327	327	1	8	227	99	96		33.5
238	9	Mi5	E5	336	336	1	4	455	95	96		33.75
239	9	Do5	C5	318	318	1	8	227	95	96	gi	33.875
240	9	Si4	B4	314	314	1	8	227	95	96	bi	34
241	9	Do5	C5	318	318	3	8	682	95	96	sin  	34.375
242	53			0	0	0	0	0	0	0		34.375
243	9	Si4	B4	314	314	1	8	227	95	96	SAZ	34.5
244	9	Si4	B4	314	314	3	16	341	95	96	.	34.6875
245	9	La4	A4	305	305	1	16	114	95	96	.	34.75
246	9	Sol4	G4	296	296	1	4	455	95	96	.	35
247	53			0	0	0	0	0	0	0		35
248	9			-1	-1	1	8	227	100	0		35.125
249	9	Do5	C5	318	318	1	8	227	95	96	Be	35.25
250	9	Si4	B4	314	314	1	8	227	95	96	nim 	35.375
251	9	La4	A4	305	305	1	8	227	95	96	gü	35.5
252	9	Si4	B4	314	314	1	8	227	95	96	zel 	35.625
253	9	La4	A4	305	305	1	8	227	95	96	pe	35.75
254	9	Sol4	G4	296	296	1	8	227	95	96	ri 	35.875
255	9	Fa4#5	F4#5	292	292	1	8	227	95	96	ký	36
256	9	Sol4	G4	296	296	1	8	227	95	96	zým  	36.125
257	53			0	0	0	0	0	0	0		36.125
258	9	Do5	C5	318	318	1	8	227	95	96	SAZ	36.25
259	9	Si4	B4	314	314	1	8	227	95	96	.	36.375
260	9	La4	A4	305	305	1	8	227	95	96	.	36.5
261	9	Si4	B4	314	314	1	8	227	95	96	.	36.625
262	9	La4	A4	305	305	1	8	227	95	96	.	36.75
263	9	Sol4	G4	296	296	1	8	227	95	96	.	36.875
264	9	Fa4#5	F4#5	292	292	1	8	227	95	96	.	37
265	9	Sol4	G4	296	296	3	8	682	95	96	.	37.375
266	9	La4	A4	305	305	1	16	114	95	96	.	37.4375
267	9	Si4	B4	314	314	1	16	114	95	96	.	37.5
268	9	Do5	C5	318	318	1	16	114	95	96	.	37.5625
269	9	Re5	D5	327	327	1	16	114	95	96	.	37.625
270	9	Mi5	E5	336	336	1	16	114	95	96	.	37.6875
271	9	Fa5#5	F5#5	345	345	1	16	114	95	96	.	37.75
272	9	Sol5	G5	349	349	1	4	455	95	96	.	38
273	53			0	0	0	0	0	0	0		38
274	9	La5	A5	358	358	1	4	455	50	96	Fin	38.25
275	9	Fa5#5	F5#5	345	345	1	4	455	50	96	can	38.5
276	9	Sol5	G5	349	349	1	4	455	50	96	da	38.75
277	9	Mi5	E5	336	336	1	4	455	50	96	ki 	39
278	9			-1	-1	1	8	227	100	0		39.125
279	9	Mi5	E5	336	336	1	4	455	99	96	fal 	39.375
280	9	Re5	D5	327	327	1	8	227	99	96		39.5
281	9	Mi5	E5	336	336	1	4	455	95	96		39.75
282	9	Do5	C5	318	318	1	8	227	95	96	gi	39.875
283	9	Si4	B4	314	314	1	8	227	95	96	bi	40
284	9	Do5	C5	318	318	3	8	682	95	96	sin  	40.375
285	53			0	0	0	0	0	0	0		40.375
286	9	Si4	B4	314	314	1	8	227	95	96	SAZ	40.5
287	9	Si4	B4	314	314	3	16	341	95	96	.	40.6875
288	9	La4	A4	305	305	1	16	114	95	96	.	40.75
289	9	Sol4	G4	296	296	1	4	455	95	96	.	41
290	53			0	0	0	0	0	0	0		41
291	9			-1	-1	1	8	227	100	0		41.125
292	9	Do5	C5	318	318	1	8	227	95	96	Be	41.25
293	9	Si4	B4	314	314	1	8	227	95	96	nim 	41.375
294	9	La4	A4	305	305	1	8	227	95	96	gü	41.5
295	9	Si4	B4	314	314	1	8	227	95	96	zel 	41.625
296	9	La4	A4	305	305	1	8	227	95	96	pe	41.75
297	9	Sol4	G4	296	296	1	8	227	95	96	ri 	41.875
298	9	Fa4#5	F4#5	292	292	1	8	227	95	96	ký	42
299	9	Sol4	G4	296	296	1	8	227	95	96	zým  	42.125
300	53			0	0	0	0	0	0	0		42.125
301	9	Do5	C5	318	318	1	8	227	95	96	SAZ	42.25
302	9	Si4	B4	314	314	1	8	227	95	96	.	42.375
303	9	La4	A4	305	305	1	8	227	95	96	.	42.5
304	9	Si4	B4	314	314	1	8	227	95	96	.	42.625
305	9	La4	A4	305	305	1	8	227	95	96	.	42.75
306	9	Sol4	G4	296	296	1	8	227	95	96	.	42.875
307	9	Fa4#5	F4#5	292	292	1	8	227	95	96	.	43
308	9	Sol4	G4	296	296	3	8	682	95	96	.	43.375
309	9	Re4	D4	274	274	1	8	227	95	96	.	43.5
310	9	Mi4	E4	283	283	1	8	227	95	96	.	43.625
311	9	Fa4#5	F4#5	292	292	1	8	227	95	96	.	43.75
312	9	Sol4	G4	296	296	1	4	455	95	96	.	44
313	53			0	0	0	0	0	0	0		44
314	9	Re5	D5	327	327	1	8	227	95	96	ARANAÐME 	44.125
315	9	Sol5	G5	349	349	1	4	455	95	96	.	44.375
316	9	Fa5#5	F5#5	345	345	1	8	227	95	96	.	44.5
317	9	Sol5	G5	349	349	1	2	909	95	96	.	45
318	9			-1	-1	1	8	227	100	0	.	45.125
319	9	La5	A5	358	358	1	8	227	95	96	.	45.25
320	9	Sol5	G5	349	349	1	8	227	95	96	.	45.375
321	9	Fa5#5	F5#5	345	345	1	8	227	95	96	.	45.5
322	9	Sol5	G5	349	349	1	8	227	95	96	.	45.625
323	9	Fa5#5	F5#5	345	345	1	8	227	95	96	.	45.75
324	9	Mi5	E5	336	336	1	8	227	95	96	.	45.875
325	9	Fa5#5	F5#5	345	345	1	8	227	95	96	.	46
326	9	Re5	D5	327	327	3	8	682	95	96	.	46.375
327	53			0	0	0	0	0	0	0		46.375
328	9	Do5	C5	318	318	1	16	114	95	96	.	46.4375
329	9	Si4	B4	314	314	1	16	114	95	96	.	46.5
330	9	La4	A4	305	305	1	16	114	95	96	.	46.5625
331	9	Sol4	G4	296	296	1	16	114	95	96	.	46.625
332	9	Fa4#5	F4#5	292	292	1	16	114	95	96	.	46.6875
333	9	Mi4	E4	283	283	1	16	114	95	96	.	46.75
334	9	Re4	D4	274	274	1	4	455	95	96	.	47
335	53			0	0	0	0	0	0	0		47
336	9	Re5	D5	327	327	1	8	227	95	96	.	47.125
337	9	Fa5#5	F5#5	345	345	1	4	455	95	96	.	47.375
338	9	Sol5	G5	349	349	1	8	227	95	96	.	47.5
339	9	La5	A5	358	358	1	2	909	95	96	.	48
340	9			-1	-1	1	8	227	100	0	.	48.125
341	9	Do6	C6	371	371	1	8	227	95	96	.	48.25
342	9	Si5	B5	367	367	1	8	227	95	96	.	48.375
343	9	La5	A5	358	358	1	8	227	95	96	.	48.5
344	9	Sol5	G5	349	349	1	8	227	95	96	.	48.625
345	9	Fa5#5	F5#5	345	345	1	8	227	95	96	.	48.75
346	9	Mi5	E5	336	336	1	8	227	95	96	.	48.875
347	9	Fa5#5	F5#5	345	345	1	8	227	95	96	.	49
348	9	Sol5	G5	349	349	3	8	682	95	96	.	49.375
349	53			0	0	0	0	0	0	0		49.375
350	9	Fa5#5	F5#5	345	345	1	16	114	95	96	.	49.4375
351	9	Mi5	E5	336	336	1	16	114	95	96	.	49.5
352	9	Re5	D5	327	327	1	16	114	95	96	.	49.5625
353	9	Do5	C5	318	318	1	16	114	95	96	.	49.625
354	9	Si4	B4	314	314	1	16	114	95	96	.	49.6875
355	9	La4	A4	305	305	1	16	114	95	96	.	49.75
356	9	Sol4	G4	296	296	1	4	455	95	96	.	50
357	53			0	0	0	0	0	0	0		50
358	9	Re5	D5	327	327	1	8	227	95	96	ARANAÐME 	50.125
359	9	Sol5	G5	349	349	1	4	455	95	96	.	50.375
360	9	Fa5#5	F5#5	345	345	1	8	227	95	96	.	50.5
361	9	Sol5	G5	349	349	1	2	909	95	96	.	51
362	9			-1	-1	1	8	227	100	0	.	51.125
363	9	La5	A5	358	358	1	8	227	95	96	.	51.25
364	9	Sol5	G5	349	349	1	8	227	95	96	.	51.375
365	9	Fa5#5	F5#5	345	345	1	8	227	95	96	.	51.5
366	9	Sol5	G5	349	349	1	8	227	95	96	.	51.625
367	9	Fa5#5	F5#5	345	345	1	8	227	95	96	.	51.75
368	9	Mi5	E5	336	336	1	8	227	95	96	.	51.875
369	9	Fa5#5	F5#5	345	345	1	8	227	95	96	.	52
370	9	Re5	D5	327	327	3	8	682	95	96	.	52.375
371	53			0	0	0	0	0	0	0		52.375
372	9	Do5	C5	318	318	1	16	114	95	96	.	52.4375
373	9	Si4	B4	314	314	1	16	114	95	96	.	52.5
374	9	La4	A4	305	305	1	16	114	95	96	.	52.5625
375	9	Sol4	G4	296	296	1	16	114	95	96	.	52.625
376	9	Fa4#5	F4#5	292	292	1	16	114	95	96	.	52.6875
377	9	Mi4	E4	283	283	1	16	114	95	96	.	52.75
378	9	Re4	D4	274	274	1	4	455	95	96	.	53
379	53			0	0	0	0	0	0	0		53
380	9	Re5	D5	327	327	1	8	227	95	96	.	53.125
381	9	Fa5#5	F5#5	345	345	1	4	455	95	96	.	53.375
382	9	Sol5	G5	349	349	1	8	227	95	96	.	53.5
383	9	La5	A5	358	358	1	2	909	95	96	.	54
384	9			-1	-1	1	8	227	100	0	.	54.125
385	9	Do6	C6	371	371	1	8	227	95	96	.	54.25
386	9	Si5	B5	367	367	1	8	227	95	96	.	54.375
387	9	La5	A5	358	358	1	8	227	95	96	.	54.5
388	9	Sol5	G5	349	349	1	8	227	95	96	.	54.625
389	9	Fa5#5	F5#5	345	345	1	8	227	95	96	.	54.75
390	9	Mi5	E5	336	336	1	8	227	95	96	.	54.875
391	9	Fa5#5	F5#5	345	345	1	8	227	95	96	.	55
392	9	Sol5	G5	349	349	3	8	682	95	96	.	55.375
393	9	Re5	D5	327	327	1	8	227	95	96	.	55.5
394	9	Mi5	E5	336	336	1	8	227	95	96	.	55.625
395	9	Fa5#5	F5#5	345	345	1	8	227	95	96	.	55.75
396	9	Sol5	G5	349	349	1	4	455	95	96	.	56
397	53			0	0	0	0	0	0	0		56
398	9			-1	-1	1	8	227	100	0	.	56.125
399	9	Do6	C6	371	371	1	8	227	95	96	.	56.25
400	9	Si5	B5	367	367	1	8	227	95	96	.	56.375
401	9	La5	A5	358	358	1	8	227	95	96	.	56.5
402	9	Sol5	G5	349	349	1	8	227	95	96	.	56.625
403	9	Fa5#5	F5#5	345	345	1	8	227	95	96	.	56.75
404	9	Mi5	E5	336	336	1	8	227	95	96	.	56.875
405	9	Re5	D5	327	327	1	8	227	95	96	.	57
406	9	Do5	C5	318	318	1	8	227	95	96	.	57.125
407	9	Si4	B4	314	314	1	8	227	95	96	.	57.25
408	9	La4	A4	305	305	1	8	227	95	96	.	57.375
409	9	Sol4	G4	296	296	1	8	227	95	96	.	57.5
410	9	Do5	C5	318	318	1	2	909	95	96	.	58
411	53			0	0	0	0	0	0	0		58
412	9			-1	-1	1	8	227	100	0	.	58.125
413	9	Do5	C5	318	318	1	8	227	95	96	.	58.25
414	9	Si4	B4	314	314	1	8	227	95	96	.	58.375
415	9	La4	A4	305	305	1	8	227	95	96	.	58.5
416	9	Si4	B4	314	314	1	8	227	95	96	.	58.625
417	9	La4	A4	305	305	1	8	227	95	96	.	58.75
418	9	Sol4	G4	296	296	1	8	227	95	96	.	58.875
419	9	Fa4#5	F4#5	292	292	1	8	227	95	96	.	59
420	9	Sol4	G4	296	296	3	8	682	95	96	.	59.375
421	53			0	0	0	0	0	0	0		59.375
422	9	La4	A4	305	305	1	16	114	95	96	.	59.4375
423	9	Si4	B4	314	314	1	16	114	95	96	.	59.5
424	9	Do5	C5	318	318	1	16	114	95	96	.	59.5625
425	9	Re5	D5	327	327	1	16	114	95	96	.	59.625
426	9	Mi5	E5	336	336	1	16	114	95	96	.	59.6875
427	9	Fa5#5	F5#5	345	345	1	16	114	95	96	.	59.75
428	9	Sol5	G5	349	349	1	4	455	95	96	.	60
429	53			0	0	0	0	0	0	0		60
430	9			-1	-1	1	8	227	100	0	.	60.125
431	9	Do6	C6	371	371	1	8	227	95	96	.	60.25
432	9	Si5	B5	367	367	1	8	227	95	96	.	60.375
433	9	La5	A5	358	358	1	8	227	95	96	.	60.5
434	9	Sol5	G5	349	349	1	8	227	95	96	.	60.625
435	9	Fa5#5	F5#5	345	345	1	8	227	95	96	.	60.75
436	9	Mi5	E5	336	336	1	8	227	95	96	.	60.875
437	9	Re5	D5	327	327	1	8	227	95	96	.	61
438	9	Do5	C5	318	318	1	8	227	95	96	.	61.125
439	9	Si4	B4	314	314	1	8	227	95	96	.	61.25
440	9	La4	A4	305	305	1	8	227	95	96	.	61.375
441	9	Sol4	G4	296	296	1	8	227	95	96	.	61.5
442	9	Do5	C5	318	318	1	2	909	95	96	.	62
443	53			0	0	0	0	0	0	0		62
444	9			-1	-1	1	8	227	100	0	.	62.125
445	9	Do5	C5	318	318	1	8	227	95	96	.	62.25
446	9	Si4	B4	314	314	1	8	227	95	96	.	62.375
447	9	La4	A4	305	305	1	8	227	95	96	.	62.5
448	9	Si4	B4	314	314	1	8	227	95	96	.	62.625
449	9	La4	A4	305	305	1	8	227	95	96	.	62.75
450	9	Sol4	G4	296	296	1	8	227	95	96	.	62.875
451	9	Fa4#5	F4#5	292	292	1	8	227	95	96	.	63
452	9	Sol4	G4	296	296	3	8	682	95	96	.	63.375
453	53			0	0	0	0	0	0	0		63.375
454	9	Re4	D4	274	274	1	8	227	95	96	.	63.5
455	9	Mi4	E4	283	283	1	8	227	95	96	.	63.625
456	9	Fa4#5	F4#5	292	292	1	8	227	95	96	.	63.75
457	9	Sol4	G4	296	296	1	4	455	95	96	.	64
458	53			0	0	0	0	0	0	0		64
459	9	Re5	D5	327	327	1	8	227	95	96	Pe	64.125
460	9	Sol5	G5	349	349	1	4	455	95	96	tek 	64.375
461	9	Fa5#5	F5#5	345	345	1	8	227	95	96	pe	64.5
462	9	Sol5	G5	349	349	1	2	909	95	96	tek 	65
463	9			-1	-1	1	8	227	100	0		65.125
464	9	La5	A5	358	358	1	8	227	99	96	bal 	65.25
465	9	Sol5	G5	349	349	1	8	227	99	96		65.375
466	9	Fa5#5	F5#5	345	345	1	8	227	99	96		65.5
467	9	Sol5	G5	349	349	1	4	455	95	96		65.75
468	9	Mi5	E5	336	336	1	8	227	95	96	gi	65.875
469	9	Fa5#5	F5#5	345	345	1	8	227	95	96	bi	66
470	9	Re5	D5	327	327	3	8	682	95	96	sin  	66.375
471	53			0	0	0	0	0	0	0		66.375
472	9	Do5	C5	318	318	1	16	114	95	96	SAZ	66.4375
473	9	Si4	B4	314	314	1	16	114	95	96	.	66.5
474	9	La4	A4	305	305	1	16	114	95	96	.	66.5625
475	9	Sol4	G4	296	296	1	16	114	95	96	.	66.625
476	9	Fa4#5	F4#5	292	292	1	16	114	95	96	.	66.6875
477	9	Mi4	E4	283	283	1	16	114	95	96	.	66.75
478	9	Re4	D4	274	274	1	4	455	95	96	.	67
479	53			0	0	0	0	0	0	0		67
480	9	Re5	D5	327	327	1	8	227	95	96	Çi	67.125
481	9	Fa5#5	F5#5	345	345	1	4	455	95	96	çek 	67.375
482	9	Sol5	G5	349	349	1	8	227	95	96	çi	67.5
483	9	La5	A5	358	358	1	2	909	95	96	çek 	68
484	9			-1	-1	1	8	227	100	0		68.125
485	9	Do6	C6	371	371	1	8	227	99	96	dal 	68.25
486	9	Si5	B5	367	367	1	8	227	99	96		68.375
487	9	La5	A5	358	358	1	8	227	99	96		68.5
488	9	Sol5	G5	349	349	1	8	227	99	96		68.625
489	9	Fa5#5	F5#5	345	345	1	8	227	95	96		68.75
490	9	Mi5	E5	336	336	1	8	227	95	96	gi	68.875
491	9	Fa5#5	F5#5	345	345	1	8	227	95	96	bi	69
492	9	Sol5	G5	349	349	3	8	682	95	96	sin  	69.375
493	53			0	0	0	0	0	0	0		69.375
494	9	Fa5#5	F5#5	345	345	1	16	114	95	96	SAZ	69.4375
495	9	Mi5	E5	336	336	1	16	114	95	96	.	69.5
496	9	Re5	D5	327	327	1	16	114	95	96	.	69.5625
497	9	Do5	C5	318	318	1	16	114	95	96	.	69.625
498	9	Si4	B4	314	314	1	16	114	95	96	.	69.6875
499	9	La4	A4	305	305	1	16	114	95	96	.	69.75
500	9	Sol4	G4	296	296	1	4	455	95	96	.	70
501	53			0	0	0	0	0	0	0		70
502	9	Re5	D5	327	327	1	8	227	95	96	Pe	70.125
503	9	Sol5	G5	349	349	1	4	455	95	96	tek 	70.375
504	9	Fa5#5	F5#5	345	345	1	8	227	95	96	pe	70.5
505	9	Sol5	G5	349	349	1	2	909	95	96	tek 	71
506	9			-1	-1	1	8	227	100	0		71.125
507	9	La5	A5	358	358	1	8	227	99	96	bal 	71.25
508	9	Sol5	G5	349	349	1	8	227	99	96		71.375
509	9	Fa5#5	F5#5	345	345	1	8	227	99	96		71.5
510	9	Sol5	G5	349	349	1	4	455	95	96		71.75
511	9	Mi5	E5	336	336	1	8	227	95	96	gi	71.875
512	9	Fa5#5	F5#5	345	345	1	8	227	95	96	bi	72
513	9	Re5	D5	327	327	3	8	682	95	96	sin  	72.375
514	53			0	0	0	0	0	0	0		72.375
515	9	Do5	C5	318	318	1	16	114	95	96	SAZ	72.4375
516	9	Si4	B4	314	314	1	16	114	95	96	.	72.5
517	9	La4	A4	305	305	1	16	114	95	96	.	72.5625
518	9	Sol4	G4	296	296	1	16	114	95	96	.	72.625
519	9	Fa4#5	F4#5	292	292	1	16	114	95	96	.	72.6875
520	9	Mi4	E4	283	283	1	16	114	95	96	.	72.75
521	9	Re4	D4	274	274	1	4	455	95	96	.	73
522	53			0	0	0	0	0	0	0		73
523	9	Re5	D5	327	327	1	8	227	95	96	Çi	73.125
524	9	Fa5#5	F5#5	345	345	1	4	455	95	96	çek 	73.375
525	9	Sol5	G5	349	349	1	8	227	95	96	çi	73.5
526	9	La5	A5	358	358	1	2	909	95	96	çek 	74
527	9			-1	-1	1	8	227	100	0		74.125
528	9	Do6	C6	371	371	1	8	227	99	96	dal 	74.25
529	9	Si5	B5	367	367	1	8	227	99	96		74.375
530	9	La5	A5	358	358	1	8	227	99	96		74.5
531	9	Sol5	G5	349	349	1	8	227	99	96		74.625
532	9	Fa5#5	F5#5	345	345	1	8	227	95	96		74.75
533	9	Mi5	E5	336	336	1	8	227	95	96	gi	74.875
534	9	Fa5#5	F5#5	345	345	1	8	227	95	96	bi	75
535	9	Sol5	G5	349	349	3	8	682	95	96	sin  	75.375
536	53			0	0	0	0	0	0	0		75.375
537	9	Re5	D5	327	327	1	8	227	95	96	SAZ	75.5
538	9	Mi5	E5	336	336	1	16	114	95	96	.	75.5625
539	9	Re5	D5	327	327	1	16	114	95	96	.	75.625
540	9	Mi5	E5	336	336	1	16	114	95	96	.	75.6875
541	9	Fa5#5	F5#5	345	345	1	16	114	95	96	.	75.75
542	9	Sol5	G5	349	349	1	4	455	95	96	.	76
543	53			0	0	0	0	0	0	0		76
544	9	La5	A5	358	358	1	4	455	50	96	Fin	76.25
545	9	Fa5#5	F5#5	345	345	1	4	455	50	96	can	76.5
546	9	Sol5	G5	349	349	1	4	455	50	96	da	76.75
547	9	Mi5	E5	336	336	1	4	455	50	96	ki 	77
548	9			-1	-1	1	8	227	100	0		77.125
549	9	Mi5	E5	336	336	1	4	455	99	96	fal 	77.375
550	9	Re5	D5	327	327	1	8	227	99	96		77.5
551	9	Mi5	E5	336	336	1	4	455	95	96		77.75
552	9	Do5	C5	318	318	1	8	227	95	96	gi	77.875
553	9	Si4	B4	314	314	1	8	227	95	96	bi	78
554	9	Do5	C5	318	318	3	8	682	95	96	sin  	78.375
555	53			0	0	0	0	0	0	0		78.375
556	9	Si4	B4	314	314	1	8	227	95	96	SAZ	78.5
557	9	Si4	B4	314	314	3	16	341	95	96	.	78.6875
558	9	La4	A4	305	305	1	16	114	95	96	.	78.75
559	9	Sol4	G4	296	296	1	4	455	95	96	.	79
560	53			0	0	0	0	0	0	0		79
561	9			-1	-1	1	8	227	100	0		79.125
562	9	Do5	C5	318	318	1	8	227	95	96	Be	79.25
563	9	Si4	B4	314	314	1	8	227	95	96	nim 	79.375
564	9	La4	A4	305	305	1	8	227	95	96	gü	79.5
565	9	Si4	B4	314	314	1	8	227	95	96	zel 	79.625
566	9	La4	A4	305	305	1	8	227	95	96	pe	79.75
567	9	Sol4	G4	296	296	1	8	227	95	96	ri 	79.875
568	9	Fa4#5	F4#5	292	292	1	8	227	95	96	ký	80
569	9	Sol4	G4	296	296	1	8	227	95	96	zým  	80.125
570	53			0	0	0	0	0	0	0		80.125
571	9	Do5	C5	318	318	1	8	227	95	96	SAZ	80.25
572	9	Si4	B4	314	314	1	8	227	95	96	.	80.375
573	9	La4	A4	305	305	1	8	227	95	96	.	80.5
574	9	Si4	B4	314	314	1	8	227	95	96	.	80.625
575	9	La4	A4	305	305	1	8	227	95	96	.	80.75
576	9	Sol4	G4	296	296	1	8	227	95	96	.	80.875
577	9	Fa4#5	F4#5	292	292	1	8	227	95	96	.	81
578	9	Sol4	G4	296	296	3	8	682	95	96	.	81.375
579	9	La4	A4	305	305	1	16	114	95	96	.	81.4375
580	9	Si4	B4	314	314	1	16	114	95	96	.	81.5
581	9	Do5	C5	318	318	1	16	114	95	96	.	81.5625
582	9	Re5	D5	327	327	1	16	114	95	96	.	81.625
583	9	Mi5	E5	336	336	1	16	114	95	96	.	81.6875
584	9	Fa5#5	F5#5	345	345	1	16	114	95	96	.	81.75
585	9	Sol5	G5	349	349	1	4	455	95	96	.	82
586	53			0	0	0	0	0	0	0		82
587	9	La5	A5	358	358	1	4	455	50	96	Fin	82.25
588	9	Fa5#5	F5#5	345	345	1	4	455	50	96	can	82.5
589	9	Sol5	G5	349	349	1	4	455	50	96	da	82.75
590	9	Mi5	E5	336	336	1	4	455	50	96	ki 	83
591	9			-1	-1	1	8	227	100	0		83.125
592	9	Mi5	E5	336	336	1	4	455	99	96	fal 	83.375
593	9	Re5	D5	327	327	1	8	227	99	96		83.5
594	9	Mi5	E5	336	336	1	4	455	95	96		83.75
595	9	Do5	C5	318	318	1	8	227	95	96	gi	83.875
596	9	Si4	B4	314	314	1	8	227	95	96	bi	84
597	9	Do5	C5	318	318	3	8	682	95	96	sin  	84.375
598	53			0	0	0	0	0	0	0		84.375
599	9	Si4	B4	314	314	1	8	227	95	96	SAZ	84.5
600	9	Si4	B4	314	314	3	16	341	95	96	.	84.6875
601	9	La4	A4	305	305	1	16	114	95	96	.	84.75
602	9	Sol4	G4	296	296	1	4	455	95	96	.	85
603	53			0	0	0	0	0	0	0		85
604	9			-1	-1	1	8	227	100	0		85.125
605	9	Do5	C5	318	318	1	8	227	95	96	Be	85.25
606	9	Si4	B4	314	314	1	8	227	95	96	nim 	85.375
607	9	La4	A4	305	305	1	8	227	95	96	gü	85.5
608	9	Si4	B4	314	314	1	8	227	95	96	zel 	85.625
609	9	La4	A4	305	305	1	8	227	95	96	pe	85.75
610	9	Sol4	G4	296	296	1	8	227	95	96	ri 	85.875
611	9	Fa4#5	F4#5	292	292	1	8	227	95	96	ký	86
612	9	Sol4	G4	296	296	1	8	227	95	96	zým  	86.125
613	53			0	0	0	0	0	0	0		86.125
614	9	Do5	C5	318	318	1	8	227	95	96	SAZ	86.25
615	9	Si4	B4	314	314	1	8	227	95	96	.	86.375
616	9	La4	A4	305	305	1	8	227	95	96	.	86.5
617	9	Si4	B4	314	314	1	8	227	95	96	.	86.625
618	9	La4	A4	305	305	1	8	227	95	96	.	86.75
619	9	Sol4	G4	296	296	1	8	227	95	96	.	86.875
620	9	Fa4#5	F4#5	292	292	1	8	227	95	96	.	87
621	9	Sol4	G4	296	296	3	8	682	95	96	.	87.375
622	9	Re4	D4	274	274	1	8	227	95	96	.	87.5
623	9	Mi4	E4	283	283	1	8	227	95	96	.	87.625
624	9	Fa4#5	F4#5	292	292	1	8	227	95	96	.	87.75
625	9	Sol4	G4	296	296	1	4	455	95	96	.	88
626	53			0	0	0	0	0	0	0		88
