Sýra	Kod	Nota53	NotaAE	Koma53	KomaAE	Pay	Payda	Ms	LNS	Bas	Soz1	Offset
1	9	La5	A5	358	358	1	2	1250	95	96	SAZ	0.4444444
2	9	Mi5	E5	336	336	1	2	1250	95	96	.	0.8888889
3	9	Re5	D5	327	327	1	8	312	95	96	.	1
4	9	Mi5	E5	336	336	1	8	312	95	96	.	1.111111
5	9	Re5	D5	327	327	1	8	312	95	96	.	1.222222
6	9	Do5	C5	318	318	1	8	312	95	96	.	1.333333
7	9	Si4b2	B4b1	312	313	1	8	312	95	96	.	1.444444
8	9	La4	A4	305	305	1	8	312	95	96	.	1.555556
9	9	Si4b2	B4b1	312	313	1	8	312	95	96	.	1.666667
10	9	Do5	C5	318	318	1	8	312	95	96	.	1.777778
11	9	Re5	D5	327	327	1	8	312	95	96	.	1.888889
12	9	Mi5	E5	336	336	1	8	312	95	96	.	2
13	53			0	0	0	0	0	0	0		2
14	9	Fa5#3	F5#4	343	344	1	8	312	95	96	.	2.111111
15	9	Sol5	G5	349	349	1	8	312	95	96	.	2.222222
16	9	La5	A5	358	358	1	8	312	95	96	.	2.333333
17	9	Si5b2	B5b1	365	366	1	8	312	95	96	.	2.444444
18	9	Do6	C6	371	371	1	8	312	95	96	.	2.555556
19	9	Si5b2	B5b1	365	366	1	8	312	95	96	.	2.666667
20	9	Do6	C6	371	371	1	8	312	95	96	.	2.777778
21	9	Si5b2	B5b1	365	366	1	8	312	95	96	.	2.888889
22	9	La5	A5	358	358	1	8	312	95	96	.	3
23	9	La5	A5	358	358	3	8	938	95	96	.	3.333333
24	9	Sol5	G5	349	349	1	8	312	95	96	.	3.444444
25	9	Fa5#3	F5#4	343	344	1	8	312	95	96	.	3.555556
26	9	Sol5	G5	349	349	1	8	312	95	96	.	3.666667
27	9	La5	A5	358	358	1	8	312	95	96	.	3.777778
28	9	La5	A5	358	358	1	8	312	95	96	.	3.888889
29	53			0	0	0	0	0	0	0		3.888889
30	9	Sol5	G5	349	349	1	8	312	95	96	.	4
31	9	Sol5	G5	349	349	1	4	625	95	96	.	4.222222
32	9	Sol5	G5	349	349	1	8	312	95	96	.	4.333333
33	9	Fa5#3	F5#4	343	344	1	8	312	95	96	.	4.444445
34	9	Sol5	G5	349	349	1	8	312	95	96	.	4.555555
35	9	Mi5	E5	336	336	1	8	312	95	96	.	4.666667
36	9	Mi5	E5	336	336	1	4	625	95	96	.	4.888889
37	9	Re5	D5	327	327	1	8	312	95	96	.	5
38	9	Mi5	E5	336	336	1	8	312	95	96	.	5.111111
39	9	Re5	D5	327	327	1	8	312	95	96	.	5.222222
40	9	Do5	C5	318	318	1	8	312	95	96	.	5.333333
41	9	Si4b2	B4b1	312	313	1	8	312	95	96	.	5.444445
42	9	La4	A4	305	305	1	8	312	95	96	.	5.555555
43	9	Si4b2	B4b1	312	313	1	8	312	95	96	.	5.666667
44	9	Do5	C5	318	318	1	8	312	95	96	.	5.777778
45	9	Re5	D5	327	327	1	8	312	95	96	.	5.888889
46	9	Do5	C5	318	318	1	8	312	95	96	.	6
47	9	Re5	D5	327	327	1	8	312	95	96	.	6.111111
48	9	Do5	C5	318	318	1	8	312	95	96	.	6.222222
49	9	Si4b2	B4b1	312	313	1	8	312	95	96	.	6.333333
50	9	La4	A4	305	305	1	8	312	95	96	.	6.444445
51	9	Sol4	G4	296	296	1	8	312	95	96	.	6.555555
52	9	La4	A4	305	305	1	8	312	95	96	.	6.666667
53	9	Si4b2	B4b1	312	313	1	4	625	95	96	.	6.888889
54	9	La4	A4	305	305	1	8	312	95	96	.	7
55	53			0	0	0	0	0	0	0		7
56	9	Re5	D5	327	327	1	4	625	95	96	.	7.222222
57	9	Do5	C5	318	318	1	12	208	95	96	.	7.296296
58	9	Si4b2	B4b1	312	313	1	12	208	95	96	.	7.37037
59	9	La4	A4	305	305	1	12	208	95	96	.	7.444445
60	9	La4	A4	305	305	1	8	312	95	96	.	7.555555
61	53			0	0	0	0	0	0	0		7.555555
62	9	Si4b2	B4b1	312	313	1	16	156	95	96	.	7.611111
63	9	Do5	C5	318	318	1	16	156	95	96	.	7.666667
64	9	Re5	D5	327	327	1	16	156	95	96	.	7.722222
65	9	Mi5	E5	336	336	1	16	156	95	96	.	7.777778
66	9	Fa5#3	F5#4	343	344	1	16	156	95	96	.	7.833333
67	9	Sol5	G5	349	349	1	16	156	95	96	.	7.888889
68	9	La5	A5	358	358	1	16	156	95	96	.	7.944445
69	9	Sol5	G5	349	349	1	16	156	95	96	.	8
70	53			0	0	0	0	0	0	0		8
71	9	La5	A5	358	358	1	2	1250	95	96	SAZ	8.444445
72	9	Mi5	E5	336	336	1	2	1250	95	96	.	8.888889
73	9	Re5	D5	327	327	1	8	312	95	96	.	9
74	9	Mi5	E5	336	336	1	8	312	95	96	.	9.111111
75	9	Re5	D5	327	327	1	8	312	95	96	.	9.222222
76	9	Do5	C5	318	318	1	8	312	95	96	.	9.333333
77	9	Si4b2	B4b1	312	313	1	8	312	95	96	.	9.444445
78	9	La4	A4	305	305	1	8	312	95	96	.	9.555555
79	9	Si4b2	B4b1	312	313	1	8	312	95	96	.	9.666667
80	9	Do5	C5	318	318	1	8	312	95	96	.	9.777778
81	9	Re5	D5	327	327	1	8	312	95	96	.	9.888889
82	9	Mi5	E5	336	336	1	8	312	95	96	.	10
83	53			0	0	0	0	0	0	0		10
84	9	Fa5#3	F5#4	343	344	1	8	312	95	96	.	10.11111
85	9	Sol5	G5	349	349	1	8	312	95	96	.	10.22222
86	9	La5	A5	358	358	1	8	312	95	96	.	10.33333
87	9	Si5b2	B5b1	365	366	1	8	312	95	96	.	10.44444
88	9	Do6	C6	371	371	1	8	312	95	96	.	10.55556
89	9	Si5b2	B5b1	365	366	1	8	312	95	96	.	10.66667
90	9	Do6	C6	371	371	1	8	312	95	96	.	10.77778
91	9	Si5b2	B5b1	365	366	1	8	312	95	96	.	10.88889
92	9	La5	A5	358	358	1	8	312	95	96	.	11
93	9	La5	A5	358	358	3	8	938	95	96	.	11.33333
94	9	Sol5	G5	349	349	1	8	312	95	96	.	11.44444
95	9	Fa5#3	F5#4	343	344	1	8	312	95	96	.	11.55556
96	9	Sol5	G5	349	349	1	8	312	95	96	.	11.66667
97	9	La5	A5	358	358	1	8	312	95	96	.	11.77778
98	9	La5	A5	358	358	1	8	312	95	96	.	11.88889
99	53			0	0	0	0	0	0	0		11.88889
100	9	Sol5	G5	349	349	1	8	312	95	96	.	12
101	9	Sol5	G5	349	349	1	4	625	95	96	.	12.22222
102	9	Sol5	G5	349	349	1	8	312	95	96	.	12.33333
103	9	Fa5#3	F5#4	343	344	1	8	312	95	96	.	12.44444
104	9	Sol5	G5	349	349	1	8	312	95	96	.	12.55556
105	9	Mi5	E5	336	336	1	8	312	95	96	.	12.66667
106	9	Mi5	E5	336	336	1	4	625	95	96	.	12.88889
107	9	Re5	D5	327	327	1	8	312	95	96	.	13
108	9	Mi5	E5	336	336	1	8	312	95	96	.	13.11111
109	9	Re5	D5	327	327	1	8	312	95	96	.	13.22222
110	9	Do5	C5	318	318	1	8	312	95	96	.	13.33333
111	9	Si4b2	B4b1	312	313	1	8	312	95	96	.	13.44444
112	9	La4	A4	305	305	1	8	312	95	96	.	13.55556
113	9	Si4b2	B4b1	312	313	1	8	312	95	96	.	13.66667
114	9	Do5	C5	318	318	1	8	312	95	96	.	13.77778
115	9	Re5	D5	327	327	1	8	312	95	96	.	13.88889
116	9	Do5	C5	318	318	1	8	312	95	96	.	14
117	9	Re5	D5	327	327	1	8	312	95	96	.	14.11111
118	9	Do5	C5	318	318	1	8	312	95	96	.	14.22222
119	9	Si4b2	B4b1	312	313	1	8	312	95	96	.	14.33333
120	9	La4	A4	305	305	1	8	312	95	96	.	14.44444
121	9	Sol4	G4	296	296	1	8	312	95	96	.	14.55556
122	9	La4	A4	305	305	1	8	312	95	96	.	14.66667
123	9	Si4b2	B4b1	312	313	1	4	625	95	96	.	14.88889
124	9	La4	A4	305	305	1	8	312	95	96	.	15
125	53			0	0	0	0	0	0	0		15
126	9	Re5	D5	327	327	1	4	625	95	96	.	15.22222
127	9	Do5	C5	318	318	1	12	208	95	96	.	15.2963
128	9	Si4b2	B4b1	312	313	1	12	208	95	96	.	15.37037
129	9	La4	A4	305	305	1	12	208	95	96	.	15.44444
130	9	La4	A4	305	305	1	8	312	95	96	.	15.55556
131	53			0	0	0	0	0	0	0		15.55556
132	9	Si4b2	B4b1	312	313	1	16	156	95	96	.	15.61111
133	9	Do5	C5	318	318	1	16	156	95	96	.	15.66667
134	9	Re5	D5	327	327	1	16	156	95	96	.	15.72222
135	9	Mi5	E5	336	336	1	16	156	95	96	.	15.77778
136	9	Fa5#3	F5#4	343	344	1	16	156	95	96	.	15.83333
137	9	Sol5	G5	349	349	1	16	156	95	96	.	15.88889
138	9	La5	A5	358	358	1	16	156	95	96	.	15.94444
139	9	Sol5	G5	349	349	1	16	156	95	96	.	16
140	53			0	0	0	0	0	0	0		16
141	9	Fa5#3	F5#4	343	344	1	4	625	95	96	Her 	16.22222
142	9	Sol5	G5	349	349	1	4	625	95	96	ha	16.44444
143	9	La5	A5	358	358	1	4	625	95	96	lin	16.66667
144	9	La5	A5	358	358	3	8	938	95	96	le 	17
145	9	Do6	C6	371	371	1	4	625	95	96	her 	17.22222
146	9	Do6	C6	371	371	1	8	312	99	96	þe	17.33333
147	9	Si5b2	B5b1	365	366	1	8	312	95	96		17.44444
148	9	La5	A5	358	358	1	8	312	99	96	yin	17.55556
149	9	Sol5	G5	349	349	1	8	312	95	96		17.66667
150	9	Fa5#3	F5#4	343	344	1	8	312	99	96	le 	17.77778
151	9	Mi5	E5	336	336	1	8	312	99	96		17.88889
152	9	Fa5#3	F5#4	343	344	1	8	312	95	96		18
153	9	Sol5	G5	349	349	1	8	312	95	96	gü	18.11111
154	9	Fa5#3	F5#4	343	344	1	8	312	99	96	zel	18.22222
155	9	Mi5	E5	336	336	1	8	312	99	96		18.33333
156	9	Re5	D5	327	327	1	8	312	95	96		18.44444
157	9	La5	A5	358	358	1	4	625	95	96	sin  	18.66667
158	53			0	0	0	0	0	0	0		18.66667
159	10	La5	A5	358	358	1	8	312	95	96	SAZ	18.77778
160	8	Si5b2	B5b1	365	366	0	0	0	95	96	.	18.77778
161	10	La5	A5	358	358	1	8	312	95	96	.	18.88889
162	8	Si5b2	B5b1	365	366	0	0	0	95	96	.	18.88889
163	9	Sol5	G5	349	349	1	8	312	95	96	.	19
164	9	Sol5	G5	349	349	1	8	312	95	96	Ha	19.11111
165	9	Sol5	G5	349	349	1	8	312	99	96	ta 	19.22222
166	9	Sol5	G5	349	349	1	8	312	99	96		19.33333
167	9	Fa5#3	F5#4	343	344	1	8	312	95	96		19.44444
168	9	Sol5	G5	349	349	1	8	312	99	96	bul	19.55556
169	9	Fa5#3	F5#4	343	344	1	8	312	95	96		19.66667
170	9	Sol5	G5	349	349	1	8	312	99	96	mak 	19.77778
171	9	Mi5	E5	336	336	1	8	312	99	96		19.88889
172	9	Re5	D5	327	327	1	8	312	95	96		20
173	9	Do6	C6	371	371	1	8	312	95	96	ku	20.11111
174	9	Do6	C6	371	371	1	4	625	99	96	sur 	20.33333
175	9	Si5b2	B5b1	365	366	1	8	312	95	96		20.44444
176	9	Si5b2	B5b1	365	366	1	8	312	99	96	bul	20.55556
177	9	La5	A5	358	358	1	8	312	95	96		20.66667
178	9	La5	A5	358	358	1	4	625	99	96	mak 	20.88889
179	9	Sol5	G5	349	349	1	8	312	95	96		21
180	9	Sol5	G5	349	349	1	8	312	99	96	güç 	21.11111
181	9	Fa5#2	F5#1	342	341	1	8	312	95	96		21.22222
182	9	Fa5#2	F5#1	342	341	1	8	312	99	96	sen	21.33333
183	9	Mi5	E5	336	336	1	8	312	95	96		21.44444
184	9	Mi5	E5	336	336	1	4	625	95	96	de  	21.66667
185	53			0	0	0	0	0	0	0		21.66667
186	9	Mi5	E5	336	336	1	16	156	95	96	SAZ	21.72222
187	9	Do5	C5	318	318	1	16	156	50	96	.	21.77778
188	9	Re5	D5	327	327	1	16	156	50	96	.	21.83333
189	9	Mi5	E5	336	336	1	16	156	50	96	.	21.88889
190	9	Fa5	F5	340	340	1	8	312	50	96	.	22
191	53			0	0	0	0	0	0	0		22
192	9	Fa5	F5	340	340	1	8	312	95	96	Ni	22.11111
193	9	Fa5	F5	340	340	3	8	938	95	96	ye 	22.44444
194	9	Mi5	E5	336	336	1	8	312	99	96	be	22.55556
195	9	Fa5	F5	340	340	1	8	312	95	96		22.66667
196	9	Fa5	F5	340	340	1	8	312	99	96	nim 	22.77778
197	9	Mi5	E5	336	336	1	8	312	99	96		22.88889
198	9	Re5	D5	327	327	1	8	312	95	96		23
199	9	Sol5	G5	349	349	1	8	312	95	96	i	23.11111
200	9	Sol5	G5	349	349	1	4	625	95	96	çin 	23.33333
201	9			-1	-1	1	8	312	100	0		23.44444
202	9	Mi5	E5	336	336	1	4	625	95	96	ken	23.66667
203	9	Mi5	E5	336	336	1	4	625	99	96	din 	23.88889
204	9	Re5	D5	327	327	1	8	312	95	96		24
205	9	Mi5	E5	336	336	1	8	312	95	96	ü	24.11111
206	9	Re5	D5	327	327	1	8	312	99	96	zer	24.22222
207	9	Do5	C5	318	318	1	8	312	99	96		24.33333
208	9	Si4b2	B4b1	312	313	1	8	312	95	96		24.44444
209	9	Do5	C5	318	318	1	4	625	99	96	sin  	24.66667
210	9	Re5	D5	327	327	3	8	938	95	96		25
211	53			0	0	0	0	0	0	0		25
212	9	Mi5	E5	336	336	1	8	312	95	96	Gü	25.11111
213	9	Re5	D5	327	327	1	8	312	99	96	nah 	25.22222
214	9	Do5	C5	318	318	1	8	312	99	96		25.33333
215	9	Si4b2	B4b1	312	313	1	8	312	95	96		25.44444
216	9	La4	A4	305	305	1	8	312	99	96	ben	25.55556
217	9	Si4b2	B4b1	312	313	1	8	312	95	96		25.66667
218	9	Do5	C5	318	318	1	8	312	99	96	de 	25.77778
219	9	Re5	D5	327	327	1	8	312	99	96		25.88889
220	9	Do5	C5	318	318	1	8	312	95	96		26
221	9	Re5	D5	327	327	1	8	312	95	96	ku	26.11111
222	9	Do5	C5	318	318	1	8	312	99	96	sur 	26.22222
223	9	Si4b2	B4b1	312	313	1	8	312	99	96		26.33333
224	9	La4	A4	305	305	1	8	312	95	96		26.44444
225	9	Sol4	G4	296	296	1	8	312	99	96	ben	26.55556
226	9	La4	A4	305	305	1	8	312	95	96		26.66667
227	9	Si4b2	B4b1	312	313	1	4	625	99	96	de 	26.88889
228	9	La4	A4	305	305	1	8	312	95	96		27
229	53			0	0	0	0	0	0	0		27
230	9	Re5	D5	327	327	1	4	625	95	96	suç 	27.22222
231	9	Do5	C5	318	318	1	12	208	95	96	ben	27.2963
232	9	Si4b2	B4b1	312	313	1	12	208	95	96		27.37037
233	9	La4	A4	305	305	1	12	208	95	96		27.44444
234	9	La4	A4	305	305	1	4	625	95	96	de  	27.66667
235	53			0	0	0	0	0	0	0		27.66667
236	9	La4	A4	305	305	1	16	156	95	96	SAZ	27.72222
237	9	Sol4	G4	296	296	1	16	156	95	96	.	27.77778
238	9	La4	A4	305	305	1	16	156	95	96	.	27.83333
239	9	Si4b2	B4b1	312	313	1	16	156	95	96	.	27.88889
240	9	Do5	C5	318	318	1	16	156	95	96	.	27.94444
241	9	Re5	D5	327	327	1	16	156	95	96	.	28
242	9	Mi5	E5	336	336	1	8	312	95	96	.	28.11111
243	9	Re5	D5	327	327	1	8	312	95	96	.	28.22222
244	9	Do5	C5	318	318	1	8	312	95	96	.	28.33333
245	9	Si4b2	B4b1	312	313	1	8	312	95	96	.	28.44444
246	9	La4	A4	305	305	1	8	312	95	96	.	28.55556
247	9	Si4b2	B4b1	312	313	1	8	312	95	96	.	28.66667
248	9	Do5	C5	318	318	1	8	312	95	96	.	28.77778
249	9	Re5	D5	327	327	1	8	312	95	96	.	28.88889
250	9	Do5	C5	318	318	1	8	312	95	96	.	29
251	9	Re5	D5	327	327	1	8	312	95	96	.	29.11111
252	9	Do5	C5	318	318	1	8	312	95	96	.	29.22222
253	9	Si4b2	B4b1	312	313	1	8	312	95	96	.	29.33333
254	9	La4	A4	305	305	1	8	312	95	96	.	29.44444
255	9	Sol4	G4	296	296	1	8	312	95	96	.	29.55556
256	9	La4	A4	305	305	1	8	312	95	96	.	29.66667
257	9	Si4b2	B4b1	312	313	1	4	625	95	96	.	29.88889
258	9	La4	A4	305	305	1	8	312	95	96	.	30
259	53			0	0	0	0	0	0	0		30
260	9	Re5	D5	327	327	1	4	625	95	96	.	30.22222
261	9	Do5	C5	318	318	1	12	208	95	96	.	30.2963
262	9	Si4b2	B4b1	312	313	1	12	208	95	96	.	30.37037
263	9	La4	A4	305	305	1	12	208	95	96	.	30.44444
264	9	La4	A4	305	305	1	4	625	95	96	.	30.66667
265	53			0	0	0	0	0	0	0		30.66667
266	54			0	0	0	0	0	0	0	hicaz@la4	30.66667
267	9	La4	A4	305	305	1	8	312	95	96	.	30.77778
268	9	Si4b2	B4b1	312	313	1	8	312	95	96	.	30.88889
269	9	Do5#4	C5#4	322	322	1	8	312	95	96	.	31
270	53			0	0	0	0	0	0	0		31
271	9	Re5	D5	327	327	1	4	625	95	96	Her 	31.22222
272	9	Re5	D5	327	327	1	8	312	95	96	kö	31.33333
273	9	Re5	D5	327	327	1	8	312	95	96	þe	31.44444
274	9	Re5	D5	327	327	1	4	625	95	96	ba	31.66667
275	9	Re5	D5	327	327	1	8	312	99	96	þýn	31.77778
276	9	Do5#4	C5#4	322	322	1	8	312	99	96		31.88889
277	9	Si4b4	B4b4	310	310	1	8	312	95	96		32
278	9	Do5#4	C5#4	322	322	1	2	1250	95	96	da 	32.44444
279	9	Re5	D5	327	327	1	4	625	95	96	dur	32.66667
280	9	Mi5	E5	336	336	1	4	625	99	96	dum 	32.88889
281	9	Re5	D5	327	327	1	8	312	95	96		33
282	9	Fa5	F5	340	340	1	8	312	99	96	að	33.11111
283	9	Mi5	E5	336	336	1	8	312	95	96		33.22222
284	9	Re5	D5	327	327	1	8	312	99	96	la	33.33333
285	9	Do5#4	C5#4	322	322	1	8	312	95	96		33.44444
286	9	Re5	D5	327	327	1	4	625	95	96	dým  	33.66667
287	55			0	0	0	0	0	0	0		33.66667
288	53			0	0	0	0	0	0	0		33.66667
289	54			0	0	0	0	0	0	0	evic@fa4#4	33.66667
290	9	La5	A5	358	358	1	16	156	95	96	SAZ	33.72222
291	9	Sol5	G5	349	349	1	16	156	95	96	.	33.77778
292	9	Fa5#4	F5#4	344	344	1	16	156	95	96	.	33.83333
293	9	Mi5#4	E5#4	340	340	1	16	156	95	96	.	33.88889
294	9	Fa5#4	F5#4	344	344	1	16	156	95	96	.	33.94444
295	9	Sol5	G5	349	349	1	16	156	95	96	.	34
296	9	Fa5#4	F5#4	344	344	1	8	312	95	96	.	34.11111
297	53			0	0	0	0	0	0	0		34.11111
298	9	Fa5#4	F5#4	344	344	1	4	625	95	96	Her 	34.33333
299	9	Fa5#4	F5#4	344	344	1	8	312	95	96	ge	34.44444
300	9	Fa5#4	F5#4	344	344	1	8	312	99	96	len 	34.55556
301	9	Sol5	G5	349	349	1	8	312	95	96		34.66667
302	9	Fa5#4	F5#4	344	344	1	8	312	95	96	ge	34.77778
303	9	Mi5	E5	336	336	1	8	312	99	96	çen	34.88889
304	9	Re5	D5	327	327	1	8	312	95	96		35
305	9	Sol5	G5	349	349	1	4	625	99	96	den 	35.22222
306	9	Fa5#4	F5#4	344	344	1	8	312	99	96		35.33333
307	9	Sol5	G5	349	349	1	8	312	95	96		35.44444
308	9	La5	A5	358	358	1	4	625	95	96	sor	35.66667
309	9	Sol5	G5	349	349	1	8	312	99	96	dum 	35.77778
310	9	Fa5#4	F5#4	344	344	1	16	156	99	96		35.83333
311	9	Mi5#4	E5#4	340	340	1	16	156	99	96		35.88889
312	9	Fa5#4	F5#4	344	344	1	8	312	95	96		36
313	55			0	0	0	0	0	0	0		36
314	9	La5	A5	358	358	1	4	625	95	96	að	36.22222
315	9	Sol5	G5	349	349	1	12	208	95	96	la	36.2963
316	9	Fa5#3	F5#4	343	344	1	12	208	95	96		36.37037
317	9	Mi5	E5	336	336	1	12	208	95	96		36.44444
318	9	Mi5	E5	336	336	1	2	1250	95	96	dým  	36.88889
319	9			-1	-1	1	8	312	100	0		37
320	53			0	0	0	0	0	0	0		37
321	54			0	0	0	0	0	0	0	hicaz@la4	37
322	9	Do5#4	C5#4	322	322	1	8	312	95	96	Ba	37.11111
323	9	Re5	D5	327	327	1	8	312	95	96	þý	37.22222
324	9	Re5	D5	327	327	1	4	625	95	96	mý 	37.44444
325	9	Do5#4	C5#4	322	322	1	8	312	99	96	taþ	37.55556
326	9	Re5	D5	327	327	1	8	312	95	96		37.66667
327	9	Do5#4	C5#4	322	322	1	8	312	99	96	la	37.77778
328	9	Si4b4	B4b4	310	310	1	8	312	99	96		37.88889
329	9	La4	A4	305	305	1	8	312	95	96		38
330	55			0	0	0	0	0	0	0		38
331	9	La5	A5	358	358	1	2	1250	95	96	ra 	38.44444
332	9	Sol5	G5	349	349	1	12	208	95	96	vur	38.51852
333	9	Fa5#3	F5#4	343	344	1	12	208	95	96		38.59259
334	9	Sol5	G5	349	349	1	12	208	95	96		38.66667
335	9	Mi5	E5	336	336	1	4	625	99	96	dum 	38.88889
336	9	Re5	D5	327	327	1	8	312	95	96		39
337	9	Mi5	E5	336	336	1	8	312	99	96	að	39.11111
338	9	Re5	D5	327	327	1	8	312	95	96		39.22222
339	9	Do5	C5	318	318	1	8	312	99	96	la	39.33333
340	9	Si4b2	B4b1	312	313	1	8	312	95	96		39.44444
341	9	Do5	C5	318	318	1	4	625	99	96	dým  	39.66667
342	9	Re5	D5	327	327	3	8	938	95	96		40
343	53			0	0	0	0	0	0	0		40
344	9	Mi5	E5	336	336	1	8	312	95	96	Gü	40.11111
345	9	Re5	D5	327	327	1	8	312	99	96	nah 	40.22222
346	9	Do5	C5	318	318	1	8	312	99	96		40.33333
347	9	Si4b2	B4b1	312	313	1	8	312	95	96		40.44444
348	9	La4	A4	305	305	1	8	312	99	96	ben	40.55556
349	9	Si4b2	B4b1	312	313	1	8	312	95	96		40.66667
350	9	Do5	C5	318	318	1	8	312	99	96	de 	40.77778
351	9	Re5	D5	327	327	1	8	312	99	96		40.88889
352	9	Do5	C5	318	318	1	8	312	95	96		41
353	9	Re5	D5	327	327	1	8	312	95	96	ku	41.11111
354	9	Do5	C5	318	318	1	8	312	99	96	sur 	41.22222
355	9	Si4b2	B4b1	312	313	1	8	312	99	96		41.33333
356	9	La4	A4	305	305	1	8	312	95	96		41.44444
357	9	Sol4	G4	296	296	1	8	312	99	96	ben	41.55556
358	9	La4	A4	305	305	1	8	312	95	96		41.66667
359	9	Si4b2	B4b1	312	313	1	4	625	99	96	de 	41.88889
360	9	La4	A4	305	305	1	8	312	95	96		42
361	53			0	0	0	0	0	0	0		42
362	9	Re5	D5	327	327	1	4	625	95	96	suç 	42.22222
363	9	Do5	C5	318	318	1	12	208	95	96	ben	42.2963
364	9	Si4b2	B4b1	312	313	1	12	208	95	96		42.37037
365	9	La4	A4	305	305	1	12	208	95	96		42.44444
366	9	La4	A4	305	305	5	8	1563	95	96	de 	43
367	53			0	0	0	0	0	0	0		43
368	9	Mi5	E5	336	336	1	8	312	95	96	Gü	43.11111
369	9	Re5	D5	327	327	1	8	312	99	96	nah 	43.22222
370	9	Do5	C5	318	318	1	8	312	99	96		43.33333
371	9	Si4b2	B4b1	312	313	1	8	312	95	96		43.44444
372	9	La4	A4	305	305	1	8	312	99	96	ben	43.55556
373	9	Si4b2	B4b1	312	313	1	8	312	95	96		43.66667
374	9	Do5	C5	318	318	1	8	312	99	96	de 	43.77778
375	9	Re5	D5	327	327	1	8	312	99	96		43.88889
376	9	Do5	C5	318	318	1	8	312	95	96		44
377	9	Re5	D5	327	327	1	8	312	95	96	ku	44.11111
378	9	Do5	C5	318	318	1	8	312	99	96	sur 	44.22222
379	9	Si4b2	B4b1	312	313	1	8	312	99	96		44.33333
380	9	La4	A4	305	305	1	8	312	95	96		44.44444
381	9	Sol4	G4	296	296	1	8	312	99	96	ben	44.55556
382	9	La4	A4	305	305	1	8	312	95	96		44.66667
383	9	Si4b2	B4b1	312	313	1	4	625	99	96	de 	44.88889
384	9	La4	A4	305	305	1	8	312	95	96		45
385	53			0	0	0	0	0	0	0		45
386	9	Re5	D5	327	327	1	4	625	95	96	suç 	45.22222
387	9	Do5	C5	318	318	1	12	208	95	96	ben	45.2963
388	9	Si4b2	B4b1	312	313	1	12	208	95	96		45.37037
389	9	La4	A4	305	305	1	12	208	95	96		45.44444
390	9	La4	A4	305	305	5	8	1563	95	96	de 	46
391	53			0	0	0	0	0	0	0		46
392	9	La5	A5	358	358	1	2	1250	95	96	SAZ	46.44444
393	9	Mi5	E5	336	336	1	2	1250	95	96	.	46.88889
394	9	Re5	D5	327	327	1	8	312	95	96	.	47
395	9	Mi5	E5	336	336	1	8	312	95	96	.	47.11111
396	9	Re5	D5	327	327	1	8	312	95	96	.	47.22222
397	9	Do5	C5	318	318	1	8	312	95	96	.	47.33333
398	9	Si4b2	B4b1	312	313	1	8	312	95	96	.	47.44444
399	9	La4	A4	305	305	1	8	312	95	96	.	47.55556
400	9	Si4b2	B4b1	312	313	1	8	312	95	96	.	47.66667
401	9	Do5	C5	318	318	1	8	312	95	96	.	47.77778
402	9	Re5	D5	327	327	1	8	312	95	96	.	47.88889
403	9	Mi5	E5	336	336	1	8	312	95	96	.	48
404	53			0	0	0	0	0	0	0		48
405	9	Fa5#3	F5#4	343	344	1	8	312	95	96	.	48.11111
406	9	Sol5	G5	349	349	1	8	312	95	96	.	48.22222
407	9	La5	A5	358	358	1	8	312	95	96	.	48.33333
408	9	Si5b2	B5b1	365	366	1	8	312	95	96	.	48.44444
409	9	Do6	C6	371	371	1	8	312	95	96	.	48.55556
410	9	Si5b2	B5b1	365	366	1	8	312	95	96	.	48.66667
411	9	Do6	C6	371	371	1	8	312	95	96	.	48.77778
412	9	Si5b2	B5b1	365	366	1	8	312	95	96	.	48.88889
413	9	La5	A5	358	358	1	8	312	95	96	.	49
414	9	La5	A5	358	358	3	8	938	95	96	.	49.33333
415	9	Sol5	G5	349	349	1	8	312	95	96	.	49.44444
416	9	Fa5#3	F5#4	343	344	1	8	312	95	96	.	49.55556
417	9	Sol5	G5	349	349	1	8	312	95	96	.	49.66667
418	9	La5	A5	358	358	1	8	312	95	96	.	49.77778
419	9	La5	A5	358	358	1	8	312	95	96	.	49.88889
420	53			0	0	0	0	0	0	0		49.88889
421	9	Sol5	G5	349	349	1	8	312	95	96	.	50
422	9	Sol5	G5	349	349	1	4	625	95	96	.	50.22222
423	9	Sol5	G5	349	349	1	8	312	95	96	.	50.33333
424	9	Fa5#3	F5#4	343	344	1	8	312	95	96	.	50.44444
425	9	Sol5	G5	349	349	1	8	312	95	96	.	50.55556
426	9	Mi5	E5	336	336	1	8	312	95	96	.	50.66667
427	9	Mi5	E5	336	336	1	4	625	95	96	.	50.88889
428	9	Re5	D5	327	327	1	8	312	95	96	.	51
429	9	Mi5	E5	336	336	1	8	312	95	96	.	51.11111
430	9	Re5	D5	327	327	1	8	312	95	96	.	51.22222
431	9	Do5	C5	318	318	1	8	312	95	96	.	51.33333
432	9	Si4b2	B4b1	312	313	1	8	312	95	96	.	51.44444
433	9	La4	A4	305	305	1	8	312	95	96	.	51.55556
434	9	Si4b2	B4b1	312	313	1	8	312	95	96	.	51.66667
435	9	Do5	C5	318	318	1	8	312	95	96	.	51.77778
436	9	Re5	D5	327	327	1	8	312	95	96	.	51.88889
437	9	Do5	C5	318	318	1	8	312	95	96	.	52
438	9	Re5	D5	327	327	1	8	312	95	96	.	52.11111
439	9	Do5	C5	318	318	1	8	312	95	96	.	52.22222
440	9	Si4b2	B4b1	312	313	1	8	312	95	96	.	52.33333
441	9	La4	A4	305	305	1	8	312	95	96	.	52.44444
442	9	Sol4	G4	296	296	1	8	312	95	96	.	52.55556
443	9	La4	A4	305	305	1	8	312	95	96	.	52.66667
444	9	Si4b2	B4b1	312	313	1	4	625	95	96	.	52.88889
445	9	La4	A4	305	305	1	8	312	95	96	.	53
446	53			0	0	0	0	0	0	0		53
447	9	Re5	D5	327	327	1	4	625	95	96	.	53.22222
448	9	Do5	C5	318	318	1	12	208	95	96	.	53.2963
449	9	Si4b2	B4b1	312	313	1	12	208	95	96	.	53.37037
450	9	La4	A4	305	305	1	12	208	95	96	.	53.44444
451	9	La4	A4	305	305	1	8	312	95	96	.	53.55556
452	53			0	0	0	0	0	0	0		53.55556
453	9	Si4b2	B4b1	312	313	1	16	156	95	96	.	53.61111
454	9	Do5	C5	318	318	1	16	156	95	96	.	53.66667
455	9	Re5	D5	327	327	1	16	156	95	96	.	53.72222
456	9	Mi5	E5	336	336	1	16	156	95	96	.	53.77778
457	9	Fa5#3	F5#4	343	344	1	16	156	95	96	.	53.83333
458	9	Sol5	G5	349	349	1	16	156	95	96	.	53.88889
459	9	La5	A5	358	358	1	16	156	95	96	.	53.94444
460	9	Sol5	G5	349	349	1	16	156	95	96	.	54
461	53			0	0	0	0	0	0	0		54
462	9	La5	A5	358	358	1	2	1250	95	96	SAZ	54.44444
463	9	Mi5	E5	336	336	1	2	1250	95	96	.	54.88889
464	9	Re5	D5	327	327	1	8	312	95	96	.	55
465	9	Mi5	E5	336	336	1	8	312	95	96	.	55.11111
466	9	Re5	D5	327	327	1	8	312	95	96	.	55.22222
467	9	Do5	C5	318	318	1	8	312	95	96	.	55.33333
468	9	Si4b2	B4b1	312	313	1	8	312	95	96	.	55.44444
469	9	La4	A4	305	305	1	8	312	95	96	.	55.55556
470	9	Si4b2	B4b1	312	313	1	8	312	95	96	.	55.66667
471	9	Do5	C5	318	318	1	8	312	95	96	.	55.77778
472	9	Re5	D5	327	327	1	8	312	95	96	.	55.88889
473	9	Mi5	E5	336	336	1	8	312	95	96	.	56
474	53			0	0	0	0	0	0	0		56
475	9	Fa5#3	F5#4	343	344	1	8	312	95	96	.	56.11111
476	9	Sol5	G5	349	349	1	8	312	95	96	.	56.22222
477	9	La5	A5	358	358	1	8	312	95	96	.	56.33333
478	9	Si5b2	B5b1	365	366	1	8	312	95	96	.	56.44444
479	9	Do6	C6	371	371	1	8	312	95	96	.	56.55556
480	9	Si5b2	B5b1	365	366	1	8	312	95	96	.	56.66667
481	9	Do6	C6	371	371	1	8	312	95	96	.	56.77778
482	9	Si5b2	B5b1	365	366	1	8	312	95	96	.	56.88889
483	9	La5	A5	358	358	1	8	312	95	96	.	57
484	9	La5	A5	358	358	3	8	938	95	96	.	57.33333
485	9	Sol5	G5	349	349	1	8	312	95	96	.	57.44444
486	9	Fa5#3	F5#4	343	344	1	8	312	95	96	.	57.55556
487	9	Sol5	G5	349	349	1	8	312	95	96	.	57.66667
488	9	La5	A5	358	358	1	8	312	95	96	.	57.77778
489	9	La5	A5	358	358	1	8	312	95	96	.	57.88889
490	53			0	0	0	0	0	0	0		57.88889
491	9	Sol5	G5	349	349	1	8	312	95	96	.	58
492	9	Sol5	G5	349	349	1	4	625	95	96	.	58.22222
493	9	Sol5	G5	349	349	1	8	312	95	96	.	58.33333
494	9	Fa5#3	F5#4	343	344	1	8	312	95	96	.	58.44444
495	9	Sol5	G5	349	349	1	8	312	95	96	.	58.55556
496	9	Mi5	E5	336	336	1	8	312	95	96	.	58.66667
497	9	Mi5	E5	336	336	1	4	625	95	96	.	58.88889
498	9	Re5	D5	327	327	1	8	312	95	96	.	59
499	9	Mi5	E5	336	336	1	8	312	95	96	.	59.11111
500	9	Re5	D5	327	327	1	8	312	95	96	.	59.22222
501	9	Do5	C5	318	318	1	8	312	95	96	.	59.33333
502	9	Si4b2	B4b1	312	313	1	8	312	95	96	.	59.44444
503	9	La4	A4	305	305	1	8	312	95	96	.	59.55556
504	9	Si4b2	B4b1	312	313	1	8	312	95	96	.	59.66667
505	9	Do5	C5	318	318	1	8	312	95	96	.	59.77778
506	9	Re5	D5	327	327	1	8	312	95	96	.	59.88889
507	9	Do5	C5	318	318	1	8	312	95	96	.	60
508	9	Re5	D5	327	327	1	8	312	95	96	.	60.11111
509	9	Do5	C5	318	318	1	8	312	95	96	.	60.22222
510	9	Si4b2	B4b1	312	313	1	8	312	95	96	.	60.33333
511	9	La4	A4	305	305	1	8	312	95	96	.	60.44444
512	9	Sol4	G4	296	296	1	8	312	95	96	.	60.55556
513	9	La4	A4	305	305	1	8	312	95	96	.	60.66667
514	9	Si4b2	B4b1	312	313	1	4	625	95	96	.	60.88889
515	9	La4	A4	305	305	1	8	312	95	96	.	61
516	53			0	0	0	0	0	0	0		61
517	9	Re5	D5	327	327	1	4	625	95	96	.	61.22222
518	9	Do5	C5	318	318	1	12	208	95	96	.	61.2963
519	9	Si4b2	B4b1	312	313	1	12	208	95	96	.	61.37037
520	9	La4	A4	305	305	1	12	208	95	96	.	61.44444
521	9	La4	A4	305	305	1	8	312	95	96	.	61.55556
522	53			0	0	0	0	0	0	0		61.55556
523	9	Si4b2	B4b1	312	313	1	16	156	95	96	.	61.61111
524	9	Do5	C5	318	318	1	16	156	95	96	.	61.66667
525	9	Re5	D5	327	327	1	16	156	95	96	.	61.72222
526	9	Mi5	E5	336	336	1	16	156	95	96	.	61.77778
527	9	Fa5#3	F5#4	343	344	1	16	156	95	96	.	61.83333
528	9	Sol5	G5	349	349	1	16	156	95	96	.	61.88889
529	9	La5	A5	358	358	1	16	156	95	96	.	61.94444
530	9	Sol5	G5	349	349	1	16	156	95	96	.	62
531	53			0	0	0	0	0	0	0		62
532	9	Fa5#3	F5#4	343	344	1	4	625	95	96	Her 	62.22222
533	9	Sol5	G5	349	349	1	4	625	95	96	ha	62.44444
534	9	La5	A5	358	358	1	4	625	95	96	lin	62.66667
535	9	La5	A5	358	358	3	8	938	95	96	le 	63
536	9	Do6	C6	371	371	1	4	625	95	96	her 	63.22222
537	9	Do6	C6	371	371	1	8	312	99	96	þe	63.33333
538	9	Si5b2	B5b1	365	366	1	8	312	95	96		63.44444
539	9	La5	A5	358	358	1	8	312	99	96	yin	63.55556
540	9	Sol5	G5	349	349	1	8	312	95	96		63.66667
541	9	Fa5#3	F5#4	343	344	1	8	312	99	96	le 	63.77778
542	9	Mi5	E5	336	336	1	8	312	99	96		63.88889
543	9	Fa5#3	F5#4	343	344	1	8	312	95	96		64
544	9	Sol5	G5	349	349	1	8	312	95	96	gü	64.11111
545	9	Fa5#3	F5#4	343	344	1	8	312	99	96	zel	64.22222
546	9	Mi5	E5	336	336	1	8	312	99	96		64.33334
547	9	Re5	D5	327	327	1	8	312	95	96		64.44444
548	9	La5	A5	358	358	1	4	625	95	96	sin  	64.66666
549	53			0	0	0	0	0	0	0		64.66666
550	10	La5	A5	358	358	1	8	312	95	96	SAZ	64.77778
551	8	Si5b2	B5b1	365	366	0	0	0	95	96	.	64.77778
552	10	La5	A5	358	358	1	8	312	95	96	.	64.88889
553	8	Si5b2	B5b1	365	366	0	0	0	95	96	.	64.88889
554	9	Sol5	G5	349	349	1	8	312	95	96	.	65
555	9	Sol5	G5	349	349	1	8	312	95	96	Ha	65.11111
556	9	Sol5	G5	349	349	1	8	312	99	96	ta 	65.22222
557	9	Sol5	G5	349	349	1	8	312	99	96		65.33334
558	9	Fa5#3	F5#4	343	344	1	8	312	95	96		65.44444
559	9	Sol5	G5	349	349	1	8	312	99	96	bul	65.55556
560	9	Fa5#3	F5#4	343	344	1	8	312	95	96		65.66666
561	9	Sol5	G5	349	349	1	8	312	99	96	mak 	65.77778
562	9	Mi5	E5	336	336	1	8	312	99	96		65.88889
563	9	Re5	D5	327	327	1	8	312	95	96		66
564	9	Do6	C6	371	371	1	8	312	95	96	ku	66.11111
565	9	Do6	C6	371	371	1	4	625	99	96	sur 	66.33334
566	9	Si5b2	B5b1	365	366	1	8	312	95	96		66.44444
567	9	Si5b2	B5b1	365	366	1	8	312	99	96	bul	66.55556
568	9	La5	A5	358	358	1	8	312	95	96		66.66666
569	9	La5	A5	358	358	1	4	625	99	96	mak 	66.88889
570	9	Sol5	G5	349	349	1	8	312	95	96		67
571	9	Sol5	G5	349	349	1	8	312	99	96	güç 	67.11111
572	9	Fa5#2	F5#1	342	341	1	8	312	95	96		67.22222
573	9	Fa5#2	F5#1	342	341	1	8	312	99	96	sen	67.33334
574	9	Mi5	E5	336	336	1	8	312	95	96		67.44444
575	9	Mi5	E5	336	336	1	4	625	95	96	de  	67.66666
576	53			0	0	0	0	0	0	0		67.66666
577	9	Mi5	E5	336	336	1	16	156	95	96	SAZ	67.72222
578	9	Do5	C5	318	318	1	16	156	50	96	.	67.77778
579	9	Re5	D5	327	327	1	16	156	50	96	.	67.83334
580	9	Mi5	E5	336	336	1	16	156	50	96	.	67.88889
581	9	Fa5	F5	340	340	1	8	312	50	96	.	68
582	53			0	0	0	0	0	0	0		68
583	9	Fa5	F5	340	340	1	8	312	95	96	Ni	68.11111
584	9	Fa5	F5	340	340	3	8	938	95	96	ye 	68.44444
585	9	Mi5	E5	336	336	1	8	312	99	96	be	68.55556
586	9	Fa5	F5	340	340	1	8	312	95	96		68.66666
587	9	Fa5	F5	340	340	1	8	312	99	96	nim 	68.77778
588	9	Mi5	E5	336	336	1	8	312	99	96		68.88889
589	9	Re5	D5	327	327	1	8	312	95	96		69
590	9	Sol5	G5	349	349	1	8	312	95	96	i	69.11111
591	9	Sol5	G5	349	349	1	4	625	95	96	çin 	69.33334
592	9			-1	-1	1	8	312	100	0		69.44444
593	9	Mi5	E5	336	336	1	4	625	95	96	ken	69.66666
594	9	Mi5	E5	336	336	1	4	625	99	96	din 	69.88889
595	9	Re5	D5	327	327	1	8	312	95	96		70
596	9	Mi5	E5	336	336	1	8	312	95	96	ü	70.11111
597	9	Re5	D5	327	327	1	8	312	99	96	zer	70.22222
598	9	Do5	C5	318	318	1	8	312	99	96		70.33334
599	9	Si4b2	B4b1	312	313	1	8	312	95	96		70.44444
600	9	Do5	C5	318	318	1	4	625	99	96	sin  	70.66666
601	9	Re5	D5	327	327	3	8	938	95	96		71
602	53			0	0	0	0	0	0	0		71
603	9	Mi5	E5	336	336	1	8	312	95	96	Gü	71.11111
604	9	Re5	D5	327	327	1	8	312	99	96	nah 	71.22222
605	9	Do5	C5	318	318	1	8	312	99	96		71.33334
606	9	Si4b2	B4b1	312	313	1	8	312	95	96		71.44444
607	9	La4	A4	305	305	1	8	312	99	96	ben	71.55556
608	9	Si4b2	B4b1	312	313	1	8	312	95	96		71.66666
609	9	Do5	C5	318	318	1	8	312	99	96	de 	71.77778
610	9	Re5	D5	327	327	1	8	312	99	96		71.88889
611	9	Do5	C5	318	318	1	8	312	95	96		72
612	9	Re5	D5	327	327	1	8	312	95	96	ku	72.11111
613	9	Do5	C5	318	318	1	8	312	99	96	sur 	72.22222
614	9	Si4b2	B4b1	312	313	1	8	312	99	96		72.33334
615	9	La4	A4	305	305	1	8	312	95	96		72.44444
616	9	Sol4	G4	296	296	1	8	312	99	96	ben	72.55556
617	9	La4	A4	305	305	1	8	312	95	96		72.66666
618	9	Si4b2	B4b1	312	313	1	4	625	99	96	de 	72.88889
619	9	La4	A4	305	305	1	8	312	95	96		73
620	53			0	0	0	0	0	0	0		73
621	9	Re5	D5	327	327	1	4	625	95	96	suç 	73.22222
622	9	Do5	C5	318	318	1	12	208	95	96	ben	73.2963
623	9	Si4b2	B4b1	312	313	1	12	208	95	96		73.37037
624	9	La4	A4	305	305	1	12	208	95	96		73.44444
625	9	La4	A4	305	305	1	4	625	95	96	de  	73.66666
626	53			0	0	0	0	0	0	0		73.66666
627	9	La4	A4	305	305	1	16	156	95	96	SAZ	73.72222
628	9	Sol4	G4	296	296	1	16	156	95	96	.	73.77778
629	9	La4	A4	305	305	1	16	156	95	96	.	73.83334
630	9	Si4b2	B4b1	312	313	1	16	156	95	96	.	73.88889
631	9	Do5	C5	318	318	1	16	156	95	96	.	73.94444
632	9	Re5	D5	327	327	1	16	156	95	96	.	74
633	9	Mi5	E5	336	336	1	8	312	95	96	.	74.11111
634	9	Re5	D5	327	327	1	8	312	95	96	.	74.22222
635	9	Do5	C5	318	318	1	8	312	95	96	.	74.33334
636	9	Si4b2	B4b1	312	313	1	8	312	95	96	.	74.44444
637	9	La4	A4	305	305	1	8	312	95	96	.	74.55556
638	9	Si4b2	B4b1	312	313	1	8	312	95	96	.	74.66666
639	9	Do5	C5	318	318	1	8	312	95	96	.	74.77778
640	9	Re5	D5	327	327	1	8	312	95	96	.	74.88889
641	9	Do5	C5	318	318	1	8	312	95	96	.	75
642	9	Re5	D5	327	327	1	8	312	95	96	.	75.11111
643	9	Do5	C5	318	318	1	8	312	95	96	.	75.22222
644	9	Si4b2	B4b1	312	313	1	8	312	95	96	.	75.33334
645	9	La4	A4	305	305	1	8	312	95	96	.	75.44444
646	9	Sol4	G4	296	296	1	8	312	95	96	.	75.55556
647	9	La4	A4	305	305	1	8	312	95	96	.	75.66666
648	9	Si4b2	B4b1	312	313	1	4	625	95	96	.	75.88889
649	9	La4	A4	305	305	1	8	312	95	96	.	76
650	53			0	0	0	0	0	0	0		76
651	9	Re5	D5	327	327	1	4	625	95	96	.	76.22222
652	9	Do5	C5	318	318	1	12	208	95	96	.	76.2963
653	9	Si4b2	B4b1	312	313	1	12	208	95	96	.	76.37037
654	9	La4	A4	305	305	1	12	208	95	96	.	76.44444
655	9	La4	A4	305	305	1	4	625	95	96	.	76.66666
656	53			0	0	0	0	0	0	0		76.66666
657	54			0	0	0	0	0	0	0	hicaz@la4	76.66666
658	9	La4	A4	305	305	1	8	312	95	96	.	76.77778
659	9	Si4b2	B4b1	312	313	1	8	312	95	96	.	76.88889
660	9	Do5#4	C5#4	322	322	1	8	312	95	96	.	77
661	53			0	0	0	0	0	0	0		77
662	9	Re5	D5	327	327	1	4	625	95	96	Her 	77.22222
663	9	Re5	D5	327	327	1	8	312	95	96	kö	77.33334
664	9	Re5	D5	327	327	1	8	312	95	96	þe	77.44444
665	9	Re5	D5	327	327	1	4	625	95	96	ba	77.66666
666	9	Re5	D5	327	327	1	8	312	99	96	þýn	77.77778
667	9	Do5#4	C5#4	322	322	1	8	312	99	96		77.88889
668	9	Si4b4	B4b4	310	310	1	8	312	95	96		78
669	9	Do5#4	C5#4	322	322	1	2	1250	95	96	da 	78.44444
670	9	Re5	D5	327	327	1	4	625	95	96	dur	78.66666
671	9	Mi5	E5	336	336	1	4	625	99	96	dum 	78.88889
672	9	Re5	D5	327	327	1	8	312	95	96		79
673	9	Fa5	F5	340	340	1	8	312	99	96	að	79.11111
674	9	Mi5	E5	336	336	1	8	312	95	96		79.22222
675	9	Re5	D5	327	327	1	8	312	99	96	la	79.33334
676	9	Do5#4	C5#4	322	322	1	8	312	95	96		79.44444
677	9	Re5	D5	327	327	1	4	625	95	96	dým  	79.66666
678	55			0	0	0	0	0	0	0		79.66666
679	53			0	0	0	0	0	0	0		79.66666
680	54			0	0	0	0	0	0	0	evic@fa4#4	79.66666
681	9	La5	A5	358	358	1	16	156	95	96	SAZ	79.72222
682	9	Sol5	G5	349	349	1	16	156	95	96	.	79.77778
683	9	Fa5#4	F5#4	344	344	1	16	156	95	96	.	79.83334
684	9	Mi5#4	E5#4	340	340	1	16	156	95	96	.	79.88889
685	9	Fa5#4	F5#4	344	344	1	16	156	95	96	.	79.94444
686	9	Sol5	G5	349	349	1	16	156	95	96	.	80
687	9	Fa5#4	F5#4	344	344	1	8	312	95	96	.	80.11111
688	53			0	0	0	0	0	0	0		80.11111
689	9	Fa5#4	F5#4	344	344	1	4	625	95	96	Her 	80.33334
690	9	Fa5#4	F5#4	344	344	1	8	312	95	96	ge	80.44444
691	9	Fa5#4	F5#4	344	344	1	8	312	99	96	len 	80.55556
692	9	Sol5	G5	349	349	1	8	312	95	96		80.66666
693	9	Fa5#4	F5#4	344	344	1	8	312	95	96	ge	80.77778
694	9	Mi5	E5	336	336	1	8	312	99	96	çen	80.88889
695	9	Re5	D5	327	327	1	8	312	95	96		81
696	9	Sol5	G5	349	349	1	4	625	99	96	den 	81.22222
697	9	Fa5#4	F5#4	344	344	1	8	312	99	96		81.33334
698	9	Sol5	G5	349	349	1	8	312	95	96		81.44444
699	9	La5	A5	358	358	1	4	625	95	96	sor	81.66666
700	9	Sol5	G5	349	349	1	8	312	99	96	dum 	81.77778
701	9	Fa5#4	F5#4	344	344	1	16	156	99	96		81.83334
702	9	Mi5#4	E5#4	340	340	1	16	156	99	96		81.88889
703	9	Fa5#4	F5#4	344	344	1	8	312	95	96		82
704	55			0	0	0	0	0	0	0		82
705	9	La5	A5	358	358	1	4	625	95	96	að	82.22222
706	9	Sol5	G5	349	349	1	12	208	95	96	la	82.2963
707	9	Fa5#3	F5#4	343	344	1	12	208	95	96		82.37037
708	9	Mi5	E5	336	336	1	12	208	95	96		82.44444
709	9	Mi5	E5	336	336	1	2	1250	95	96	dým  	82.88889
710	9			-1	-1	1	8	312	100	0		83
711	53			0	0	0	0	0	0	0		83
712	54			0	0	0	0	0	0	0	hicaz@la4	83
713	9	Do5#4	C5#4	322	322	1	8	312	95	96	Ba	83.11111
714	9	Re5	D5	327	327	1	8	312	95	96	þý	83.22222
715	9	Re5	D5	327	327	1	4	625	95	96	mý 	83.44444
716	9	Do5#4	C5#4	322	322	1	8	312	99	96	taþ	83.55556
717	9	Re5	D5	327	327	1	8	312	95	96		83.66666
718	9	Do5#4	C5#4	322	322	1	8	312	99	96	la	83.77778
719	9	Si4b4	B4b4	310	310	1	8	312	99	96		83.88889
720	9	La4	A4	305	305	1	8	312	95	96		84
721	55			0	0	0	0	0	0	0		84
722	9	La5	A5	358	358	1	2	1250	95	96	ra 	84.44444
723	9	Sol5	G5	349	349	1	12	208	95	96	vur	84.51852
724	9	Fa5#3	F5#4	343	344	1	12	208	95	96		84.59259
725	9	Sol5	G5	349	349	1	12	208	95	96		84.66666
726	9	Mi5	E5	336	336	1	4	625	99	96	dum 	84.88889
727	9	Re5	D5	327	327	1	8	312	95	96		85
728	9	Mi5	E5	336	336	1	8	312	99	96	að	85.11111
729	9	Re5	D5	327	327	1	8	312	95	96		85.22222
730	9	Do5	C5	318	318	1	8	312	99	96	la	85.33334
731	9	Si4b2	B4b1	312	313	1	8	312	95	96		85.44444
732	9	Do5	C5	318	318	1	4	625	99	96	dým  	85.66666
733	9	Re5	D5	327	327	3	8	938	95	96		86
734	53			0	0	0	0	0	0	0		86
735	9	Mi5	E5	336	336	1	8	312	95	96	Gü	86.11111
736	9	Re5	D5	327	327	1	8	312	99	96	nah 	86.22222
737	9	Do5	C5	318	318	1	8	312	99	96		86.33334
738	9	Si4b2	B4b1	312	313	1	8	312	95	96		86.44444
739	9	La4	A4	305	305	1	8	312	99	96	ben	86.55556
740	9	Si4b2	B4b1	312	313	1	8	312	95	96		86.66666
741	9	Do5	C5	318	318	1	8	312	99	96	de 	86.77778
742	9	Re5	D5	327	327	1	8	312	99	96		86.88889
743	9	Do5	C5	318	318	1	8	312	95	96		87
744	9	Re5	D5	327	327	1	8	312	95	96	ku	87.11111
745	9	Do5	C5	318	318	1	8	312	99	96	sur 	87.22222
746	9	Si4b2	B4b1	312	313	1	8	312	99	96		87.33334
747	9	La4	A4	305	305	1	8	312	95	96		87.44444
748	9	Sol4	G4	296	296	1	8	312	99	96	ben	87.55556
749	9	La4	A4	305	305	1	8	312	95	96		87.66666
750	9	Si4b2	B4b1	312	313	1	4	625	99	96	de 	87.88889
751	9	La4	A4	305	305	1	8	312	95	96		88
752	53			0	0	0	0	0	0	0		88
753	9	Re5	D5	327	327	1	4	625	95	96	suç 	88.22222
754	9	Do5	C5	318	318	1	12	208	95	96	ben	88.2963
755	9	Si4b2	B4b1	312	313	1	12	208	95	96		88.37037
756	9	La4	A4	305	305	1	12	208	95	96		88.44444
757	9	La4	A4	305	305	5	8	1563	95	96	de 	89
758	53			0	0	0	0	0	0	0		89
759	9	Mi5	E5	336	336	1	8	312	95	96	Gü	89.11111
760	9	Re5	D5	327	327	1	8	312	99	96	nah 	89.22222
761	9	Do5	C5	318	318	1	8	312	99	96		89.33334
762	9	Si4b2	B4b1	312	313	1	8	312	95	96		89.44444
763	9	La4	A4	305	305	1	8	312	99	96	ben	89.55556
764	9	Si4b2	B4b1	312	313	1	8	312	95	96		89.66666
765	9	Do5	C5	318	318	1	8	312	99	96	de 	89.77778
766	9	Re5	D5	327	327	1	8	312	99	96		89.88889
767	9	Do5	C5	318	318	1	8	312	95	96		90
768	9	Re5	D5	327	327	1	8	312	95	96	ku	90.11111
769	9	Do5	C5	318	318	1	8	312	99	96	sur 	90.22222
770	9	Si4b2	B4b1	312	313	1	8	312	99	96		90.33334
771	9	La4	A4	305	305	1	8	312	95	96		90.44444
772	9	Sol4	G4	296	296	1	8	312	99	96	ben	90.55556
773	9	La4	A4	305	305	1	8	312	95	96		90.66666
774	9	Si4b2	B4b1	312	313	1	4	625	99	96	de 	90.88889
775	9	La4	A4	305	305	1	8	312	95	96		91
776	53			0	0	0	0	0	0	0		91
777	9	Re5	D5	327	327	1	4	625	95	96	suç 	91.22222
778	9	Do5	C5	318	318	1	12	208	95	96	ben	91.2963
779	9	Si4b2	B4b1	312	313	1	12	208	95	96		91.37037
780	9	La4	A4	305	305	1	12	208	95	96		91.44444
781	9	La4	A4	305	305	5	8	1563	95	96	de 	92
782	53			0	0	0	0	0	0	0		92
