Sıra	Kod	Nota53	NotaAE	Koma53	KomaAE	Pay	Payda	Ms	LNS	Bas	Soz1	Offset
1	9	La5	A5	358	358	1	4	667	95	96	ARANAĞME 	0.2
2	9	La5	A5	358	358	1	8	333	95	96	.	0.3
3	9	La5	A5	358	358	1	4	667	95	96	.	0.5
4	9	La5	A5	358	358	1	4	667	95	96	.	0.7
5	9	Sol5	G5	349	349	1	8	333	95	96	.	0.8
6	9	Fa5#3	F5#4	343	344	1	8	333	95	96	.	0.9
7	9	Mi5	E5	336	336	1	8	333	95	96	.	1
8	9	Re5	D5	327	327	1	4	667	95	96	.	1.2
9	9	Re5	D5	327	327	1	8	333	95	96	.	1.3
10	9	Re5	D5	327	327	1	4	667	95	96	.	1.5
11	9	Re5	D5	327	327	1	4	667	95	96	.	1.7
12	53			0	0	0	0	0	0	0		1.7
13	9	Re5	D5	327	327	1	8	333	95	96	.	1.8
14	9	Mi5	E5	336	336	1	8	333	95	96	.	1.9
15	9	Fa5#3	F5#4	343	344	1	8	333	95	96	.	2
16	9	Sol5	G5	349	349	1	4	667	95	96	.	2.2
17	9	Sol5	G5	349	349	1	8	333	95	96	.	2.3
18	9	Sol5	G5	349	349	1	4	667	95	96	.	2.5
19	9	Sol5	G5	349	349	1	4	667	95	96	.	2.7
20	9	Fa5	F5	340	340	1	8	333	95	96	.	2.8
21	9	Mi5	E5	336	336	1	8	333	95	96	.	2.9
22	9	Re5	D5	327	327	1	8	333	95	96	.	3
23	9	Do5	C5	318	318	1	4	667	95	96	.	3.2
24	9	Do5	C5	318	318	1	8	333	95	96	.	3.3
25	9	Do5	C5	318	318	1	4	667	95	96	.	3.5
26	9	Do5	C5	318	318	1	4	667	95	96	.	3.7
27	53			0	0	0	0	0	0	0		3.7
28	9	Si4b2	B4b1	312	313	1	8	333	95	96	.	3.8
29	9	Do5	C5	318	318	1	8	333	95	96	.	3.9
30	9	Re5	D5	327	327	1	8	333	95	96	.	4
31	9	Mi5	E5	336	336	1	4	667	95	96	.	4.2
32	9	Mi5	E5	336	336	1	8	333	95	96	.	4.3
33	9	Mi5	E5	336	336	1	4	667	95	96	.	4.5
34	9	Mi5	E5	336	336	1	4	667	95	96	.	4.7
35	9	Re5	D5	327	327	1	8	333	95	96	.	4.8
36	9	Do5	C5	318	318	1	8	333	95	96	.	4.9
37	9	Si4b2	B4b1	312	313	1	8	333	95	96	.	5
38	9	La4	A4	305	305	1	4	667	95	96	.	5.2
39	9	La4	A4	305	305	1	8	333	95	96	.	5.3
40	9	La4	A4	305	305	1	4	667	95	96	.	5.5
41	9	La4	A4	305	305	1	4	667	95	96	.	5.7
42	53			0	0	0	0	0	0	0		5.7
43	9	Do5	C5	318	318	1	8	333	95	96	.	5.8
44	9	Si4b2	B4b1	312	313	1	8	333	95	96	.	5.9
45	9	Re5	D5	327	327	1	8	333	95	96	.	6
46	9	La4	A4	305	305	1	4	667	95	96	.	6.2
47	9	La4	A4	305	305	1	8	333	95	96	.	6.3
48	9	La4	A4	305	305	1	4	667	95	96	.	6.5
49	9	Do5	C5	318	318	1	8	333	95	96	.	6.6
50	9	Si4b2	B4b1	312	313	1	8	333	95	96	.	6.7
51	9	La4	A4	305	305	1	4	667	95	96	.	6.9
52	9	Sol4	G4	296	296	1	8	333	95	96	.	7
53	9	La4	A4	305	305	3	16	500	95	96	.	7.15
54	9	Si4b2	B4b1	312	313	1	16	167	95	96	.	7.2
55	9	Do5	C5	318	318	1	8	333	95	96	.	7.3
56	9	Re5	D5	327	327	1	8	333	95	96	.	7.4
57	9	Mi5	E5	336	336	1	8	333	95	96	.	7.5
58	9	Fa5#3	F5#4	343	344	1	8	333	95	96	.	7.6
59	9	Sol5	G5	349	349	1	8	333	95	96	.	7.7
60	9	La5	A5	358	358	1	16	167	95	96	.	7.75
61	9	Si5b2	B5b1	365	366	1	16	167	95	96	.	7.8
62	9	La5	A5	358	358	1	16	167	95	96	.	7.85
63	9	Sol5	G5	349	349	1	16	167	95	96	.	7.9
64	9	Fa5#3	F5#4	343	344	1	16	167	95	96	.	7.95
65	9	Sol5	G5	349	349	1	16	167	95	96	.	8
66	9	La5	A5	358	358	1	4	667	95	96	ARANAĞME 	8.2
67	9	La5	A5	358	358	1	8	333	95	96	.	8.3
68	9	La5	A5	358	358	1	4	667	95	96	.	8.5
69	9	La5	A5	358	358	1	4	667	95	96	.	8.7
70	9	Sol5	G5	349	349	1	8	333	95	96	.	8.8
71	9	Fa5#3	F5#4	343	344	1	8	333	95	96	.	8.9
72	9	Mi5	E5	336	336	1	8	333	95	96	.	9
73	9	Re5	D5	327	327	1	4	667	95	96	.	9.2
74	9	Re5	D5	327	327	1	8	333	95	96	.	9.3
75	9	Re5	D5	327	327	1	4	667	95	96	.	9.5
76	9	Re5	D5	327	327	1	4	667	95	96	.	9.7
77	53			0	0	0	0	0	0	0		9.7
78	9	Re5	D5	327	327	1	8	333	95	96	.	9.8
79	9	Mi5	E5	336	336	1	8	333	95	96	.	9.9
80	9	Fa5#3	F5#4	343	344	1	8	333	95	96	.	10
81	9	Sol5	G5	349	349	1	4	667	95	96	.	10.2
82	9	Sol5	G5	349	349	1	8	333	95	96	.	10.3
83	9	Sol5	G5	349	349	1	4	667	95	96	.	10.5
84	9	Sol5	G5	349	349	1	4	667	95	96	.	10.7
85	9	Fa5	F5	340	340	1	8	333	95	96	.	10.8
86	9	Mi5	E5	336	336	1	8	333	95	96	.	10.9
87	9	Re5	D5	327	327	1	8	333	95	96	.	11
88	9	Do5	C5	318	318	1	4	667	95	96	.	11.2
89	9	Do5	C5	318	318	1	8	333	95	96	.	11.3
90	9	Do5	C5	318	318	1	4	667	95	96	.	11.5
91	9	Do5	C5	318	318	1	4	667	95	96	.	11.7
92	53			0	0	0	0	0	0	0		11.7
93	9	Si4b2	B4b1	312	313	1	8	333	95	96	.	11.8
94	9	Do5	C5	318	318	1	8	333	95	96	.	11.9
95	9	Re5	D5	327	327	1	8	333	95	96	.	12
96	9	Mi5	E5	336	336	1	4	667	95	96	.	12.2
97	9	Mi5	E5	336	336	1	8	333	95	96	.	12.3
98	9	Mi5	E5	336	336	1	4	667	95	96	.	12.5
99	9	Mi5	E5	336	336	1	4	667	95	96	.	12.7
100	9	Re5	D5	327	327	1	8	333	95	96	.	12.8
101	9	Do5	C5	318	318	1	8	333	95	96	.	12.9
102	9	Si4b2	B4b1	312	313	1	8	333	95	96	.	13
103	9	La4	A4	305	305	1	4	667	95	96	.	13.2
104	9	La4	A4	305	305	1	8	333	95	96	.	13.3
105	9	La4	A4	305	305	1	4	667	95	96	.	13.5
106	9	La4	A4	305	305	1	4	667	95	96	.	13.7
107	53			0	0	0	0	0	0	0		13.7
108	9	Do5	C5	318	318	1	8	333	95	96	.	13.8
109	9	Si4b2	B4b1	312	313	1	8	333	95	96	.	13.9
110	9	Re5	D5	327	327	1	8	333	95	96	.	14
111	9	La4	A4	305	305	1	4	667	95	96	.	14.2
112	9	La4	A4	305	305	1	8	333	95	96	.	14.3
113	9	La4	A4	305	305	1	4	667	95	96	.	14.5
114	9	Do5	C5	318	318	1	8	333	95	96	.	14.6
115	9	Si4b2	B4b1	312	313	1	8	333	95	96	.	14.7
116	9	La4	A4	305	305	1	4	667	95	96	.	14.9
117	9	Sol4	G4	296	296	1	8	333	95	96	.	15
118	9	La4	A4	305	305	3	16	500	95	96	.	15.15
119	9	Si4b2	B4b1	312	313	1	16	167	95	96	.	15.2
120	9	Do5	C5	318	318	1	8	333	95	96	.	15.3
121	9	Re5	D5	327	327	1	8	333	95	96	.	15.4
122	9	Mi5	E5	336	336	1	8	333	95	96	.	15.5
123	9	Fa5#3	F5#4	343	344	1	8	333	95	96	.	15.6
124	9	Sol5	G5	349	349	1	8	333	95	96	.	15.7
125	9	La5	A5	358	358	1	16	167	95	96	.	15.75
126	9	Si5b2	B5b1	365	366	1	16	167	95	96	.	15.8
127	9	La5	A5	358	358	1	16	167	95	96	.	15.85
128	9	Sol5	G5	349	349	1	16	167	95	96	.	15.9
129	9	Fa5#3	F5#4	343	344	1	16	167	95	96	.	15.95
130	9	Sol5	G5	349	349	1	16	167	95	96	.	16
131	9	La5	A5	358	358	1	4	667	95	96	.	16.2
132	53			0	0	0	0	0	0	0		16.2
133	9	Fa5#3	F5#4	343	344	1	8	333	95	96	Ba	16.3
134	9	Sol5	G5	349	349	1	4	667	95	96	tan 	16.5
135	9	La5	A5	358	358	1	4	667	95	96	gün 	16.7
136	9	La5	A5	358	358	3	8	1000	95	96	ka	17
137	9	La5	A5	358	358	3	8	1000	95	96	na 	17.3
138	9	La5	A5	358	358	1	4	667	95	96	ben	17.5
139	10	La5	A5	358	358	1	8	333	99	96	zi	17.6
140	8	Do6	C6	371	371	0	0	0	99	96		17.6
141	9	Si5b2	B5b1	365	366	1	16	167	99	96		17.65
142	11	La5	A5	358	358	1	16	167	95	96		17.7
143	9	La5	A5	358	358	1	4	667	95	96	yor  	17.9
144	53			0	0	0	0	0	0	0		17.9
145	9	La4	A4	305	305	1	16	167	95	96	SAZ	17.95
146	9	Sol4	G4	296	296	1	16	167	95	96	.	18
147	9	La4	A4	305	305	1	4	667	95	96	.	18.2
148	53			0	0	0	0	0	0	0		18.2
149	9	Fa5#3	F5#4	343	344	1	8	333	95	96	Ya	18.3
150	9	Sol5	G5	349	349	1	8	333	99	96	ra	18.4
151	9	La5	A5	358	358	1	8	333	95	96		18.5
152	9	La5	A5	358	358	1	4	667	95	96	lı 	18.7
153	9	La5	A5	358	358	1	4	667	99	96	câ	18.9
154	9	Sol5	G5	349	349	1	8	333	95	96		19
155	9	La5	A5	358	358	1	8	333	99	96	na 	19.1
156	9	Si5b2	B5b1	365	366	1	8	333	95	96		19.2
157	8	Si5b2	B5b1	365	366	0	0	0	95	96		19.2
158	9	Sol5	G5	349	349	1	4	667	99	96	ben	19.4
159	9	Fa5#3	F5#4	343	344	1	8	333	95	96		19.5
160	9	Sol5	G5	349	349	1	8	333	99	96	zi	19.6
161	9	La5	A5	358	358	1	8	333	95	96		19.7
162	8	La5	A5	358	358	0	0	0	95	96		19.7
163	9	Fa5#3	F5#4	343	344	1	4	667	99	96	yor  	19.9
164	9	Mi5	E5	336	336	1	8	333	95	96		20
165	9	Sol5	G5	349	349	1	4	667	99	96	Es	20.2
166	9	Mi5	E5	336	336	1	8	333	95	96		20.3
167	9	Mi5	E5	336	336	1	4	667	95	96	me	20.5
168	9	Mi5	E5	336	336	1	8	333	99	96	rim 	20.6
169	9	Re5	D5	327	327	1	8	333	95	96		20.7
170	9	Re5	D5	327	327	1	8	333	99	96	vay 	20.8
171	8	Fa5#3	F5#4	343	344	0	0	0	99	96		20.8
172	9	Mi5	E5	336	336	1	8	333	99	96		20.9
173	9	Re5	D5	327	327	1	8	333	95	96		21
174	9	Re5	D5	327	327	1	4	667	99	96	vay  	21.2
175	9	Re5	D5	327	327	1	8	333	99	96		21.3
176	9	Re5	D5	327	327	1	4	667	95	96		21.5
177	53			0	0	0	0	0	0	0		21.5
178	9	Do5	C5	318	318	1	8	333	95	96	SAZ	21.6
179	9	Si4b2	B4b1	312	313	1	8	333	95	96	.	21.7
180	9	La4	A4	305	305	3	16	500	95	96	.	21.85
181	9	Sol5	G5	349	349	1	16	167	95	96	.	21.9
182	9	Fa5#3	F5#4	343	344	1	16	167	95	96	.	21.95
183	9	Sol5	G5	349	349	1	16	167	95	96	.	22
184	9	La5	A5	358	358	1	4	667	95	96	.	22.2
185	53			0	0	0	0	0	0	0		22.2
186	9	Fa5#3	F5#4	343	344	1	8	333	95	96	Ba	22.3
187	9	Sol5	G5	349	349	1	4	667	95	96	tan 	22.5
188	9	La5	A5	358	358	1	4	667	95	96	gün 	22.7
189	9	La5	A5	358	358	3	8	1000	95	96	ka	23
190	9	La5	A5	358	358	3	8	1000	95	96	na 	23.3
191	9	La5	A5	358	358	1	4	667	95	96	ben	23.5
192	10	La5	A5	358	358	1	8	333	99	96	zi	23.6
193	8	Do6	C6	371	371	0	0	0	99	96		23.6
194	9	Si5b2	B5b1	365	366	1	16	167	99	96		23.65
195	11	La5	A5	358	358	1	16	167	95	96		23.7
196	9	La5	A5	358	358	1	4	667	95	96	yor  	23.9
197	53			0	0	0	0	0	0	0		23.9
198	9	La4	A4	305	305	1	16	167	95	96	SAZ	23.95
199	9	Sol4	G4	296	296	1	16	167	95	96	.	24
200	9	La4	A4	305	305	1	4	667	95	96	.	24.2
201	53			0	0	0	0	0	0	0		24.2
202	9	Fa5#3	F5#4	343	344	1	8	333	95	96	Ya	24.3
203	9	Sol5	G5	349	349	1	8	333	99	96	ra	24.4
204	9	La5	A5	358	358	1	8	333	95	96		24.5
205	9	La5	A5	358	358	1	4	667	95	96	lı 	24.7
206	9	La5	A5	358	358	1	4	667	99	96	câ	24.9
207	9	Sol5	G5	349	349	1	8	333	95	96		25
208	9	La5	A5	358	358	1	8	333	99	96	na 	25.1
209	9	Si5b2	B5b1	365	366	1	8	333	95	96		25.2
210	8	Si5b2	B5b1	365	366	0	0	0	95	96		25.2
211	9	Sol5	G5	349	349	1	4	667	99	96	ben	25.4
212	9	Fa5#3	F5#4	343	344	1	8	333	95	96		25.5
213	9	Sol5	G5	349	349	1	8	333	99	96	zi	25.6
214	9	La5	A5	358	358	1	8	333	95	96		25.7
215	8	La5	A5	358	358	0	0	0	95	96		25.7
216	9	Fa5#3	F5#4	343	344	1	4	667	99	96	yor  	25.9
217	9	Mi5	E5	336	336	1	8	333	95	96		26
218	9	Sol5	G5	349	349	1	4	667	99	96	Es	26.2
219	9	Mi5	E5	336	336	1	8	333	95	96		26.3
220	9	Mi5	E5	336	336	1	4	667	95	96	me	26.5
221	9	Mi5	E5	336	336	1	8	333	99	96	rim 	26.6
222	9	Re5	D5	327	327	1	8	333	95	96		26.7
223	9	Re5	D5	327	327	1	8	333	99	96	vay 	26.8
224	8	Fa5#3	F5#4	343	344	0	0	0	99	96		26.8
225	9	Mi5	E5	336	336	1	8	333	99	96		26.9
226	9	Re5	D5	327	327	1	8	333	95	96		27
227	9	Re5	D5	327	327	1	4	667	99	96	vay  	27.2
228	9	Re5	D5	327	327	1	8	333	99	96		27.3
229	9	Re5	D5	327	327	1	4	667	95	96		27.5
230	53			0	0	0	0	0	0	0		27.5
231	9	Do5	C5	318	318	1	8	333	95	96	SAZ	27.6
232	9	Re5	D5	327	327	1	8	333	95	96	.	27.7
233	9	Mi5	E5	336	336	1	4	667	95	96	.	27.9
234	9			-1	-1	1	8	333	100	0		28
235	53			0	0	0	0	0	0	0		28
236	54			0	0	0	0	0	0	0	karcigar@la4	28
237	9	Mi5	E5	336	336	3	8	1000	95	96	Ah 	28.3
238	9	Mi5	E5	336	336	1	4	667	95	96	e	28.5
239	9	Mi5	E5	336	336	1	8	333	99	96	di	28.6
240	9	Re5	D5	327	327	1	8	333	95	96		28.7
241	9	Mi5b3	E5b4	333	332	1	8	333	99	96	yor 	28.8
242	9	Re5	D5	327	327	1	8	333	99	96		28.9
243	9	Do5	C5	318	318	1	8	333	95	96		29
244	9	Re5	D5	327	327	1	4	667	99	96	bir 	29.2
245	9	Do5	C5	318	318	1	8	333	95	96		29.3
246	9	Mi5b3	E5b4	333	332	1	8	333	99	96	gül 	29.4
247	9	Re5	D5	327	327	1	8	333	95	96		29.5
248	9	Do5	C5	318	318	1	8	333	99	96	i	29.6
249	9	Si4b2	B4b1	312	313	1	8	333	95	96		29.7
250	9	Do5	C5	318	318	3	16	500	95	96	çin  	29.85
251	55			0	0	0	0	0	0	0		29.85
252	53			0	0	0	0	0	0	0		29.85
253	9	Re5	D5	327	327	1	16	167	95	96	SAZ	29.9
254	9	Mi5	E5	336	336	1	16	167	95	96	.	29.95
255	9	Fa5#3	F5#4	343	344	1	16	167	95	96	.	30
256	9	Sol5	G5	349	349	1	4	667	95	96	.	30.2
257	53			0	0	0	0	0	0	0		30.2
258	9	Fa5#3	F5#4	343	344	1	8	333	95	96	Şu 	30.3
259	9	Sol5	G5	349	349	1	4	667	95	96	bül	30.5
260	9	Sol5	G5	349	349	1	8	333	99	96	bül 	30.6
261	9	Fa5#3	F5#4	343	344	1	8	333	95	96		30.7
262	9	Sol5	G5	349	349	1	8	333	99	96	ba	30.8
263	9	Mi5	E5	336	336	1	8	333	99	96		30.9
264	9	Re5	D5	327	327	1	8	333	95	96		31
265	9	Re5	D5	327	327	1	4	667	99	96	na 	31.2
266	9	Si4b2	B4b1	312	313	1	8	333	95	96		31.3
267	9	Do5	C5	318	318	1	8	333	99	96	ben	31.4
268	9	Si4b2	B4b1	312	313	1	8	333	95	96		31.5
269	9	Do5	C5	318	318	1	8	333	99	96	zi	31.6
270	9	Re5	D5	327	327	1	8	333	95	96		31.7
271	8	Re5	D5	327	327	0	0	0	95	96		31.7
272	9	Si4b2	B4b1	312	313	1	4	667	99	96	yor  	31.9
273	9	La4	A4	305	305	1	8	333	95	96		32
274	53			0	0	0	0	0	0	0		32
275	9	Re5	D5	327	327	3	8	1000	95	96	Vay 	32.3
276	9	Re5	D5	327	327	1	4	667	95	96	be	32.5
277	9	Re5	D5	327	327	1	8	333	99	96	nim 	32.6
278	9	Mi5	E5	336	336	1	8	333	95	96		32.7
279	8	Mi5	E5	336	336	0	0	0	95	96		32.7
280	9	Do5	C5	318	318	1	4	667	99	96	ga	32.9
281	9	Si4b2	B4b1	312	313	1	8	333	95	96		33
282	9	Do5	C5	318	318	1	4	667	95	96	rip 	33.2
283	8	Si4b2	B4b1	312	313	0	0	0	95	96		33.2
284	9	Re5	D5	327	327	1	8	333	99	96	gön	33.3
285	9	Si4b2	B4b1	312	313	1	8	333	99	96		33.4
286	9	La4	A4	305	305	1	8	333	95	96		33.5
287	9	La4	A4	305	305	1	4	667	95	96	lüm  	33.7
288	9	Mi5	E5	336	336	3	8	1000	95	96	SAZ	34
289	53			0	0	0	0	0	0	0		34
290	54			0	0	0	0	0	0	0	karcigar@la4	34
291	9	Mi5	E5	336	336	3	8	1000	95	96	Ah 	34.3
292	9	Mi5	E5	336	336	1	4	667	95	96	e	34.5
293	9	Mi5	E5	336	336	1	8	333	99	96	di	34.6
294	9	Re5	D5	327	327	1	8	333	95	96		34.7
295	9	Mi5b3	E5b4	333	332	1	8	333	99	96	yor 	34.8
296	9	Re5	D5	327	327	1	8	333	99	96		34.9
297	9	Do5	C5	318	318	1	8	333	95	96		35
298	9	Re5	D5	327	327	1	4	667	99	96	bir 	35.2
299	9	Do5	C5	318	318	1	8	333	95	96		35.3
300	9	Mi5b3	E5b4	333	332	1	8	333	99	96	gül 	35.4
301	9	Re5	D5	327	327	1	8	333	95	96		35.5
302	9	Do5	C5	318	318	1	8	333	99	96	i	35.6
303	9	Si4b2	B4b1	312	313	1	8	333	95	96		35.7
304	9	Do5	C5	318	318	3	16	500	95	96	çin  	35.85
305	55			0	0	0	0	0	0	0		35.85
306	53			0	0	0	0	0	0	0		35.85
307	9	Re5	D5	327	327	1	16	167	95	96	SAZ	35.9
308	9	Mi5	E5	336	336	1	16	167	95	96	.	35.95
309	9	Fa5#3	F5#4	343	344	1	16	167	95	96	.	36
310	9	Sol5	G5	349	349	1	4	667	95	96	.	36.2
311	53			0	0	0	0	0	0	0		36.2
312	9	Fa5#3	F5#4	343	344	1	8	333	95	96	Şu 	36.3
313	9	Sol5	G5	349	349	1	4	667	95	96	bül	36.5
314	9	Sol5	G5	349	349	1	8	333	99	96	bül 	36.6
315	9	Fa5#3	F5#4	343	344	1	8	333	95	96		36.7
316	9	Sol5	G5	349	349	1	8	333	99	96	ba	36.8
317	9	Mi5	E5	336	336	1	8	333	99	96		36.9
318	9	Re5	D5	327	327	1	8	333	95	96		37
319	9	Re5	D5	327	327	1	4	667	99	96	na 	37.2
320	9	Si4b2	B4b1	312	313	1	8	333	95	96		37.3
321	9	Do5	C5	318	318	1	8	333	99	96	ben	37.4
322	9	Si4b2	B4b1	312	313	1	8	333	95	96		37.5
323	9	Do5	C5	318	318	1	8	333	99	96	zi	37.6
324	9	Re5	D5	327	327	1	8	333	95	96		37.7
325	8	Re5	D5	327	327	0	0	0	95	96		37.7
326	9	Si4b2	B4b1	312	313	1	4	667	99	96	yor  	37.9
327	9	La4	A4	305	305	1	8	333	95	96		38
328	53			0	0	0	0	0	0	0		38
329	9	Re5	D5	327	327	3	8	1000	95	96	Vay 	38.3
330	9	Re5	D5	327	327	1	4	667	95	96	be	38.5
331	9	Re5	D5	327	327	1	8	333	99	96	nim 	38.6
332	9	Mi5	E5	336	336	1	8	333	95	96		38.7
333	8	Mi5	E5	336	336	0	0	0	95	96		38.7
334	9	Do5	C5	318	318	1	4	667	99	96	ga	38.9
335	9	Si4b2	B4b1	312	313	1	8	333	95	96		39
336	9	Do5	C5	318	318	1	4	667	95	96	rip 	39.2
337	8	Si4b2	B4b1	312	313	0	0	0	95	96		39.2
338	9	Re5	D5	327	327	1	8	333	99	96	gön	39.3
339	9	Si4b2	B4b1	312	313	1	8	333	99	96		39.4
340	9	La4	A4	305	305	1	8	333	95	96		39.5
341	9	La4	A4	305	305	1	4	667	95	96	lüm  	39.7
342	53			0	0	0	0	0	0	0		39.7
343	9	Si4b2	B4b1	312	313	1	16	167	95	96	SAZ	39.75
344	9	Do5	C5	318	318	1	16	167	95	96	.	39.8
345	9	Re5	D5	327	327	1	16	167	95	96	.	39.85
346	9	Mi5	E5	336	336	1	16	167	95	96	.	39.9
347	9	Fa5#3	F5#4	343	344	1	16	167	95	96	.	39.95
348	9	Sol5	G5	349	349	1	16	167	95	96	.	40
349	53			0	0	0	0	0	0	0		40
350	9	La5	A5	358	358	1	4	667	95	96	ARANAĞME 	40.2
351	9	La5	A5	358	358	1	8	333	95	96	.	40.3
352	9	La5	A5	358	358	1	4	667	95	96	.	40.5
353	9	La5	A5	358	358	1	4	667	95	96	.	40.7
354	9	Sol5	G5	349	349	1	8	333	95	96	.	40.8
355	9	Fa5#3	F5#4	343	344	1	8	333	95	96	.	40.9
356	9	Mi5	E5	336	336	1	8	333	95	96	.	41
357	9	Re5	D5	327	327	1	4	667	95	96	.	41.2
358	9	Re5	D5	327	327	1	8	333	95	96	.	41.3
359	9	Re5	D5	327	327	1	4	667	95	96	.	41.5
360	9	Re5	D5	327	327	1	4	667	95	96	.	41.7
361	53			0	0	0	0	0	0	0		41.7
362	9	Re5	D5	327	327	1	8	333	95	96	.	41.8
363	9	Mi5	E5	336	336	1	8	333	95	96	.	41.9
364	9	Fa5#3	F5#4	343	344	1	8	333	95	96	.	42
365	9	Sol5	G5	349	349	1	4	667	95	96	.	42.2
366	9	Sol5	G5	349	349	1	8	333	95	96	.	42.3
367	9	Sol5	G5	349	349	1	4	667	95	96	.	42.5
368	9	Sol5	G5	349	349	1	4	667	95	96	.	42.7
369	9	Fa5	F5	340	340	1	8	333	95	96	.	42.8
370	9	Mi5	E5	336	336	1	8	333	95	96	.	42.9
371	9	Re5	D5	327	327	1	8	333	95	96	.	43
372	9	Do5	C5	318	318	1	4	667	95	96	.	43.2
373	9	Do5	C5	318	318	1	8	333	95	96	.	43.3
374	9	Do5	C5	318	318	1	4	667	95	96	.	43.5
375	9	Do5	C5	318	318	1	4	667	95	96	.	43.7
376	53			0	0	0	0	0	0	0		43.7
377	9	Si4b2	B4b1	312	313	1	8	333	95	96	.	43.8
378	9	Do5	C5	318	318	1	8	333	95	96	.	43.9
379	9	Re5	D5	327	327	1	8	333	95	96	.	44
380	9	Mi5	E5	336	336	1	4	667	95	96	.	44.2
381	9	Mi5	E5	336	336	1	8	333	95	96	.	44.3
382	9	Mi5	E5	336	336	1	4	667	95	96	.	44.5
383	9	Mi5	E5	336	336	1	4	667	95	96	.	44.7
384	9	Re5	D5	327	327	1	8	333	95	96	.	44.8
385	9	Do5	C5	318	318	1	8	333	95	96	.	44.9
386	9	Si4b2	B4b1	312	313	1	8	333	95	96	.	45
387	9	La4	A4	305	305	1	4	667	95	96	.	45.2
388	9	La4	A4	305	305	1	8	333	95	96	.	45.3
389	9	La4	A4	305	305	1	4	667	95	96	.	45.5
390	9	La4	A4	305	305	1	4	667	95	96	.	45.7
391	53			0	0	0	0	0	0	0		45.7
392	9	Do5	C5	318	318	1	8	333	95	96	.	45.8
393	9	Si4b2	B4b1	312	313	1	8	333	95	96	.	45.9
394	9	Re5	D5	327	327	1	8	333	95	96	.	46
395	9	La4	A4	305	305	1	4	667	95	96	.	46.2
396	9	La4	A4	305	305	1	8	333	95	96	.	46.3
397	9	La4	A4	305	305	1	4	667	95	96	.	46.5
398	9	Do5	C5	318	318	1	8	333	95	96	.	46.6
399	9	Si4b2	B4b1	312	313	1	8	333	95	96	.	46.7
400	9	La4	A4	305	305	1	4	667	95	96	.	46.9
401	9	Sol4	G4	296	296	1	8	333	95	96	.	47
402	9	La4	A4	305	305	3	16	500	95	96	.	47.15
403	9	Si4b2	B4b1	312	313	1	16	167	95	96	.	47.2
404	9	Do5	C5	318	318	1	8	333	95	96	.	47.3
405	9	Re5	D5	327	327	1	8	333	95	96	.	47.4
406	9	Mi5	E5	336	336	1	8	333	95	96	.	47.5
407	9	Fa5#3	F5#4	343	344	1	8	333	95	96	.	47.6
408	9	Sol5	G5	349	349	1	8	333	95	96	.	47.7
409	9	La5	A5	358	358	1	16	167	95	96	.	47.75
410	9	Si5b2	B5b1	365	366	1	16	167	95	96	.	47.8
411	9	La5	A5	358	358	1	16	167	95	96	.	47.85
412	9	Sol5	G5	349	349	1	16	167	95	96	.	47.9
413	9	Fa5#3	F5#4	343	344	1	16	167	95	96	.	47.95
414	9	Sol5	G5	349	349	1	16	167	95	96	.	48
415	9	La5	A5	358	358	1	4	667	95	96	ARANAĞME 	48.2
416	9	La5	A5	358	358	1	8	333	95	96	.	48.3
417	9	La5	A5	358	358	1	4	667	95	96	.	48.5
418	9	La5	A5	358	358	1	4	667	95	96	.	48.7
419	9	Sol5	G5	349	349	1	8	333	95	96	.	48.8
420	9	Fa5#3	F5#4	343	344	1	8	333	95	96	.	48.9
421	9	Mi5	E5	336	336	1	8	333	95	96	.	49
422	9	Re5	D5	327	327	1	4	667	95	96	.	49.2
423	9	Re5	D5	327	327	1	8	333	95	96	.	49.3
424	9	Re5	D5	327	327	1	4	667	95	96	.	49.5
425	9	Re5	D5	327	327	1	4	667	95	96	.	49.7
426	53			0	0	0	0	0	0	0		49.7
427	9	Re5	D5	327	327	1	8	333	95	96	.	49.8
428	9	Mi5	E5	336	336	1	8	333	95	96	.	49.9
429	9	Fa5#3	F5#4	343	344	1	8	333	95	96	.	50
430	9	Sol5	G5	349	349	1	4	667	95	96	.	50.2
431	9	Sol5	G5	349	349	1	8	333	95	96	.	50.3
432	9	Sol5	G5	349	349	1	4	667	95	96	.	50.5
433	9	Sol5	G5	349	349	1	4	667	95	96	.	50.7
434	9	Fa5	F5	340	340	1	8	333	95	96	.	50.8
435	9	Mi5	E5	336	336	1	8	333	95	96	.	50.9
436	9	Re5	D5	327	327	1	8	333	95	96	.	51
437	9	Do5	C5	318	318	1	4	667	95	96	.	51.2
438	9	Do5	C5	318	318	1	8	333	95	96	.	51.3
439	9	Do5	C5	318	318	1	4	667	95	96	.	51.5
440	9	Do5	C5	318	318	1	4	667	95	96	.	51.7
441	53			0	0	0	0	0	0	0		51.7
442	9	Si4b2	B4b1	312	313	1	8	333	95	96	.	51.8
443	9	Do5	C5	318	318	1	8	333	95	96	.	51.9
444	9	Re5	D5	327	327	1	8	333	95	96	.	52
445	9	Mi5	E5	336	336	1	4	667	95	96	.	52.2
446	9	Mi5	E5	336	336	1	8	333	95	96	.	52.3
447	9	Mi5	E5	336	336	1	4	667	95	96	.	52.5
448	9	Mi5	E5	336	336	1	4	667	95	96	.	52.7
449	9	Re5	D5	327	327	1	8	333	95	96	.	52.8
450	9	Do5	C5	318	318	1	8	333	95	96	.	52.9
451	9	Si4b2	B4b1	312	313	1	8	333	95	96	.	53
452	9	La4	A4	305	305	1	4	667	95	96	.	53.2
453	9	La4	A4	305	305	1	8	333	95	96	.	53.3
454	9	La4	A4	305	305	1	4	667	95	96	.	53.5
455	9	La4	A4	305	305	1	4	667	95	96	.	53.7
456	53			0	0	0	0	0	0	0		53.7
457	9	Do5	C5	318	318	1	8	333	95	96	.	53.8
458	9	Si4b2	B4b1	312	313	1	8	333	95	96	.	53.9
459	9	Re5	D5	327	327	1	8	333	95	96	.	54
460	9	La4	A4	305	305	1	4	667	95	96	.	54.2
461	9	La4	A4	305	305	1	8	333	95	96	.	54.3
462	9	La4	A4	305	305	1	4	667	95	96	.	54.5
463	9	Do5	C5	318	318	1	8	333	95	96	.	54.6
464	9	Si4b2	B4b1	312	313	1	8	333	95	96	.	54.7
465	9	La4	A4	305	305	1	4	667	95	96	.	54.9
466	9	Sol4	G4	296	296	1	8	333	95	96	.	55
467	9	La4	A4	305	305	3	16	500	95	96	.	55.15
468	9	Si4b2	B4b1	312	313	1	16	167	95	96	.	55.2
469	9	Do5	C5	318	318	1	8	333	95	96	.	55.3
470	9	Re5	D5	327	327	1	8	333	95	96	.	55.4
471	9	Mi5	E5	336	336	1	8	333	95	96	.	55.5
472	9	Fa5#3	F5#4	343	344	1	8	333	95	96	.	55.6
473	9	Sol5	G5	349	349	1	8	333	95	96	.	55.7
474	9	La5	A5	358	358	1	16	167	95	96	.	55.75
475	9	Si5b2	B5b1	365	366	1	16	167	95	96	.	55.8
476	9	La5	A5	358	358	1	16	167	95	96	.	55.85
477	9	Sol5	G5	349	349	1	16	167	95	96	.	55.9
478	9	Fa5#3	F5#4	343	344	1	16	167	95	96	.	55.95
479	9	Sol5	G5	349	349	1	16	167	95	96	.	56
480	9	La5	A5	358	358	1	4	667	95	96	.	56.2
481	53			0	0	0	0	0	0	0		56.2
482	9	Fa5#3	F5#4	343	344	1	8	333	95	96	Ba	56.3
483	9	Sol5	G5	349	349	1	4	667	95	96	tan 	56.5
484	9	La5	A5	358	358	1	4	667	95	96	gün 	56.7
485	9	La5	A5	358	358	3	8	1000	95	96	ka	57
486	9	La5	A5	358	358	3	8	1000	95	96	na 	57.3
487	9	La5	A5	358	358	1	4	667	95	96	ben	57.5
488	10	La5	A5	358	358	1	8	333	99	96	zi	57.6
489	8	Do6	C6	371	371	0	0	0	99	96		57.6
490	9	Si5b2	B5b1	365	366	1	16	167	99	96		57.65
491	11	La5	A5	358	358	1	16	167	95	96		57.7
492	9	La5	A5	358	358	1	4	667	95	96	yor  	57.9
493	53			0	0	0	0	0	0	0		57.9
494	9	La4	A4	305	305	1	16	167	95	96	SAZ	57.95
495	9	Sol4	G4	296	296	1	16	167	95	96	.	58
496	9	La4	A4	305	305	1	4	667	95	96	.	58.2
497	53			0	0	0	0	0	0	0		58.2
498	9	Fa5#3	F5#4	343	344	1	8	333	95	96	Ya	58.3
499	9	Sol5	G5	349	349	1	8	333	99	96	ra	58.4
500	9	La5	A5	358	358	1	8	333	95	96		58.5
501	9	La5	A5	358	358	1	4	667	95	96	lı 	58.7
502	9	La5	A5	358	358	1	4	667	99	96	câ	58.9
503	9	Sol5	G5	349	349	1	8	333	95	96		59
504	9	La5	A5	358	358	1	8	333	99	96	na 	59.1
505	9	Si5b2	B5b1	365	366	1	8	333	95	96		59.2
506	8	Si5b2	B5b1	365	366	0	0	0	95	96		59.2
507	9	Sol5	G5	349	349	1	4	667	99	96	ben	59.4
508	9	Fa5#3	F5#4	343	344	1	8	333	95	96		59.5
509	9	Sol5	G5	349	349	1	8	333	99	96	zi	59.6
510	9	La5	A5	358	358	1	8	333	95	96		59.7
511	8	La5	A5	358	358	0	0	0	95	96		59.7
512	9	Fa5#3	F5#4	343	344	1	4	667	99	96	yor  	59.9
513	9	Mi5	E5	336	336	1	8	333	95	96		60
514	9	Sol5	G5	349	349	1	4	667	99	96	Es	60.2
515	9	Mi5	E5	336	336	1	8	333	95	96		60.3
516	9	Mi5	E5	336	336	1	4	667	95	96	me	60.5
517	9	Mi5	E5	336	336	1	8	333	99	96	rim 	60.6
518	9	Re5	D5	327	327	1	8	333	95	96		60.7
519	9	Re5	D5	327	327	1	8	333	99	96	vay 	60.8
520	8	Fa5#3	F5#4	343	344	0	0	0	99	96		60.8
521	9	Mi5	E5	336	336	1	8	333	99	96		60.9
522	9	Re5	D5	327	327	1	8	333	95	96		61
523	9	Re5	D5	327	327	1	4	667	99	96	vay  	61.2
524	9	Re5	D5	327	327	1	8	333	99	96		61.3
525	9	Re5	D5	327	327	1	4	667	95	96		61.5
526	53			0	0	0	0	0	0	0		61.5
527	9	Do5	C5	318	318	1	8	333	95	96	SAZ	61.6
528	9	Si4b2	B4b1	312	313	1	8	333	95	96	.	61.7
529	9	La4	A4	305	305	3	16	500	95	96	.	61.85
530	9	Sol5	G5	349	349	1	16	167	95	96	.	61.9
531	9	Fa5#3	F5#4	343	344	1	16	167	95	96	.	61.95
532	9	Sol5	G5	349	349	1	16	167	95	96	.	62
533	9	La5	A5	358	358	1	4	667	95	96	.	62.2
534	53			0	0	0	0	0	0	0		62.2
535	9	Fa5#3	F5#4	343	344	1	8	333	95	96	Ba	62.3
536	9	Sol5	G5	349	349	1	4	667	95	96	tan 	62.5
537	9	La5	A5	358	358	1	4	667	95	96	gün 	62.7
538	9	La5	A5	358	358	3	8	1000	95	96	ka	63
539	9	La5	A5	358	358	3	8	1000	95	96	na 	63.3
540	9	La5	A5	358	358	1	4	667	95	96	ben	63.5
541	10	La5	A5	358	358	1	8	333	99	96	zi	63.6
542	8	Do6	C6	371	371	0	0	0	99	96		63.6
543	9	Si5b2	B5b1	365	366	1	16	167	99	96		63.65
544	11	La5	A5	358	358	1	16	167	95	96		63.7
545	9	La5	A5	358	358	1	4	667	95	96	yor  	63.9
546	53			0	0	0	0	0	0	0		63.9
547	9	La4	A4	305	305	1	16	167	95	96	SAZ	63.95
548	9	Sol4	G4	296	296	1	16	167	95	96	.	64
549	9	La4	A4	305	305	1	4	667	95	96	.	64.2
550	53			0	0	0	0	0	0	0		64.2
551	9	Fa5#3	F5#4	343	344	1	8	333	95	96	Ya	64.3
552	9	Sol5	G5	349	349	1	8	333	99	96	ra	64.4
553	9	La5	A5	358	358	1	8	333	95	96		64.5
554	9	La5	A5	358	358	1	4	667	95	96	lı 	64.7
555	9	La5	A5	358	358	1	4	667	99	96	câ	64.9
556	9	Sol5	G5	349	349	1	8	333	95	96		65
557	9	La5	A5	358	358	1	8	333	99	96	na 	65.1
558	9	Si5b2	B5b1	365	366	1	8	333	95	96		65.2
559	8	Si5b2	B5b1	365	366	0	0	0	95	96		65.2
560	9	Sol5	G5	349	349	1	4	667	99	96	ben	65.4
561	9	Fa5#3	F5#4	343	344	1	8	333	95	96		65.5
562	9	Sol5	G5	349	349	1	8	333	99	96	zi	65.6
563	9	La5	A5	358	358	1	8	333	95	96		65.7
564	8	La5	A5	358	358	0	0	0	95	96		65.7
565	9	Fa5#3	F5#4	343	344	1	4	667	99	96	yor  	65.9
566	9	Mi5	E5	336	336	1	8	333	95	96		66
567	9	Sol5	G5	349	349	1	4	667	99	96	Es	66.2
568	9	Mi5	E5	336	336	1	8	333	95	96		66.3
569	9	Mi5	E5	336	336	1	4	667	95	96	me	66.5
570	9	Mi5	E5	336	336	1	8	333	99	96	rim 	66.6
571	9	Re5	D5	327	327	1	8	333	95	96		66.7
572	9	Re5	D5	327	327	1	8	333	99	96	vay 	66.8
573	8	Fa5#3	F5#4	343	344	0	0	0	99	96		66.8
574	9	Mi5	E5	336	336	1	8	333	99	96		66.9
575	9	Re5	D5	327	327	1	8	333	95	96		67
576	9	Re5	D5	327	327	1	4	667	99	96	vay  	67.2
577	9	Re5	D5	327	327	1	8	333	99	96		67.3
578	9	Re5	D5	327	327	1	4	667	95	96		67.5
579	53			0	0	0	0	0	0	0		67.5
580	9	Do5	C5	318	318	1	8	333	95	96	SAZ	67.6
581	9	Re5	D5	327	327	1	8	333	95	96	.	67.7
582	9	Mi5	E5	336	336	1	4	667	95	96	.	67.9
583	9			-1	-1	1	8	333	100	0		68
584	53			0	0	0	0	0	0	0		68
585	54			0	0	0	0	0	0	0	karcigar@la4	68
586	9	Mi5	E5	336	336	3	8	1000	95	96	Ah 	68.3
587	9	Mi5	E5	336	336	1	4	667	95	96	e	68.5
588	9	Mi5	E5	336	336	1	8	333	99	96	di	68.6
589	9	Re5	D5	327	327	1	8	333	95	96		68.7
590	9	Mi5b3	E5b4	333	332	1	8	333	99	96	yor 	68.8
591	9	Re5	D5	327	327	1	8	333	99	96		68.9
592	9	Do5	C5	318	318	1	8	333	95	96		69
593	9	Re5	D5	327	327	1	4	667	99	96	bir 	69.2
594	9	Do5	C5	318	318	1	8	333	95	96		69.3
595	9	Mi5b3	E5b4	333	332	1	8	333	99	96	gül 	69.4
596	9	Re5	D5	327	327	1	8	333	95	96		69.5
597	9	Do5	C5	318	318	1	8	333	99	96	i	69.6
598	9	Si4b2	B4b1	312	313	1	8	333	95	96		69.7
599	9	Do5	C5	318	318	3	16	500	95	96	çin  	69.85
600	55			0	0	0	0	0	0	0		69.85
601	53			0	0	0	0	0	0	0		69.85
602	9	Re5	D5	327	327	1	16	167	95	96	SAZ	69.9
603	9	Mi5	E5	336	336	1	16	167	95	96	.	69.95
604	9	Fa5#3	F5#4	343	344	1	16	167	95	96	.	70
605	9	Sol5	G5	349	349	1	4	667	95	96	.	70.2
606	53			0	0	0	0	0	0	0		70.2
607	9	Fa5#3	F5#4	343	344	1	8	333	95	96	Şu 	70.3
608	9	Sol5	G5	349	349	1	4	667	95	96	bül	70.5
609	9	Sol5	G5	349	349	1	8	333	99	96	bül 	70.6
610	9	Fa5#3	F5#4	343	344	1	8	333	95	96		70.7
611	9	Sol5	G5	349	349	1	8	333	99	96	ba	70.8
612	9	Mi5	E5	336	336	1	8	333	99	96		70.9
613	9	Re5	D5	327	327	1	8	333	95	96		71
614	9	Re5	D5	327	327	1	4	667	99	96	na 	71.2
615	9	Si4b2	B4b1	312	313	1	8	333	95	96		71.3
616	9	Do5	C5	318	318	1	8	333	99	96	ben	71.4
617	9	Si4b2	B4b1	312	313	1	8	333	95	96		71.5
618	9	Do5	C5	318	318	1	8	333	99	96	zi	71.6
619	9	Re5	D5	327	327	1	8	333	95	96		71.7
620	8	Re5	D5	327	327	0	0	0	95	96		71.7
621	9	Si4b2	B4b1	312	313	1	4	667	99	96	yor  	71.9
622	9	La4	A4	305	305	1	8	333	95	96		72
623	53			0	0	0	0	0	0	0		72
624	9	Re5	D5	327	327	3	8	1000	95	96	Vay 	72.3
625	9	Re5	D5	327	327	1	4	667	95	96	be	72.5
626	9	Re5	D5	327	327	1	8	333	99	96	nim 	72.6
627	9	Mi5	E5	336	336	1	8	333	95	96		72.7
628	8	Mi5	E5	336	336	0	0	0	95	96		72.7
629	9	Do5	C5	318	318	1	4	667	99	96	ga	72.9
630	9	Si4b2	B4b1	312	313	1	8	333	95	96		73
631	9	Do5	C5	318	318	1	4	667	95	96	rip 	73.2
632	8	Si4b2	B4b1	312	313	0	0	0	95	96		73.2
633	9	Re5	D5	327	327	1	8	333	99	96	gön	73.3
634	9	Si4b2	B4b1	312	313	1	8	333	99	96		73.4
635	9	La4	A4	305	305	1	8	333	95	96		73.5
636	9	La4	A4	305	305	1	4	667	95	96	lüm  	73.7
637	9	Mi5	E5	336	336	3	8	1000	95	96	SAZ	74
638	53			0	0	0	0	0	0	0		74
639	54			0	0	0	0	0	0	0	karcigar@la4	74
640	9	Mi5	E5	336	336	3	8	1000	95	96	Ah 	74.3
641	9	Mi5	E5	336	336	1	4	667	95	96	e	74.5
642	9	Mi5	E5	336	336	1	8	333	99	96	di	74.6
643	9	Re5	D5	327	327	1	8	333	95	96		74.7
644	9	Mi5b3	E5b4	333	332	1	8	333	99	96	yor 	74.8
645	9	Re5	D5	327	327	1	8	333	99	96		74.9
646	9	Do5	C5	318	318	1	8	333	95	96		75
647	9	Re5	D5	327	327	1	4	667	99	96	bir 	75.2
648	9	Do5	C5	318	318	1	8	333	95	96		75.3
649	9	Mi5b3	E5b4	333	332	1	8	333	99	96	gül 	75.4
650	9	Re5	D5	327	327	1	8	333	95	96		75.5
651	9	Do5	C5	318	318	1	8	333	99	96	i	75.6
652	9	Si4b2	B4b1	312	313	1	8	333	95	96		75.7
653	9	Do5	C5	318	318	3	16	500	95	96	çin  	75.85
654	55			0	0	0	0	0	0	0		75.85
655	53			0	0	0	0	0	0	0		75.85
656	9	Re5	D5	327	327	1	16	167	95	96	SAZ	75.9
657	9	Mi5	E5	336	336	1	16	167	95	96	.	75.95
658	9	Fa5#3	F5#4	343	344	1	16	167	95	96	.	76
659	9	Sol5	G5	349	349	1	4	667	95	96	.	76.2
660	53			0	0	0	0	0	0	0		76.2
661	9	Fa5#3	F5#4	343	344	1	8	333	95	96	Şu 	76.3
662	9	Sol5	G5	349	349	1	4	667	95	96	bül	76.5
663	9	Sol5	G5	349	349	1	8	333	99	96	bül 	76.6
664	9	Fa5#3	F5#4	343	344	1	8	333	95	96		76.7
665	9	Sol5	G5	349	349	1	8	333	99	96	ba	76.8
666	9	Mi5	E5	336	336	1	8	333	99	96		76.9
667	9	Re5	D5	327	327	1	8	333	95	96		77
668	9	Re5	D5	327	327	1	4	667	99	96	na 	77.2
669	9	Si4b2	B4b1	312	313	1	8	333	95	96		77.3
670	9	Do5	C5	318	318	1	8	333	99	96	ben	77.4
671	9	Si4b2	B4b1	312	313	1	8	333	95	96		77.5
672	9	Do5	C5	318	318	1	8	333	99	96	zi	77.6
673	9	Re5	D5	327	327	1	8	333	95	96		77.7
674	8	Re5	D5	327	327	0	0	0	95	96		77.7
675	9	Si4b2	B4b1	312	313	1	4	667	99	96	yor  	77.9
676	9	La4	A4	305	305	1	8	333	95	96		78
677	53			0	0	0	0	0	0	0		78
678	9	Re5	D5	327	327	3	8	1000	95	96	Vay 	78.3
679	9	Re5	D5	327	327	1	4	667	95	96	be	78.5
680	9	Re5	D5	327	327	1	8	333	99	96	nim 	78.6
681	9	Mi5	E5	336	336	1	8	333	95	96		78.7
682	8	Mi5	E5	336	336	0	0	0	95	96		78.7
683	9	Do5	C5	318	318	1	4	667	99	96	ga	78.9
684	9	Si4b2	B4b1	312	313	1	8	333	95	96		79
685	9	Do5	C5	318	318	1	4	667	95	96	rip 	79.2
686	8	Si4b2	B4b1	312	313	0	0	0	95	96		79.2
687	9	Re5	D5	327	327	1	8	333	99	96	gön	79.3
688	9	Si4b2	B4b1	312	313	1	8	333	99	96	KARAR	79.4
689	9	La4	A4	305	305	1	8	333	95	96		79.5
690	9	La4	A4	305	305	1	2	1333	95	96	lüm  	79.9
691	9			-1	-1	1	8	333	100	0		80
692	53			0	0	0	0	0	0	0		80
693	0	Es	Sus	-1	-1	0	0	0	100	0		80
