Sýra	Kod	Nota53	NotaAE	Koma53	KomaAE	Pay	Payda	Ms	LNS	Bas	Soz1	Offset
1	9	Do5	C5	318	318	1	8	385	99	96	Sa	4.166667E-02
2	8	Re5b3	D5b4	324	323	0	0	0	99	96		4.166667E-02
3	9	Do5	C5	318	318	1	16	192	99	96		0.0625
4	9	Si4b2	B4b1	312	313	1	16	192	99	96		8.333334E-02
5	9	Do5	C5	318	318	1	8	385	99	96		0.125
6	9	Sol4	G4	296	296	1	8	385	95	96		0.1666667
7	9	Do5	C5	318	318	1	2	1538	95	96	hil	0.3333333
8	53			0	0	0	0	0	0	0		0.3333333
9	9	Do5	C5	318	318	1	8	385	99	96	de 	0.375
10	9	Re5b3	D5b4	324	323	1	8	385	99	96		0.4166667
11	8	Mi5	E5	336	336	0	0	0	99	96		0.4166667
12	9	Re5b3	D5b4	324	323	1	8	385	99	96		0.4583333
13	9	Do5	C5	318	318	1	8	385	95	96		0.5
14	9	Do5	C5	318	318	1	8	385	99	96	sa	0.5416667
15	9	Si4b2	B4b1	312	313	1	16	192	99	96		0.5625
16	9	La4	A4	305	305	1	16	192	99	96		0.5833333
17	9	Sol4	G4	296	296	1	16	192	99	96		0.6041667
18	9	La4	A4	305	305	1	16	192	99	96		0.625
19	9	Si4b2	B4b1	312	313	1	16	192	99	96		0.6458333
20	9	Do5	C5	318	318	1	16	192	95	80		0.6666667
21	9	Do5	C5	318	318	1	2	1538	99	96	bâ 	0.8333333
22	9	Do5	C5	318	318	1	16	192	99	96		0.8541667
23	9	Si4b2	B4b1	312	313	1	16	192	99	96		0.875
24	9	Si4b2	B4b1	312	313	1	16	192	99	96		0.8958333
25	9	La4	A4	305	305	1	16	192	99	96		0.9166667
26	9	Si4b2	B4b1	312	313	1	4	769	95	96		1
27	53			0	0	0	0	0	0	0		1
28	9	Do5	C5	318	318	1	8	385	99	96	rüz	1.041667
29	9	Re5b3	D5b4	324	323	1	8	385	99	96		1.083333
30	9	Do5	C5	318	318	1	8	385	99	96		1.125
31	9	Si4b2	B4b1	312	313	1	8	385	99	96		1.166667
32	9	La4	A4	305	305	1	8	385	99	96		1.208333
33	9	Si4b2	B4b1	312	313	1	8	385	99	96		1.25
34	9	La4	A4	305	305	1	8	385	99	96		1.291667
35	9	Si4b2	B4b1	312	313	1	8	385	95	96		1.333333
36	9	Do5	C5	318	318	1	8	385	99	96	gâ	1.375
37	9	Si4b2	B4b1	312	313	1	8	385	99	96		1.416667
38	8	Do5	C5	318	318	0	0	0	99	96		1.416667
39	9	Si4b2	B4b1	312	313	1	8	385	99	96		1.458333
40	54			0	0	0	0	0	0	0	dugah@la4	1.458333
41	9	Do5	C5	318	318	1	8	385	99	96		1.5
42	9	Do5	C5	318	318	1	16	192	99	96		1.520833
43	9	Si4b2	B4b1	312	313	1	16	192	99	96		1.541667
44	9	Si4b2	B4b1	312	313	1	16	192	99	96		1.5625
45	9	La4	A4	305	305	1	16	192	99	96		1.583333
46	9	La4	A4	305	305	1	24	128	99	96		1.597222
47	9	Sol4#3	G4#4	299	300	1	24	128	99	96		1.611111
48	9	La4	A4	305	305	1	24	128	99	96		1.625
49	9	Si4b4	B4b4	310	310	1	16	192	99	96		1.645833
50	9	La4	A4	305	305	1	16	192	95	96		1.666667
51	9	La4	A4	305	305	1	2	1538	99	96	rý 	1.833333
52	55			0	0	0	0	0	0	0		1.833333
53	9	Do5	C5	318	318	1	24	128	99	96		1.847222
54	9	Si4b2	B4b1	312	313	1	24	128	99	96		1.861111
55	9	Do5	C5	318	318	1	24	128	99	96		1.875
56	9	Si4b2	B4b1	312	313	1	16	192	99	96		1.895833
57	9	La4	A4	305	305	1	16	192	99	96		1.916667
58	9	La4	A4	305	305	1	4	769	95	96		2
59	53			0	0	0	0	0	0	0		2
60	9	Do5	C5	318	318	1	16	192	99	96	að	2.020833
61	9	Do5	C5	318	318	1	16	192	99	96		2.041667
62	9	Si4b2	B4b1	312	313	1	16	192	99	96		2.0625
63	9	La4	A4	305	305	1	16	192	99	96		2.083333
64	9	So4	G4	296	296	1	16	192	99	96		2.104167
65	9	Fa4#3	F4#4	290	291	1	16	192	99	96		2.125
66	9	So4	G4	296	296	1	16	192	99	96		2.145833
67	9	La4	A4	305	305	1	16	192	95	96		2.166667
68	9	Si4b2	B4b1	312	313	1	16	192	99	96	lar	2.1875
69	9	Do5	C5	318	318	1	16	192	99	96		2.208333
70	9	Re5b3	D5b4	324	323	1	16	192	99	96		2.229167
71	9	Si4b2	B4b1	312	313	1	16	192	99	96		2.25
72	9	Do5	C5	318	318	1	4	769	95	96		2.333333
73	53			0	0	0	0	0	0	0		2.333333
74	9	Re5b3	D5b4	324	323	1	8	385	99	96	ken	2.375
75	9	Do5	C5	318	318	1	8	385	99	96		2.416667
76	8	Re5b3	D5b4	324	323	0	0	0	99	96		2.416667
77	9	Do5	C5	318	318	1	8	385	99	96		2.458333
78	9	Re5b3	D5b4	324	323	1	8	385	95	96		2.5
79	9	Do5	C5	318	318	1	8	385	99	96	u	2.541667
80	9	Si4b2	B4b1	312	313	1	16	192	99	96		2.5625
81	9	La4	A4	305	305	1	16	192	99	96		2.583333
82	9	Si4b2	B4b1	312	313	1	4	769	95	96		2.666667
83	53			0	0	0	0	0	0	0		2.666667
84	9	Do5	C5	318	318	1	8	385	99	96	yan 	2.708333
85	9	Re5b3	D5b4	324	323	1	8	385	99	96		2.75
86	9	Do5	C5	318	318	1	8	385	99	96		2.791667
87	9	Si4b2	B4b1	312	313	1	8	385	99	96		2.833333
88	9	La4	A4	305	305	1	8	385	99	96		2.875
89	9	So4	G4	296	296	1	8	385	99	96		2.916667
90	9	Mi5	E5	336	336	1	8	385	99	96		2.958333
91	9	Re5b3	D5b4	324	323	1	16	192	99	96		2.979167
92	9	Do5	C5	318	318	1	16	192	95	96		3
93	8	Si4b2	B4b1	312	313	0	0	0	95	96		3
94	9	Do5	C5	318	318	3	8	1154	95	96	sen 	3.125
95	53			0	0	0	0	0	0	0		3.125
96	9	Do5	C5	318	318	1	16	192	95	96	SAZ	3.145833
97	9	Re5b3	D5b4	324	323	1	16	192	95	96	.	3.166667
98	9	Do5	C5	318	318	1	16	192	95	96	.	3.1875
99	9	Si4b2	B4b1	312	313	1	16	192	95	96	.	3.208333
100	9	La4	A4	305	305	1	16	192	95	96	.	3.229167
101	9	Sol4	G4	296	296	1	16	192	95	96	.	3.25
102	9	Do5	C5	318	318	1	4	769	95	96	.	3.333333
103	53			0	0	0	0	0	0	0		3.333333
104	9	Do5	C5	318	318	1	8	385	95	96	.	3.375
105	9	Re5b3	D5b4	324	323	1	16	192	95	96	.	3.395833
106	9	Mi5	E5	336	336	1	16	192	95	96	.	3.416667
107	9	Re5b3	D5b4	324	323	1	8	385	95	96	.	3.458333
108	9	Do5	C5	318	318	1	8	385	95	96	.	3.5
109	9	Re5b3	D5b4	324	323	1	16	192	95	96	.	3.520833
110	9	Do5	C5	318	318	1	16	192	95	96	.	3.541667
111	9	Si4b2	B4b1	312	313	1	16	192	95	96	.	3.5625
112	9	Do5	C5	318	318	1	16	192	95	96	.	3.583333
113	9	Si4b2	B4b1	312	313	1	8	385	95	96	.	3.625
114	9	La4	A4	305	305	1	8	385	95	96	.	3.666667
115	9	La4	A4	305	305	3	32	288	95	96	.	3.697917
116	9	So4	G4	296	296	1	32	96	95	96	.	3.708333
117	9	La4	A4	305	305	1	16	192	95	96	.	3.729167
118	9	Si4b2	B4b1	312	313	1	16	192	95	96	.	3.75
119	9	Do5	C5	318	318	1	16	192	95	96	.	3.770833
120	12	Re5b3	D5b4	324	323	1	8	385	95	96	.	3.8125
121	9	Do5	C5	318	318	1	16	192	95	96	.	3.833333
122	8	Re5b3	D5b4	324	323	0	0	0	95	96	.	3.833333
123	9	Do5	C5	318	318	1	16	192	95	96	.	3.854167
124	9	Si4b2	B4b1	312	313	1	16	192	95	96	.	3.875
125	9	Si4b2	B4b1	312	313	1	16	192	95	96	.	3.895833
126	9	La4	A4	305	305	1	16	192	95	80	.	3.916667
127	9	La4	A4	305	305	1	4	769	95	96	.	4
128	53			0	0	0	0	0	0	0		4
129	9	Do5	C5	318	318	1	8	385	99	96	Sa	4.041667
130	8	Re5b3	D5b4	324	323	0	0	0	99	96		4.041667
131	9	Do5	C5	318	318	1	16	192	99	96		4.0625
132	9	Si4b2	B4b1	312	313	1	16	192	99	96		4.083333
133	9	Do5	C5	318	318	1	8	385	99	96		4.125
134	9	Sol4	G4	296	296	1	8	385	95	96		4.166667
135	9	Do5	C5	318	318	1	2	1538	95	96	hil	4.333333
136	53			0	0	0	0	0	0	0		4.333333
137	9	Do5	C5	318	318	1	8	385	99	96	de 	4.375
138	9	Re5b3	D5b4	324	323	1	8	385	99	96		4.416667
139	8	Mi5	E5	336	336	0	0	0	99	96		4.416667
140	9	Re5b3	D5b4	324	323	1	8	385	99	96		4.458333
141	9	Do5	C5	318	318	1	8	385	95	96		4.5
142	9	Do5	C5	318	318	1	8	385	99	96	sa	4.541667
143	9	Si4b2	B4b1	312	313	1	16	192	99	96		4.5625
144	9	La4	A4	305	305	1	16	192	99	96		4.583333
145	9	Sol4	G4	296	296	1	16	192	99	96		4.604167
146	9	La4	A4	305	305	1	16	192	99	96		4.625
147	9	Si4b2	B4b1	312	313	1	16	192	99	96		4.645833
148	9	Do5	C5	318	318	1	16	192	95	80		4.666667
149	9	Do5	C5	318	318	1	2	1538	99	96	bâ 	4.833333
150	9	Do5	C5	318	318	1	16	192	99	96		4.854167
151	9	Si4b2	B4b1	312	313	1	16	192	99	96		4.875
152	9	Si4b2	B4b1	312	313	1	16	192	99	96		4.895833
153	9	La4	A4	305	305	1	16	192	99	96		4.916667
154	9	Si4b2	B4b1	312	313	1	4	769	95	96		5
155	53			0	0	0	0	0	0	0		5
156	9	Do5	C5	318	318	1	8	385	99	96	rüz	5.041667
157	9	Re5b3	D5b4	324	323	1	8	385	99	96		5.083333
158	9	Do5	C5	318	318	1	8	385	99	96		5.125
159	9	Si4b2	B4b1	312	313	1	8	385	99	96		5.166667
160	9	La4	A4	305	305	1	8	385	99	96		5.208333
161	9	Si4b2	B4b1	312	313	1	8	385	99	96		5.25
162	9	La4	A4	305	305	1	8	385	99	96		5.291667
163	9	Si4b2	B4b1	312	313	1	8	385	95	96		5.333333
164	9	Do5	C5	318	318	1	8	385	99	96	gâ	5.375
165	9	Si4b2	B4b1	312	313	1	8	385	99	96		5.416667
166	8	Do5	C5	318	318	0	0	0	99	96		5.416667
167	9	Si4b2	B4b1	312	313	1	8	385	99	96		5.458333
168	54			0	0	0	0	0	0	0	dugah@la4	5.458333
169	9	Do5	C5	318	318	1	8	385	99	96		5.5
170	9	Do5	C5	318	318	1	16	192	99	96		5.520833
171	9	Si4b2	B4b1	312	313	1	16	192	99	96		5.541667
172	9	Si4b2	B4b1	312	313	1	16	192	99	96		5.5625
173	9	La4	A4	305	305	1	16	192	99	96		5.583333
174	9	La4	A4	305	305	1	24	128	99	96		5.597222
175	9	Sol4#3	G4#4	299	300	1	24	128	99	96		5.611111
176	9	La4	A4	305	305	1	24	128	99	96		5.625
177	9	Si4b4	B4b4	310	310	1	16	192	99	96		5.645833
178	9	La4	A4	305	305	1	16	192	95	96		5.666667
179	9	La4	A4	305	305	1	2	1538	99	96	rý 	5.833333
180	55			0	0	0	0	0	0	0		5.833333
181	9	Do5	C5	318	318	1	24	128	99	96		5.847222
182	9	Si4b2	B4b1	312	313	1	24	128	99	96		5.861111
183	9	Do5	C5	318	318	1	24	128	99	96		5.875
184	9	Si4b2	B4b1	312	313	1	16	192	99	96		5.895833
185	9	La4	A4	305	305	1	16	192	99	96		5.916667
186	9	La4	A4	305	305	1	4	769	95	96		6
187	53			0	0	0	0	0	0	0		6
188	9	Do5	C5	318	318	1	16	192	99	96	að	6.020833
189	9	Do5	C5	318	318	1	16	192	99	96		6.041667
190	9	Si4b2	B4b1	312	313	1	16	192	99	96		6.0625
191	9	La4	A4	305	305	1	16	192	99	96		6.083333
192	9	So4	G4	296	296	1	16	192	99	96		6.104167
193	9	Fa4#3	F4#4	290	291	1	16	192	99	96		6.125
194	9	So4	G4	296	296	1	16	192	99	96		6.145833
195	9	La4	A4	305	305	1	16	192	95	96		6.166667
196	9	Si4b2	B4b1	312	313	1	16	192	99	96	lar	6.1875
197	9	Do5	C5	318	318	1	16	192	99	96		6.208333
198	9	Re5b3	D5b4	324	323	1	16	192	99	96		6.229167
199	9	Si4b2	B4b1	312	313	1	16	192	99	96		6.25
200	9	Do5	C5	318	318	1	4	769	95	96		6.333333
201	53			0	0	0	0	0	0	0		6.333333
202	9	Re5b3	D5b4	324	323	1	8	385	99	96	ken	6.375
203	9	Do5	C5	318	318	1	8	385	99	96		6.416667
204	8	Re5b3	D5b4	324	323	0	0	0	99	96		6.416667
205	9	Do5	C5	318	318	1	8	385	99	96		6.458333
206	9	Re5b3	D5b4	324	323	1	8	385	95	96		6.5
207	9	Do5	C5	318	318	1	8	385	99	96	u	6.541667
208	9	Si4b2	B4b1	312	313	1	16	192	99	96		6.5625
209	9	La4	A4	305	305	1	16	192	99	96		6.583333
210	9	Si4b2	B4b1	312	313	1	4	769	95	96		6.666667
211	53			0	0	0	0	0	0	0		6.666667
212	9	Do5	C5	318	318	1	8	385	99	96	yan 	6.708333
213	9	Re5b3	D5b4	324	323	1	8	385	99	96		6.75
214	9	Do5	C5	318	318	1	8	385	99	96		6.791667
215	9	Si4b2	B4b1	312	313	1	8	385	99	96		6.833333
216	9	La4	A4	305	305	1	8	385	99	96		6.875
217	9	So4	G4	296	296	1	8	385	99	96		6.916667
218	9	Mi5	E5	336	336	1	8	385	99	96		6.958333
219	9	Re5b3	D5b4	324	323	1	16	192	99	96		6.979167
220	9	Do5	C5	318	318	1	16	192	95	96		7
221	8	Si4b2	B4b1	312	313	0	0	0	95	96		7
222	9	Do5	C5	318	318	1	2	1538	95	96	sen 	7.166667
223	53			0	0	0	0	0	0	0		7.166667
224	9	Sol4	G4	296	296	1	8	385	50	96	SAZ	7.208333
225	9	Sol4	G4	296	296	1	8	385	50	96	.	7.25
226	9	Do5	C5	318	318	1	4	769	95	96	.	7.333333
227	53			0	0	0	0	0	0	0		7.333333
228	9	Do5	C5	318	318	1	8	385	95	96	.	7.375
229	9	Re5b3	D5b4	324	323	1	16	192	95	96	.	7.395833
230	9	Mi5	E5	336	336	1	16	192	95	96	.	7.416667
231	9	Re5b3	D5b4	324	323	1	8	385	95	96	.	7.458333
232	9	Do5	C5	318	318	1	8	385	95	96	.	7.5
233	9	Re5b3	D5b4	324	323	1	16	192	95	96	.	7.520833
234	9	Do5	C5	318	318	1	16	192	95	96	.	7.541667
235	9	Si4b2	B4b1	312	313	1	16	192	95	96	.	7.5625
236	9	Do5	C5	318	318	1	16	192	95	96	.	7.583333
237	9	Si4b2	B4b1	312	313	1	8	385	95	96	.	7.625
238	9	La4	A4	305	305	1	8	385	95	96	.	7.666667
239	9	La4	A4	305	305	1	16	192	95	96	.	7.6875
240	9	So4	G4	296	296	1	16	192	95	96	.	7.708333
241	9	La4	A4	305	305	1	16	192	95	96	.	7.729167
242	9	Si4b2	B4b1	312	313	1	16	192	95	96	.	7.75
243	9	Do5	C5	318	318	1	16	192	95	96	.	7.770833
244	9	Re5b3	D5b4	324	323	1	16	192	95	96	.	7.791667
245	9	Mi5	E5	336	336	1	16	192	95	96	.	7.8125
246	9	Fa5	F5	340	340	1	16	192	95	96	.	7.833333
247	9	Mi5	E5	336	336	1	16	192	95	96	.	7.854167
248	9	Re5b3	D5b4	324	323	1	16	192	95	96	.	7.875
249	9	Do5	C5	318	318	1	16	192	95	96	.	7.895833
250	9	Si4b2	B4b1	312	313	1	16	192	95	88	.	7.916667
251	9	Do5	C5	318	318	1	4	769	95	96	.	8
252	53			0	0	0	0	0	0	0		8
253	9	Mi5	E5	336	336	1	4	769	99	96	Kal	8.083333
254	9	Re5b3	D5b4	324	323	1	8	385	99	96		8.125
255	9	Do5	C5	318	318	1	8	385	95	96		8.166667
256	9	Do5	C5	318	318	1	16	192	99	96	bin	8.1875
257	9	Si4b2	B4b1	312	313	1	16	192	99	96		8.208333
258	9	Si4b2	B4b1	312	313	1	16	192	99	96		8.229167
259	9	La4	A4	305	305	1	16	192	99	96		8.25
260	9	Si4b2	B4b1	312	313	1	4	769	95	96		8.333333
261	53			0	0	0	0	0	0	0		8.333333
262	9	Re5b3	D5b4	324	323	1	8	385	99	96	de 	8.375
263	9	Do5	C5	318	318	1	8	385	99	96		8.416667
264	8	Re5b3	D5b4	324	323	0	0	0	99	96		8.416667
265	9	Do5	C5	318	318	1	8	385	99	96		8.458333
266	9	Re5b3	D5b4	324	323	1	8	385	95	96		8.5
267	9	Do5	C5	318	318	1	16	192	99	96	de	8.520833
268	9	Do5	C5	318	318	1	16	192	99	96		8.541667
269	9	Si4b2	B4b1	312	313	1	16	192	99	96		8.5625
270	9	La4	A4	305	305	1	16	192	99	96		8.583333
271	9	Si4b2	B4b1	312	313	1	8	385	99	96		8.625
272	9	Do5	C5	318	318	1	8	385	95	96		8.666667
273	9	Do5	C5	318	318	1	16	192	99	96	rin 	8.6875
274	9	Si4b2	B4b1	312	313	1	16	192	99	96		8.708333
275	9	Si4b2	B4b1	312	313	1	16	192	99	96		8.729167
276	9	La4	A4	305	305	1	16	192	99	96		8.75
277	9	Si4b2	B4b1	312	313	1	16	192	99	96		8.770833
278	9	La4	A4	305	305	1	16	192	99	96		8.791667
279	9	Si4b2	B4b1	312	313	1	16	192	99	96		8.8125
280	9	La4	A4	305	305	1	16	192	99	96		8.833333
281	9	Do5	C5	318	318	1	4	769	99	96		8.916667
282	9	Re5b3	D5b4	324	323	1	16	192	99	96		8.9375
283	9	Do5	C5	318	318	1	16	192	99	96		8.958333
284	9	Si4b2	B4b1	312	313	1	16	192	99	96		8.979167
285	9	La4	A4	305	305	1	16	192	95	96		9
286	9	La4	A4	305	305	1	8	385	99	96	bir 	9.041667
287	9	Mi5	E5	336	336	1	8	385	99	96		9.083333
288	9	Re5b3	D5b4	324	323	1	8	385	99	96		9.125
289	9	Do5	C5	318	318	1	8	385	99	96		9.166667
290	9	Si4b2	B4b1	312	313	1	4	769	99	96		9.25
291	9	La4	A4	305	305	1	4	769	95	96		9.333333
292	53			0	0	0	0	0	0	0		9.333333
293	54			0	0	0	0	0	0	0	bestenigar@fa4#4	9.333333
294	9	La4	A4	305	305	3	16	577	99	96	sý	9.395833
295	9	Si4b2	B4b1	312	313	1	16	192	99	96		9.416667
296	9	Do5	C5	318	318	1	8	385	99	96		9.458333
297	9	Si4b2	B4b1	312	313	1	8	385	95	96		9.5
298	9	La4	A4	305	305	3	16	577	99	96	zý 	9.5625
299	9	So4	G4	296	296	1	16	192	99	96		9.583333
300	9	La4	A4	305	305	1	16	192	99	96		9.604167
301	9	So4	G4	296	296	1	16	192	99	96		9.625
302	9	Fa4#4	F4#4	291	291	1	16	192	99	96		9.645833
303	9	Mi4#4	E4#4	287	287	1	16	192	99	96		9.666667
304	9	Fa4#4	F4#4	291	291	1	4	769	95	96		9.75
305	55			0	0	0	0	0	0	0		9.75
306	53			0	0	0	0	0	0	0		9.75
307	9	Mi5	E5	336	336	1	4	769	99	96	duy 	9.833333
308	9	Re5b3	D5b4	324	323	1	8	385	99	96		9.875
309	9	Do5	C5	318	318	1	16	192	99	96		9.895833
310	9	Si4b2	B4b1	312	313	1	16	192	99	96		9.916667
311	9	Do5	C5	318	318	1	4	769	95	96		10
312	53			0	0	0	0	0	0	0		10
313	9	Do5	C5	318	318	1	4	769	99	96	aþ	10.08333
314	9	Re5b3	D5b4	324	323	1	2	1538	99	96		10.25
315	9	Do5	C5	318	318	1	16	192	99	96		10.27083
316	9	Si4b2	B4b1	312	313	1	16	192	99	96		10.29167
317	9	La4	A4	305	305	1	16	192	99	96		10.3125
318	9	Si4b2	B4b1	312	313	1	16	192	95	96		10.33333
319	9	Do5	C5	318	318	1	8	385	99	96	ký	10.375
320	9	Re5b3	D5b4	324	323	1	8	385	99	96		10.41667
321	9	Do5	C5	318	318	1	8	385	99	96		10.45833
322	9	Si4b2	B4b1	312	313	1	8	385	95	96		10.5
323	9	La4	A4	305	305	1	2	1538	95	96	mý 	10.66667
324	53			0	0	0	0	0	0	0		10.66667
325	9	La4	A4	305	305	1	8	385	99	96	an 	10.70833
326	9	Si4b2	B4b1	312	313	1	8	385	99	96		10.75
327	9	La4	A4	305	305	1	8	385	99	96		10.79167
328	9	So4	G4	296	296	1	8	385	99	96		10.83333
329	9	Do5	C5	318	318	1	8	385	99	96		10.875
330	9	Si4b2	B4b1	312	313	1	16	192	99	96		10.89583
331	9	Do5	C5	318	318	1	16	192	99	96		10.91667
332	9	Do5	C5	318	318	1	16	192	99	96		10.9375
333	9	Si4b2	B4b1	312	313	1	16	192	99	96		10.95833
334	9	Si4b2	B4b1	312	313	1	16	192	99	96		10.97917
335	9	La4	A4	305	305	1	16	192	95	96		11
336	9	La4	A4	305	305	1	2	1538	95	96	sen 	11.16667
337	53			0	0	0	0	0	0	0		11.16667
338	9	La4	A4	305	305	3	32	288	99	96	SAZ	11.19792
339	9	Si4b2	B4b1	312	313	1	32	96	99	96	.	11.20833
340	9	La4	A4	305	305	1	16	192	99	96	.	11.22917
341	9	Sol4	G4	296	296	1	16	192	99	96	.	11.25
342	9	Fa4#3	F4#4	290	291	1	16	192	99	96	.	11.27083
343	9	Sol4	G4	296	296	1	16	192	99	96	.	11.29167
344	9	La4	A4	305	305	1	16	192	99	96	.	11.3125
345	9	Si4b2	B4b1	312	313	1	16	192	99	96	.	11.33333
346	9	Do5	C5	318	318	1	8	385	95	96	.	11.375
347	9	Re5b3	D5b4	324	323	1	16	192	95	96	.	11.39583
348	9	Mi5	E5	336	336	1	16	192	95	96	.	11.41667
349	9	Re5b3	D5b4	324	323	1	8	385	95	96	.	11.45833
350	9	do5	C5	318	318	1	8	385	95	96	.	11.5
351	9	Re5b3	D5b4	324	323	1	16	192	95	96	.	11.52083
352	9	do5	C5	318	318	1	16	192	95	96	.	11.54167
353	9	Si4b2	B4b1	312	313	1	16	192	95	96	.	11.5625
354	9	do5	C5	318	318	1	16	192	95	96	.	11.58333
355	9	Si4b2	B4b1	312	313	1	8	385	95	96	.	11.625
356	9	La4	A4	305	305	1	8	385	95	96	.	11.66667
357	9	La4	A4	305	305	3	32	288	95	96	.	11.69792
358	9	So4	G4	296	296	1	32	96	95	96	.	11.70833
359	9	La4	A4	305	305	1	16	192	95	96	.	11.72917
360	9	Si4b2	B4b1	312	313	1	16	192	95	96	.	11.75
361	9	do5	C5	318	318	1	16	192	95	96	.	11.77083
362	9	Re5b3	D5b4	324	323	1	16	192	95	96	.	11.79167
363	9	Mi5	E5	336	336	1	16	192	95	96	.	11.8125
364	9	Fa5	F5	340	340	1	16	192	95	96	.	11.83333
365	9	Mi5	E5	336	336	1	16	192	95	96	.	11.85417
366	9	Re5b3	D5b4	324	323	1	16	192	95	96	.	11.875
367	9	do5	C5	318	318	1	16	192	95	96	.	11.89583
368	9	Si4b2	B4b1	312	313	1	16	192	95	96	.	11.91667
369	9	do5	C5	318	318	1	4	769	95	96	.	12
370	53			0	0	0	0	0	0	0		12
371	9	Mi5	E5	336	336	1	4	769	99	96	Kal	12.08333
372	9	Re5b3	D5b4	324	323	1	8	385	99	96		12.125
373	9	Do5	C5	318	318	1	8	385	95	96		12.16667
374	9	Do5	C5	318	318	1	16	192	99	96	bin	12.1875
375	9	Si4b2	B4b1	312	313	1	16	192	99	96		12.20833
376	9	Si4b2	B4b1	312	313	1	16	192	99	96		12.22917
377	9	La4	A4	305	305	1	16	192	99	96		12.25
378	9	Si4b2	B4b1	312	313	1	4	769	95	96		12.33333
379	53			0	0	0	0	0	0	0		12.33333
380	9	Re5b3	D5b4	324	323	1	8	385	99	96	de 	12.375
381	9	Do5	C5	318	318	1	8	385	99	96		12.41667
382	8	Re5b3	D5b4	324	323	0	0	0	99	96		12.41667
383	9	Do5	C5	318	318	1	8	385	99	96		12.45833
384	9	Re5b3	D5b4	324	323	1	8	385	95	96		12.5
385	9	Do5	C5	318	318	1	16	192	99	96	de	12.52083
386	9	Do5	C5	318	318	1	16	192	99	96		12.54167
387	9	Si4b2	B4b1	312	313	1	16	192	99	96		12.5625
388	9	La4	A4	305	305	1	16	192	99	96		12.58333
389	9	Si4b2	B4b1	312	313	1	8	385	99	96		12.625
390	9	Do5	C5	318	318	1	8	385	95	96		12.66667
391	9	Do5	C5	318	318	1	16	192	99	96	rin 	12.6875
392	9	Si4b2	B4b1	312	313	1	16	192	99	96		12.70833
393	9	Si4b2	B4b1	312	313	1	16	192	99	96		12.72917
394	9	La4	A4	305	305	1	16	192	99	96		12.75
395	9	Si4b2	B4b1	312	313	1	16	192	99	96		12.77083
396	9	La4	A4	305	305	1	16	192	99	96		12.79167
397	9	Si4b2	B4b1	312	313	1	16	192	99	96		12.8125
398	9	La4	A4	305	305	1	16	192	99	96		12.83333
399	9	Do5	C5	318	318	1	4	769	99	96		12.91667
400	9	Re5b3	D5b4	324	323	1	16	192	99	96		12.9375
401	9	Do5	C5	318	318	1	16	192	99	96		12.95833
402	9	Si4b2	B4b1	312	313	1	16	192	99	96		12.97917
403	9	La4	A4	305	305	1	16	192	95	96		13
404	9	La4	A4	305	305	1	8	385	99	96	bir 	13.04167
405	9	Mi5	E5	336	336	1	8	385	99	96		13.08333
406	9	Re5b3	D5b4	324	323	1	8	385	99	96		13.125
407	9	Do5	C5	318	318	1	8	385	99	96		13.16667
408	9	Si4b2	B4b1	312	313	1	4	769	99	96		13.25
409	9	La4	A4	305	305	1	4	769	95	96		13.33333
410	53			0	0	0	0	0	0	0		13.33333
411	54			0	0	0	0	0	0	0	bestenigar@fa4#4	13.33333
412	9	La4	A4	305	305	3	16	577	99	96	sý	13.39583
413	9	Si4b2	B4b1	312	313	1	16	192	99	96		13.41667
414	9	Do5	C5	318	318	1	8	385	99	96		13.45833
415	9	Si4b2	B4b1	312	313	1	8	385	95	96		13.5
416	9	La4	A4	305	305	3	16	577	99	96	zý 	13.5625
417	9	So4	G4	296	296	1	16	192	99	96		13.58333
418	9	La4	A4	305	305	1	16	192	99	96		13.60417
419	9	So4	G4	296	296	1	16	192	99	96		13.625
420	9	Fa4#4	F4#4	291	291	1	16	192	99	96		13.64583
421	9	Mi4#4	E4#4	287	287	1	16	192	99	96		13.66667
422	9	Fa4#4	F4#4	291	291	1	4	769	95	96		13.75
423	55			0	0	0	0	0	0	0		13.75
424	53			0	0	0	0	0	0	0		13.75
425	9	Mi5	E5	336	336	1	4	769	99	96	duy 	13.83333
426	9	Re5b3	D5b4	324	323	1	8	385	99	96		13.875
427	9	Do5	C5	318	318	1	16	192	99	96		13.89583
428	9	Si4b2	B4b1	312	313	1	16	192	99	96		13.91667
429	9	Do5	C5	318	318	1	4	769	95	96		14
430	53			0	0	0	0	0	0	0		14
431	9	Do5	C5	318	318	1	4	769	99	96	aþ	14.08333
432	9	Re5b3	D5b4	324	323	1	2	1538	99	96		14.25
433	9	Do5	C5	318	318	1	16	192	99	96		14.27083
434	9	Si4b2	B4b1	312	313	1	16	192	99	96		14.29167
435	9	La4	A4	305	305	1	16	192	99	96		14.3125
436	9	Si4b2	B4b1	312	313	1	16	192	95	96		14.33333
437	9	Do5	C5	318	318	1	8	385	99	96	ký	14.375
438	9	Re5b3	D5b4	324	323	1	8	385	99	96		14.41667
439	9	Do5	C5	318	318	1	8	385	99	96		14.45833
440	9	Si4b2	B4b1	312	313	1	8	385	95	96		14.5
441	9	La4	A4	305	305	1	2	1538	95	96	mý 	14.66667
442	53			0	0	0	0	0	0	0		14.66667
443	9	La4	A4	305	305	1	8	385	99	96	an 	14.70833
444	9	Si4b2	B4b1	312	313	1	8	385	99	96		14.75
445	9	La4	A4	305	305	1	8	385	99	96		14.79167
446	9	So4	G4	296	296	1	8	385	99	96		14.83333
447	9	Do5	C5	318	318	1	8	385	99	96		14.875
448	9	Si4b2	B4b1	312	313	1	16	192	99	96		14.89583
449	9	Do5	C5	318	318	1	16	192	99	96		14.91667
450	9	Do5	C5	318	318	1	16	192	99	96		14.9375
451	9	Si4b2	B4b1	312	313	1	16	192	99	96		14.95833
452	9	Si4b2	B4b1	312	313	1	16	192	99	96		14.97917
453	9	La4	A4	305	305	1	16	192	95	96		15
454	9	La4	A4	305	305	1	2	1538	95	96	sen 	15.16667
455	53			0	0	0	0	0	0	0		15.16667
456	54			0	0	0	0	0	0	0	hicaz@la4	15.16667
457	9	La4	A4	305	305	1	12	256	95	96	SAZ	15.19444
458	9	Fa4#3	F4#4	290	291	1	12	256	95	96	.	15.22222
459	9	Sol4	G4	296	296	1	12	256	95	96	.	15.25
460	9	La4	A4	305	305	1	12	256	95	96	.	15.27778
461	9	Si4b2	B4b1	312	313	1	12	256	95	96	.	15.30556
462	9	Do5#4	C5#4	322	322	1	12	256	95	96	.	15.33333
463	9	Re5	D5	327	327	1	2	1538	95	96	.	15.5
464	53			0	0	0	0	0	0	0		15.5
465	9	Do5#4	C5#4	322	322	1	12	256	95	96	.	15.52778
466	9	Re5	D5	327	327	1	12	256	95	96	.	15.55556
467	9	Mi5	E5	336	336	1	12	256	95	96	.	15.58333
468	9	Fa5	F5	340	340	1	16	192	95	96	.	15.60417
469	9	Mi5	E5	336	336	1	16	192	95	96	.	15.625
470	9	Re5	D5	327	327	1	16	192	95	96	.	15.64583
471	9	Do5#4	C5#4	322	322	1	16	192	95	96	.	15.66667
472	9	Re5	D5	327	327	3	8	1154	95	96	.	15.79167
473	9	Fa5	F5	340	340	1	16	192	95	96	.	15.8125
474	9	Mi5	E5	336	336	1	16	192	95	96	.	15.83333
475	9	Mi5	E5	336	336	1	16	192	95	96	.	15.85417
476	9	re5	D5	327	327	1	16	192	95	96	.	15.875
477	9	re5	D5	327	327	1	16	192	95	96	.	15.89583
478	9	Do5#4	C5#4	322	322	1	16	192	95	96	.	15.91667
479	9	re5	D5	327	327	1	4	769	95	96	.	16
480	53			0	0	0	0	0	0	0		16
481	9	Re5	D5	327	327	1	2	1538	95	96	Hic	16.16667
482	9	Mi5	E5	336	336	1	4	769	99	96	rin	16.25
483	9	Re5	D5	327	327	1	12	256	99	96		16.27778
484	9	Do5#4	C5#4	322	322	1	12	256	99	96		16.30556
485	9	Si4b4	B4b4	310	310	1	12	256	95	96		16.33333
486	9	Do5#4	C5#4	322	322	1	4	769	99	96	le 	16.41667
487	9	Si4b4	B4b4	310	310	1	16	192	99	96		16.4375
488	9	La4	A4	305	305	1	16	192	99	96		16.45833
489	9	Si4b4	B4b4	310	310	1	16	192	99	96		16.47917
490	9	Do5#4	C5#4	322	322	1	16	192	95	96		16.5
491	9	Si4b4	B4b4	310	310	1	4	769	99	96	na	16.58333
492	9	La4	A4	305	305	1	16	192	99	96		16.60417
493	9	So4	G4	296	296	1	16	192	99	96		16.625
494	9	Fa4#3	F4#4	290	291	1	16	192	99	96		16.64583
495	9	So4	G4	296	296	1	16	192	95	96		16.66667
496	55			0	0	0	0	0	0	0		16.66667
497	54			0	0	0	0	0	0	0	segah@da5$4	16.66667
498	9	Re5	D5	327	327	1	2	1538	99	96	sýl 	16.83333
499	9	Re5	D5	327	327	1	16	192	99	96		16.85417
500	9	Do5#4	C5#4	322	322	1	16	192	99	96		16.875
501	9	Do5#4	C5#4	322	322	1	16	192	99	96		16.89583
502	9	Si4#3	C5b1	317	317	1	16	192	99	96		16.91667
503	9	Do5#4	C5#4	322	322	1	4	769	95	96		17
504	55			0	0	0	0	0	0	0		17
505	53			0	0	0	0	0	0	0		17
506	54			0	0	0	0	0	0	0	hicaz@la4	17
507	9	Re5	D5	327	327	1	8	385	99	96	sön	17.04167
508	9	Mi5	E5	336	336	1	8	385	99	96		17.08333
509	9	Re5	D5	327	327	1	8	385	99	96		17.125
510	9	Do5#4	C5#4	322	322	1	8	385	99	96		17.16667
511	9	Re5	D5	327	327	1	8	385	99	96		17.20833
512	9	Mi5	E5	336	336	1	8	385	99	96		17.25
513	9	Re5	D5	327	327	1	8	385	99	96		17.29167
514	9	Do5#4	C5#4	322	322	1	8	385	95	96		17.33333
515	9	Re5	D5	327	327	1	8	385	99	96	dü	17.375
516	9	So5	G5	349	349	1	8	385	99	96		17.41667
517	9	Fa5	F5	340	340	1	8	385	99	96		17.45833
518	9	Mi5	E5	336	336	1	8	385	95	96		17.5
519	9	Re5	D5	327	327	1	8	385	99	96	ðü	17.54167
520	9	Do5#4	C5#4	322	322	1	8	385	99	96		17.58333
521	9	Si4b4	B4b4	310	310	1	8	385	99	96		17.625
522	9	Do5#4	C5#4	322	322	1	16	192	99	96		17.64583
523	9	Re5	D5	327	327	1	16	192	95	96		17.66667
524	9	Re5	D5	327	327	1	16	192	99	96	mü 	17.6875
525	9	Re5	D5	327	327	1	16	192	99	96		17.70833
526	9	Do5#4	C5#4	322	322	1	16	192	99	96		17.72917
527	9	Si4b4	B4b4	310	310	1	16	192	99	96		17.75
528	9	La4	A4	305	305	1	2	1538	95	96		17.91667
529	9			-1	-1	1	4	769	100	0		18
530	53			0	0	0	0	0	0	0		18
531	9	Re5	D5	327	327	1	8	385	99	96	gör 	18.04167
532	9	Re5	D5	327	327	1	16	192	99	96		18.0625
533	9	Do5#4	C5#4	322	322	1	16	192	99	96		18.08333
534	9	Si4b4	B4b4	310	310	1	8	385	99	96		18.125
535	9	La4	A4	305	305	1	8	385	99	96		18.16667
536	55			0	0	0	0	0	0	0		18.16667
537	9	La4	A4	305	305	1	8	385	99	96		18.20833
538	9	La4	A4	305	305	1	16	192	99	96		18.22917
539	9	Si4b2	B4b1	312	313	1	16	192	99	96		18.25
540	9	Do5	C5	318	318	1	8	385	99	96		18.29167
541	9	Re5b3	D5b4	324	323	1	8	385	95	96		18.33333
542	9	Re5b3	D5b4	324	323	1	8	385	99	96	de 	18.375
543	9	Do5	C5	318	318	1	8	385	99	96		18.41667
544	8	Re5b3	D5b4	324	323	0	0	0	99	96		18.41667
545	9	Do5	C5	318	318	1	8	385	99	96		18.45833
546	9	Re5b3	D5b4	324	323	1	8	385	95	96		18.5
547	9	Do5	C5	318	318	1	8	385	99	96	i	18.54167
548	9	Si4b2	B4b1	312	313	1	16	192	99	96		18.5625
549	9	La4	A4	305	305	1	16	192	99	96		18.58333
550	9	Si4b2	B4b1	312	313	1	4	769	95	96		18.66667
551	53			0	0	0	0	0	0	0		18.66667
552	9	Do5	C5	318	318	1	8	385	99	96	nan 	18.70833
553	9	Re5b3	D5b4	324	323	1	8	385	99	96		18.75
554	9	Do5	C5	318	318	1	8	385	99	96		18.79167
555	9	Si4b2	B4b1	312	313	1	8	385	99	96		18.83333
556	9	La4	A4	305	305	1	8	385	99	96		18.875
557	9	So4	G4	296	296	1	8	385	99	96		18.91667
558	9	Mi5	E5	336	336	1	8	385	99	96		18.95833
559	9	Re5b3	D5b4	324	323	1	16	192	99	96		18.97917
560	9	Do5	C5	318	318	1	16	192	95	96		19
561	9	Do5	C5	318	318	1	2	1538	95	96	sen 	19.16667
562	53			0	0	0	0	0	0	0		19.16667
563	9	Sol4	G4	296	296	1	8	385	95	96	SAZ	19.20833
564	9	Sol4	G4	296	296	1	8	385	95	96	.	19.25
565	9	Do5	C5	318	318	1	4	769	95	96	.	19.33333
566	53			0	0	0	0	0	0	0		19.33333
567	9	Do5	C5	318	318	1	8	385	95	96	.	19.375
568	9	Re5b3	D5b4	324	323	1	16	192	95	96	.	19.39583
569	9	Mi5	E5	336	336	1	16	192	95	96	.	19.41667
570	9	Re5b3	D5b4	324	323	1	8	385	95	96	.	19.45833
571	9	Do5	C5	318	318	1	8	385	95	96	.	19.5
572	9	Re5b3	D5b4	324	323	1	16	192	95	96	.	19.52083
573	9	Do5	C5	318	318	1	16	192	95	96	.	19.54167
574	9	Si4b2	B4b1	312	313	1	16	192	95	96	.	19.5625
575	9	Do5	C5	318	318	1	16	192	95	96	.	19.58333
576	9	Si4b2	B4b1	312	313	1	8	385	95	96	.	19.625
577	9	La4	A4	305	305	1	8	385	95	96	.	19.66667
578	9	La4	A4	305	305	1	16	192	95	96	.	19.6875
579	9	So4	G4	296	296	1	16	192	95	96	.	19.70833
580	9	La4	A4	305	305	1	16	192	95	96	.	19.72917
581	9	Si4b2	B4b1	312	313	1	16	192	95	96	.	19.75
582	9	Do5	C5	318	318	1	16	192	95	96	.	19.77083
583	9	Re5b3	D5b4	324	323	1	16	192	95	96	.	19.79167
584	9	Mi5	E5	336	336	1	16	192	95	96	.	19.8125
585	9	Fa5	F5	340	340	1	16	192	95	96	.	19.83333
586	9	Mi5	E5	336	336	1	16	192	95	96	.	19.85417
587	9	Re5b3	D5b4	324	323	1	16	192	95	96	.	19.875
588	9	Do5	C5	318	318	1	16	192	95	96	.	19.89583
589	9	Si4b2	B4b1	312	313	1	16	192	95	96	.	19.91667
590	9	Do5	C5	318	318	1	4	769	95	96	.	20
591	53			0	0	0	0	0	0	0		20
592	9	Mi5	E5	336	336	1	4	769	99	96	Kal	20.08333
593	9	Re5b3	D5b4	324	323	1	8	385	99	96		20.125
594	9	Do5	C5	318	318	1	8	385	95	96		20.16667
595	9	Do5	C5	318	318	1	16	192	99	96	bin	20.1875
596	9	Si4b2	B4b1	312	313	1	16	192	99	96		20.20833
597	9	Si4b2	B4b1	312	313	1	16	192	99	96		20.22917
598	9	La4	A4	305	305	1	16	192	99	96		20.25
599	9	Si4b2	B4b1	312	313	1	4	769	95	96		20.33333
600	53			0	0	0	0	0	0	0		20.33333
601	9	Re5b3	D5b4	324	323	1	8	385	99	96	de 	20.375
602	9	Do5	C5	318	318	1	8	385	99	96		20.41667
603	8	Re5b3	D5b4	324	323	0	0	0	99	96		20.41667
604	9	Do5	C5	318	318	1	8	385	99	96		20.45833
605	9	Re5b3	D5b4	324	323	1	8	385	95	96		20.5
606	9	Do5	C5	318	318	1	16	192	99	96	de	20.52083
607	9	Do5	C5	318	318	1	16	192	99	96		20.54167
608	9	Si4b2	B4b1	312	313	1	16	192	99	96		20.5625
609	9	La4	A4	305	305	1	16	192	99	96		20.58333
610	9	Si4b2	B4b1	312	313	1	8	385	99	96		20.625
611	9	Do5	C5	318	318	1	8	385	95	96		20.66667
612	9	Do5	C5	318	318	1	16	192	99	96	rin 	20.6875
613	9	Si4b2	B4b1	312	313	1	16	192	99	96		20.70833
614	9	Si4b2	B4b1	312	313	1	16	192	99	96		20.72917
615	9	La4	A4	305	305	1	16	192	99	96		20.75
616	9	Si4b2	B4b1	312	313	1	16	192	99	96		20.77083
617	9	La4	A4	305	305	1	16	192	99	96		20.79167
618	9	Si4b2	B4b1	312	313	1	16	192	99	96		20.8125
619	9	La4	A4	305	305	1	16	192	99	96		20.83333
620	9	Do5	C5	318	318	1	4	769	99	96		20.91667
621	9	Re5b3	D5b4	324	323	1	16	192	99	96		20.9375
622	9	Do5	C5	318	318	1	16	192	99	96		20.95833
623	9	Si4b2	B4b1	312	313	1	16	192	99	96		20.97917
624	9	La4	A4	305	305	1	16	192	95	96		21
625	9	La4	A4	305	305	1	8	385	99	96	bir 	21.04167
626	9	Mi5	E5	336	336	1	8	385	99	96		21.08333
627	9	Re5b3	D5b4	324	323	1	8	385	99	96		21.125
628	9	Do5	C5	318	318	1	8	385	99	96		21.16667
629	9	Si4b2	B4b1	312	313	1	4	769	99	96		21.25
630	9	La4	A4	305	305	1	4	769	95	96		21.33333
631	53			0	0	0	0	0	0	0		21.33333
632	54			0	0	0	0	0	0	0	bestenigar@fa4#4	21.33333
633	9	La4	A4	305	305	3	16	577	99	96	sý	21.39583
634	9	Si4b2	B4b1	312	313	1	16	192	99	96		21.41667
635	9	Do5	C5	318	318	1	8	385	99	96		21.45833
636	9	Si4b2	B4b1	312	313	1	8	385	95	96		21.5
637	9	La4	A4	305	305	3	16	577	99	96	zý 	21.5625
638	9	So4	G4	296	296	1	16	192	99	96		21.58333
639	9	La4	A4	305	305	1	16	192	99	96		21.60417
640	9	So4	G4	296	296	1	16	192	99	96		21.625
641	9	Fa4#4	F4#4	291	291	1	16	192	99	96		21.64583
642	9	Mi4#4	E4#4	287	287	1	16	192	99	96		21.66667
643	9	Fa4#4	F4#4	291	291	1	4	769	95	96		21.75
644	55			0	0	0	0	0	0	0		21.75
645	53			0	0	0	0	0	0	0		21.75
646	9	Mi5	E5	336	336	1	4	769	99	96	duy 	21.83333
647	9	Re5b3	D5b4	324	323	1	8	385	99	96		21.875
648	9	Do5	C5	318	318	1	16	192	99	96		21.89583
649	9	Si4b2	B4b1	312	313	1	16	192	99	96		21.91667
650	9	Do5	C5	318	318	1	4	769	95	96		22
651	53			0	0	0	0	0	0	0		22
652	9	Do5	C5	318	318	1	4	769	99	96	aþ	22.08333
653	9	Re5b3	D5b4	324	323	1	2	1538	99	96		22.25
654	9	Do5	C5	318	318	1	16	192	99	96		22.27083
655	9	Si4b2	B4b1	312	313	1	16	192	99	96		22.29167
656	9	La4	A4	305	305	1	16	192	99	96		22.3125
657	9	Si4b2	B4b1	312	313	1	16	192	95	96		22.33333
658	9	Do5	C5	318	318	1	8	385	99	96	ký	22.375
659	9	Re5b3	D5b4	324	323	1	8	385	99	96		22.41667
660	9	Do5	C5	318	318	1	8	385	99	96		22.45833
661	9	Si4b2	B4b1	312	313	1	8	385	95	96		22.5
662	9	La4	A4	305	305	1	2	1538	95	96	mý 	22.66667
663	53			0	0	0	0	0	0	0		22.66667
664	9	La4	A4	305	305	1	8	385	99	96	an 	22.70833
665	9	Si4b2	B4b1	312	313	1	8	385	99	96		22.75
666	9	La4	A4	305	305	1	8	385	99	96		22.79167
667	9	So4	G4	296	296	1	8	385	99	96		22.83333
668	9	Do5	C5	318	318	1	8	385	99	96		22.875
669	9	Si4b2	B4b1	312	313	1	16	192	99	96		22.89583
670	9	Do5	C5	318	318	1	16	192	99	96		22.91667
671	9	Do5	C5	318	318	1	16	192	99	96		22.9375
672	9	Si4b2	B4b1	312	313	1	16	192	99	96		22.95833
673	9	Si4b2	B4b1	312	313	1	16	192	99	96		22.97917
674	9	La4	A4	305	305	1	16	192	95	96		23
675	9	La4	A4	305	305	1	2	1538	95	96	sen 	23.16667
676	53			0	0	0	0	0	0	0		23.16667
677	9	La4	A4	305	305	3	32	288	99	96	SAZ	23.19792
678	9	Si4b2	B4b1	312	313	1	32	96	99	96	.	23.20833
679	9	La4	A4	305	305	1	16	192	99	96	.	23.22917
680	9	Sol4	G4	296	296	1	16	192	99	96	.	23.25
681	9	Fa4#3	F4#4	290	291	1	16	192	99	96	.	23.27083
682	9	Sol4	G4	296	296	1	16	192	99	96	.	23.29167
683	9	La4	A4	305	305	1	16	192	99	96	.	23.3125
684	9	Si4b2	B4b1	312	313	1	16	192	99	96	.	23.33333
685	9	Do5	C5	318	318	1	8	385	95	96	.	23.375
686	9	Re5b3	D5b4	324	323	1	16	192	95	96	.	23.39583
687	9	Mi5	E5	336	336	1	16	192	95	96	.	23.41667
688	9	Re5b3	D5b4	324	323	1	8	385	95	96	.	23.45833
689	9	do5	C5	318	318	1	8	385	95	96	.	23.5
690	9	Re5b3	D5b4	324	323	1	16	192	95	96	.	23.52083
691	9	do5	C5	318	318	1	16	192	95	96	.	23.54167
692	9	Si4b2	B4b1	312	313	1	16	192	95	96	.	23.5625
693	9	do5	C5	318	318	1	16	192	95	96	.	23.58333
694	9	Si4b2	B4b1	312	313	1	8	385	95	96	.	23.625
695	9	La4	A4	305	305	1	8	385	95	96	.	23.66667
696	9	La4	A4	305	305	3	32	288	95	96	.	23.69792
697	9	So4	G4	296	296	1	32	96	95	96	.	23.70833
698	9	La4	A4	305	305	1	16	192	95	96	.	23.72917
699	9	Si4b2	B4b1	312	313	1	16	192	95	96	.	23.75
700	9	do5	C5	318	318	1	16	192	95	96	.	23.77083
701	9	Re5b3	D5b4	324	323	1	16	192	95	96	.	23.79167
702	9	Mi5	E5	336	336	1	16	192	95	96	.	23.8125
703	9	Fa5	F5	340	340	1	16	192	95	96	.	23.83333
704	9	Mi5	E5	336	336	1	16	192	95	96	.	23.85417
705	9	Re5b3	D5b4	324	323	1	16	192	95	96	.	23.875
706	9	do5	C5	318	318	1	16	192	95	96	.	23.89583
707	9	Si4b2	B4b1	312	313	1	16	192	95	96	.	23.91667
708	9	do5	C5	318	318	1	4	769	95	96	.	24
709	53			0	0	0	0	0	0	0		24
710	9	Mi5	E5	336	336	1	4	769	99	96	Kal	24.08333
711	9	Re5b3	D5b4	324	323	1	8	385	99	96		24.125
712	9	Do5	C5	318	318	1	8	385	95	96		24.16667
713	9	Do5	C5	318	318	1	16	192	99	96	bin	24.1875
714	9	Si4b2	B4b1	312	313	1	16	192	99	96		24.20833
715	9	Si4b2	B4b1	312	313	1	16	192	99	96		24.22917
716	9	La4	A4	305	305	1	16	192	99	96		24.25
717	9	Si4b2	B4b1	312	313	1	4	769	95	96		24.33333
718	53			0	0	0	0	0	0	0		24.33333
719	9	Re5b3	D5b4	324	323	1	8	385	99	96	de 	24.375
720	9	Do5	C5	318	318	1	8	385	99	96		24.41667
721	8	Re5b3	D5b4	324	323	0	0	0	99	96		24.41667
722	9	Do5	C5	318	318	1	8	385	99	96		24.45833
723	9	Re5b3	D5b4	324	323	1	8	385	95	96		24.5
724	9	Do5	C5	318	318	1	16	192	99	96	de	24.52083
725	9	Do5	C5	318	318	1	16	192	99	96		24.54167
726	9	Si4b2	B4b1	312	313	1	16	192	99	96		24.5625
727	9	La4	A4	305	305	1	16	192	99	96		24.58333
728	9	Si4b2	B4b1	312	313	1	8	385	99	96		24.625
729	9	Do5	C5	318	318	1	8	385	95	96		24.66667
730	9	Do5	C5	318	318	1	16	192	99	96	rin 	24.6875
731	9	Si4b2	B4b1	312	313	1	16	192	99	96		24.70833
732	9	Si4b2	B4b1	312	313	1	16	192	99	96		24.72917
733	9	La4	A4	305	305	1	16	192	99	96		24.75
734	9	Si4b2	B4b1	312	313	1	16	192	99	96		24.77083
735	9	La4	A4	305	305	1	16	192	99	96		24.79167
736	9	Si4b2	B4b1	312	313	1	16	192	99	96		24.8125
737	9	La4	A4	305	305	1	16	192	99	96		24.83333
738	9	Do5	C5	318	318	1	4	769	99	96		24.91667
739	9	Re5b3	D5b4	324	323	1	16	192	99	96		24.9375
740	9	Do5	C5	318	318	1	16	192	99	96		24.95833
741	9	Si4b2	B4b1	312	313	1	16	192	99	96		24.97917
742	9	La4	A4	305	305	1	16	192	95	96		25
743	9	La4	A4	305	305	1	8	385	99	96	bir 	25.04167
744	9	Mi5	E5	336	336	1	8	385	99	96		25.08333
745	9	Re5b3	D5b4	324	323	1	8	385	99	96		25.125
746	9	Do5	C5	318	318	1	8	385	99	96		25.16667
747	9	Si4b2	B4b1	312	313	1	4	769	99	96		25.25
748	9	La4	A4	305	305	1	4	769	95	96		25.33333
749	53			0	0	0	0	0	0	0		25.33333
750	54			0	0	0	0	0	0	0	bestenigar@fa4#4	25.33333
751	9	La4	A4	305	305	3	16	577	99	96	sý	25.39583
752	9	Si4b2	B4b1	312	313	1	16	192	99	96		25.41667
753	9	Do5	C5	318	318	1	8	385	99	96		25.45833
754	9	Si4b2	B4b1	312	313	1	8	385	95	96		25.5
755	9	La4	A4	305	305	3	16	577	99	96	zý 	25.5625
756	9	So4	G4	296	296	1	16	192	99	96		25.58333
757	9	La4	A4	305	305	1	16	192	99	96		25.60417
758	9	So4	G4	296	296	1	16	192	99	96		25.625
759	9	Fa4#4	F4#4	291	291	1	16	192	99	96		25.64583
760	9	Mi4#4	E4#4	287	287	1	16	192	99	96		25.66667
761	9	Fa4#4	F4#4	291	291	1	4	769	95	96		25.75
762	55			0	0	0	0	0	0	0		25.75
763	53			0	0	0	0	0	0	0		25.75
764	9	Mi5	E5	336	336	1	4	769	99	96	duy 	25.83333
765	9	Re5b3	D5b4	324	323	1	8	385	99	96		25.875
766	9	Do5	C5	318	318	1	16	192	99	96		25.89583
767	9	Si4b2	B4b1	312	313	1	16	192	99	96		25.91667
768	9	Do5	C5	318	318	1	4	769	95	96		26
769	53			0	0	0	0	0	0	0		26
770	9	Do5	C5	318	318	1	4	769	99	96	aþ	26.08333
771	9	Re5b3	D5b4	324	323	1	2	1538	99	96		26.25
772	9	Do5	C5	318	318	1	16	192	99	96		26.27083
773	9	Si4b2	B4b1	312	313	1	16	192	99	96		26.29167
774	9	La4	A4	305	305	1	16	192	99	96		26.3125
775	9	Si4b2	B4b1	312	313	1	16	192	95	96		26.33333
776	9	Do5	C5	318	318	1	8	385	99	96	ký	26.375
777	9	Re5b3	D5b4	324	323	1	8	385	99	96		26.41667
778	9	Do5	C5	318	318	1	8	385	99	96		26.45833
779	9	Si4b2	B4b1	312	313	1	8	385	95	96		26.5
780	9	La4	A4	305	305	1	2	1538	95	96	mý 	26.66667
781	53			0	0	0	0	0	0	0		26.66667
782	9	La4	A4	305	305	1	8	385	99	96	an 	26.70833
783	9	Si4b2	B4b1	312	313	1	8	385	99	96		26.75
784	9	La4	A4	305	305	1	8	385	99	96		26.79167
785	9	So4	G4	296	296	1	8	385	99	96		26.83333
786	9	Do5	C5	318	318	1	8	385	99	96		26.875
787	9	Si4b2	B4b1	312	313	1	16	192	99	96		26.89583
788	9	Do5	C5	318	318	1	16	192	99	96		26.91667
789	9	Do5	C5	318	318	1	16	192	99	96		26.9375
790	9	Si4b2	B4b1	312	313	1	16	192	99	96		26.95833
791	9	Si4b2	B4b1	312	313	1	16	192	99	96		26.97917
792	9	La4	A4	305	305	1	16	192	95	96		27
793	9	La4	A4	305	305	1	2	1538	95	96	sen 	27.16667
794	53			0	0	0	0	0	0	0		27.16667
