Sýra	Kod	Nota53	NotaAE	Koma53	KomaAE	Pay	Payda	Ms	LNS	Bas	Soz1	Offset
1	9	La4	A4	305	305	1	16	208	95	96	ARANAÐME 	5.555556E-02
2	9	Si4b4	B4b4	310	310	1	16	208	95	96	.	0.1111111
3	9	La4	A4	305	305	1	16	208	95	96	.	0.1666667
4	9	Sol4	G4	296	296	1	16	208	95	96	.	0.2222222
5	9	Fa4#4	F4#4	291	291	1	8	417	95	96	.	0.3333333
6	9	Sol4	G4	296	296	1	8	417	95	96	.	0.4444444
7	9	La4	A4	305	305	1	8	417	95	96	.	0.5555556
8	9	Si4b4	B4b4	310	310	1	8	417	95	96	.	0.6666667
9	9	Do5#4	C5#4	322	322	1	8	417	95	96	.	0.7777778
10	9	Re5	D5	327	327	1	8	417	95	96	.	0.8888889
11	9	Mi5	E5	336	336	1	8	417	95	96	.	1
12	9	Re5	D5	327	327	1	16	208	95	96	.	1.055556
13	9	Mi5	E5	336	336	1	16	208	95	96	.	1.111111
14	9	Fa5	F5	340	340	1	16	208	95	96	.	1.166667
15	9	Sol5	G5	349	349	1	16	208	95	96	.	1.222222
16	9	Mi5	E5	336	336	1	16	208	95	96	.	1.277778
17	9	Fa5	F5	340	340	1	16	208	95	96	.	1.333333
18	9	Re5	D5	327	327	1	16	208	95	96	.	1.388889
19	9	Mi5	E5	336	336	1	16	208	95	96	.	1.444444
20	9	Do5#4	C5#4	322	322	1	16	208	95	96	.	1.5
21	9	Re5	D5	327	327	1	16	208	95	96	.	1.555556
22	9	Do5#4	C5#4	322	322	1	16	208	95	96	.	1.611111
23	9	Si4b4	B4b4	310	310	1	16	208	95	96	.	1.666667
24	9	Do5#4	C5#4	322	322	1	8	417	95	96	.	1.777778
25	9	Re5	D5	327	327	1	8	417	95	96	.	1.888889
26	9	Do5#4	C5#4	322	322	1	16	208	95	96	.	1.944444
27	9	Si4b4	B4b4	310	310	1	16	208	95	96	.	2
28	53			0	0	0	0	0	0	0		2
29	9	La4	A4	305	305	1	16	208	95	96	.	2.055556
30	9	Si4b4	B4b4	310	310	1	16	208	95	96	.	2.111111
31	9	La4	A4	305	305	1	16	208	95	96	.	2.166667
32	9	Sol4	G4	296	296	1	16	208	95	96	.	2.222222
33	9	Fa4#4	F4#4	291	291	1	8	417	95	96	.	2.333333
34	9	Sol4	G4	296	296	1	8	417	95	96	.	2.444444
35	9	La4	A4	305	305	1	8	417	95	96	.	2.555556
36	9	Si4b4	B4b4	310	310	1	8	417	95	96	.	2.666667
37	9	Do5#4	C5#4	322	322	1	8	417	95	96	.	2.777778
38	9	Re5	D5	327	327	1	8	417	95	96	.	2.888889
39	9	Mi5	E5	336	336	1	8	417	95	96	.	3
40	9	Re5	D5	327	327	1	16	208	95	96	.	3.055556
41	9	Mi5	E5	336	336	1	16	208	95	96	.	3.111111
42	9	Fa5	F5	340	340	1	16	208	95	96	.	3.166667
43	9	Sol5	G5	349	349	1	16	208	95	96	.	3.222222
44	9	Mi5	E5	336	336	1	16	208	95	96	.	3.277778
45	9	Fa5	F5	340	340	1	16	208	95	96	.	3.333333
46	9	Re5	D5	327	327	1	16	208	95	96	.	3.388889
47	9	Mi5	E5	336	336	1	16	208	95	96	.	3.444444
48	9	Do5#4	C5#4	322	322	1	16	208	95	96	.	3.5
49	9	Si4b4	B4b4	310	310	1	16	208	95	96	.	3.555556
50	9	Si4b4	B4b4	310	310	1	16	208	95	96	.	3.611111
51	11	La4	A4	305	305	1	16	208	95	96	.	3.666667
52	9	La4	A4	305	305	3	8	1250	95	96	.	4
53	53			0	0	0	0	0	0	0		4
54	9	La4	A4	305	305	1	16	208	95	96	ARANAÐME 	4.055555
55	9	Si4b4	B4b4	310	310	1	16	208	95	96	.	4.111111
56	9	La4	A4	305	305	1	16	208	95	96	.	4.166667
57	9	Sol4	G4	296	296	1	16	208	95	96	.	4.222222
58	9	Fa4#4	F4#4	291	291	1	8	417	95	96	.	4.333333
59	9	Sol4	G4	296	296	1	8	417	95	96	.	4.444445
60	9	La4	A4	305	305	1	8	417	95	96	.	4.555555
61	9	Si4b4	B4b4	310	310	1	8	417	95	96	.	4.666667
62	9	Do5#4	C5#4	322	322	1	8	417	95	96	.	4.777778
63	9	Re5	D5	327	327	1	8	417	95	96	.	4.888889
64	9	Mi5	E5	336	336	1	8	417	95	96	.	5
65	9	Re5	D5	327	327	1	16	208	95	96	.	5.055555
66	9	Mi5	E5	336	336	1	16	208	95	96	.	5.111111
67	9	Fa5	F5	340	340	1	16	208	95	96	.	5.166667
68	9	Sol5	G5	349	349	1	16	208	95	96	.	5.222222
69	9	Mi5	E5	336	336	1	16	208	95	96	.	5.277778
70	9	Fa5	F5	340	340	1	16	208	95	96	.	5.333333
71	9	Re5	D5	327	327	1	16	208	95	96	.	5.388889
72	9	Mi5	E5	336	336	1	16	208	95	96	.	5.444445
73	9	Do5#4	C5#4	322	322	1	16	208	95	96	.	5.5
74	9	Re5	D5	327	327	1	16	208	95	96	.	5.555555
75	9	Do5#4	C5#4	322	322	1	16	208	95	96	.	5.611111
76	9	Si4b4	B4b4	310	310	1	16	208	95	96	.	5.666667
77	9	Do5#4	C5#4	322	322	1	8	417	95	96	.	5.777778
78	9	Re5	D5	327	327	1	8	417	95	96	.	5.888889
79	9	Do5#4	C5#4	322	322	1	16	208	95	96	.	5.944445
80	9	Si4b4	B4b4	310	310	1	16	208	95	96	.	6
81	53			0	0	0	0	0	0	0		6
82	9	La4	A4	305	305	1	16	208	95	96	.	6.055555
83	9	Si4b4	B4b4	310	310	1	16	208	95	96	.	6.111111
84	9	La4	A4	305	305	1	16	208	95	96	.	6.166667
85	9	Sol4	G4	296	296	1	16	208	95	96	.	6.222222
86	9	Fa4#4	F4#4	291	291	1	8	417	95	96	.	6.333333
87	9	Sol4	G4	296	296	1	8	417	95	96	.	6.444445
88	9	La4	A4	305	305	1	8	417	95	96	.	6.555555
89	9	Si4b4	B4b4	310	310	1	8	417	95	96	.	6.666667
90	9	Do5#4	C5#4	322	322	1	8	417	95	96	.	6.777778
91	9	Re5	D5	327	327	1	8	417	95	96	.	6.888889
92	9	Mi5	E5	336	336	1	8	417	95	96	.	7
93	9	Re5	D5	327	327	1	16	208	95	96	.	7.055555
94	9	Mi5	E5	336	336	1	16	208	95	96	.	7.111111
95	9	Fa5	F5	340	340	1	16	208	95	96	.	7.166667
96	9	Sol5	G5	349	349	1	16	208	95	96	.	7.222222
97	9	Mi5	E5	336	336	1	16	208	95	96	.	7.277778
98	9	Fa5	F5	340	340	1	16	208	95	96	.	7.333333
99	9	Re5	D5	327	327	1	16	208	95	96	.	7.388889
100	9	Mi5	E5	336	336	1	16	208	95	96	.	7.444445
101	9	Do5#4	C5#4	322	322	1	16	208	95	96	.	7.5
102	9	Si4b4	B4b4	310	310	1	16	208	95	96	.	7.555555
103	9	Si4b4	B4b4	310	310	1	16	208	95	96	.	7.611111
104	11	La4	A4	305	305	1	16	208	95	96	.	7.666667
105	9	La4	A4	305	305	3	16	625	95	96	.	7.833333
106	9	Sol5	G5	349	349	1	16	208	95	96	.	7.888889
107	9	Fa5#4	F5#4	344	344	1	16	208	95	96	.	7.944445
108	9	Sol5	G5	349	349	1	16	208	95	96	.	8
109	9	La5	A5	358	358	1	4	833	95	96	.  	8.222222
110	53			0	0	0	0	0	0	0		8.222222
111	9	Sol5	G5	349	349	3	16	625	99	96	Eb	8.388889
112	9	La5	A5	358	358	1	16	208	95	96		8.444445
113	9	La5	A5	358	358	5	8	2083	100	96	rû	9
114	9	La5	A5	358	358	1	4	833	95	96		9.222222
115	9	La5	A5	358	358	1	16	208	99	96	le	9.277778
116	9	Do6	C6	371	371	1	16	208	95	96		9.333333
117	9	Si5	B5	367	367	1	16	208	99	96	ri	9.388889
118	9	La5	A5	358	358	1	16	208	95	96		9.444445
119	9	La5	A5	358	358	1	8	417	99	96	nin 	9.555555
120	9	Sol5	G5	349	349	1	8	417	99	96		9.666667
121	9	Fa5	F5	340	340	1	8	417	99	96		9.777778
122	9	Mi5	E5	336	336	1	8	417	99	96		9.888889
123	9	Re5	D5	327	327	1	16	208	99	96		9.944445
124	9	Do5#4	C5#4	322	322	1	16	208	95	96		10
125	9	Re5	D5	327	327	1	4	833	99	96	zah	10.22222
126	53			0	0	0	0	0	0	0		10.22222
127	9	Mi5	E5	336	336	1	8	417	99	96		10.33333
128	9	Fa5#4	F5#4	344	344	1	8	417	99	96		10.44444
129	9	La5	A5	358	358	1	8	417	99	96		10.55556
130	9	Sol5	G5	349	349	1	8	417	99	96		10.66667
131	9	Fa5	F5	340	340	1	8	417	99	96		10.77778
132	9	Mi5	E5	336	336	1	8	417	99	96		10.88889
133	9	Re5	D5	327	327	1	8	417	99	96		11
134	9	Do5#4	C5#4	322	322	3	16	625	99	96		11.16667
135	9	Si4b4	B4b4	310	310	1	16	208	95	96		11.22222
136	9	Do5#4	C5#4	322	322	1	8	417	95	96	mý 	11.33333
137	9	Re5	D5	327	327	1	8	417	95	96	ni	11.44444
138	9	Do5#4	C5#4	322	322	1	16	208	99	96	han	11.5
139	9	Si4b4	B4b4	310	310	1	16	208	99	96		11.55556
140	9	Si4b4	B4b4	310	310	1	16	208	99	96		11.61111
141	11	La4	A4	305	305	1	16	208	99	96		11.66667
142	9	La4	A4	305	305	1	4	833	99	96		11.88889
143	9	Si4b4	B4b4	310	310	1	24	139	99	96		11.92593
144	9	La4	A4	305	305	1	24	139	99	96		11.96296
145	9	Si4b4	B4b4	310	310	1	24	139	95	96		12
146	9	Sol4	G4	296	296	1	4	833	99	96	dýr 	12.22222
147	53			0	0	0	0	0	0	0		12.22222
148	9	Sol4	G4	296	296	1	4	833	99	96		12.44444
149	9	Mi5	E5	336	336	1	8	417	99	96		12.55556
150	9	Fa5	F5	340	340	1	16	208	99	96		12.61111
151	9	Mi5	E5	336	336	1	16	208	99	96		12.66667
152	9	La5	A5	358	358	1	16	208	99	96		12.72222
153	9	Sol5	G5	349	349	1	16	208	99	96		12.77778
154	9	Fa5	F5	340	340	1	16	208	99	96		12.83333
155	9	Mi5	E5	336	336	1	16	208	99	96		12.88889
156	9	Re5	D5	327	327	1	8	417	99	96		13
157	9	Do5#4	C5#4	322	322	1	8	417	99	96		13.11111
158	9	Si4b4	B4b4	310	310	1	24	139	99	96		13.14815
159	9	La4	A4	305	305	1	24	139	99	96		13.18519
160	9	Si4b4	B4b4	310	310	1	24	139	95	96		13.22222
161	9	Do5#4	C5#4	322	322	1	8	417	95	96	ci	13.33333
162	9	Re5	D5	327	327	1	8	417	95	96	ðe	13.44444
163	9	Do5#4	C5#4	322	322	1	16	208	99	96	rim	13.5
164	9	Si4b4	B4b4	310	310	1	16	208	99	96		13.55556
165	9	Si4b4	B4b4	310	310	1	16	208	99	96		13.61111
166	9	La4	A4	305	305	1	16	208	99	96		13.66667
167	9	La4	A4	305	305	1	4	833	99	96		13.88889
168	9	La5	A5	358	358	1	8	417	95	96		14
169	53			0	0	0	0	0	0	0		14
170	9	La5	A5	358	358	1	16	208	99	96	de 	14.05556
171	9	Sol5	G5	349	349	1	16	208	99	96		14.11111
172	9	Fa5	F5	340	340	1	16	208	99	96		14.16667
173	9	Mi5	E5	336	336	1	16	208	99	96		14.22222
174	11	Re5	D5	327	327	1	8	417	95	96		14.33333
175	9	Re5	D5	327	327	1	16	208	99	96	a	14.38889
176	9	Do5#4	C5#4	322	322	1	16	208	95	96		14.44444
177	9	Do5#4	C5#4	322	322	1	16	208	99	96	man_	14.5
178	9	Si4b4	B4b4	310	310	1	16	208	95	96		14.55556
179	9	Si4b4	B4b4	310	310	1	16	208	99	96	a	14.61111
180	11	La4	A4	305	305	1	16	208	95	96		14.66667
181	9	La4	A4	305	305	3	8	1250	95	96	man  	15
182	9	La4	A4	305	305	1	16	208	95	96	ARANAÐME 	15.05556
183	9	Si4b4	B4b4	310	310	1	16	208	95	96	.	15.11111
184	9	La4	A4	305	305	1	16	208	95	96	.	15.16667
185	9	Sol4	G4	296	296	1	16	208	95	96	.	15.22222
186	9	Fa4#4	F4#4	291	291	1	8	417	95	96	.	15.33333
187	9	Sol4	G4	296	296	1	8	417	95	96	.	15.44444
188	9	La4	A4	305	305	1	8	417	95	96	.	15.55556
189	9	Si4b4	B4b4	310	310	1	8	417	95	96	.	15.66667
190	9	Do5#4	C5#4	322	322	1	8	417	95	96	.	15.77778
191	9	Re5	D5	327	327	1	8	417	95	96	.	15.88889
192	9	Mi5	E5	336	336	1	8	417	95	96	.	16
193	9	Re5	D5	327	327	1	16	208	95	96	.	16.05556
194	9	Mi5	E5	336	336	1	16	208	95	96	.	16.11111
195	9	Fa5	F5	340	340	1	16	208	95	96	.	16.16667
196	9	Sol5	G5	349	349	1	16	208	95	96	.	16.22222
197	9	Mi5	E5	336	336	1	16	208	95	96	.	16.27778
198	9	Fa5	F5	340	340	1	16	208	95	96	.	16.33333
199	9	Re5	D5	327	327	1	16	208	95	96	.	16.38889
200	9	Mi5	E5	336	336	1	16	208	95	96	.	16.44444
201	9	Do5#4	C5#4	322	322	1	16	208	95	96	.	16.5
202	9	Re5	D5	327	327	1	16	208	95	96	.	16.55556
203	9	Do5#4	C5#4	322	322	1	16	208	95	96	.	16.61111
204	9	Si4b4	B4b4	310	310	1	16	208	95	96	.	16.66667
205	9	Do5#4	C5#4	322	322	1	8	417	95	96	.	16.77778
206	9	Re5	D5	327	327	1	8	417	95	96	.	16.88889
207	9	Do5#4	C5#4	322	322	1	16	208	95	96	.	16.94444
208	9	Si4b4	B4b4	310	310	1	16	208	95	96	.	17
209	53			0	0	0	0	0	0	0		17
210	9	La4	A4	305	305	1	16	208	95	96	.	17.05556
211	9	Si4b4	B4b4	310	310	1	16	208	95	96	.	17.11111
212	9	La4	A4	305	305	1	16	208	95	96	.	17.16667
213	9	Sol4	G4	296	296	1	16	208	95	96	.	17.22222
214	9	Fa4#4	F4#4	291	291	1	8	417	95	96	.	17.33333
215	9	Sol4	G4	296	296	1	8	417	95	96	.	17.44444
216	9	La4	A4	305	305	1	8	417	95	96	.	17.55556
217	9	Si4b4	B4b4	310	310	1	8	417	95	96	.	17.66667
218	9	Do5#4	C5#4	322	322	1	8	417	95	96	.	17.77778
219	9	Re5	D5	327	327	1	8	417	95	96	.	17.88889
220	9	Mi5	E5	336	336	1	8	417	95	96	.	18
221	9	Re5	D5	327	327	1	16	208	95	96	.	18.05556
222	9	Mi5	E5	336	336	1	16	208	95	96	.	18.11111
223	9	Fa5	F5	340	340	1	16	208	95	96	.	18.16667
224	9	Sol5	G5	349	349	1	16	208	95	96	.	18.22222
225	9	Mi5	E5	336	336	1	16	208	95	96	.	18.27778
226	9	Fa5	F5	340	340	1	16	208	95	96	.	18.33333
227	9	Re5	D5	327	327	1	16	208	95	96	.	18.38889
228	9	Mi5	E5	336	336	1	16	208	95	96	.	18.44444
229	9	Do5#4	C5#4	322	322	1	16	208	95	96	.	18.5
230	9	Si4b4	B4b4	310	310	1	16	208	95	96	.	18.55556
231	9	Si4b4	B4b4	310	310	1	16	208	95	96	.	18.61111
232	11	La4	A4	305	305	1	16	208	95	96	.	18.66667
233	9	La4	A4	305	305	3	8	1250	95	96	.	19
234	53			0	0	0	0	0	0	0		19
235	9	La4	A4	305	305	1	16	208	95	96	ARANAÐME 	19.05556
236	9	Si4b4	B4b4	310	310	1	16	208	95	96	.	19.11111
237	9	La4	A4	305	305	1	16	208	95	96	.	19.16667
238	9	Sol4	G4	296	296	1	16	208	95	96	.	19.22222
239	9	Fa4#4	F4#4	291	291	1	8	417	95	96	.	19.33333
240	9	Sol4	G4	296	296	1	8	417	95	96	.	19.44444
241	9	La4	A4	305	305	1	8	417	95	96	.	19.55556
242	9	Si4b4	B4b4	310	310	1	8	417	95	96	.	19.66667
243	9	Do5#4	C5#4	322	322	1	8	417	95	96	.	19.77778
244	9	Re5	D5	327	327	1	8	417	95	96	.	19.88889
245	9	Mi5	E5	336	336	1	8	417	95	96	.	20
246	9	Re5	D5	327	327	1	16	208	95	96	.	20.05556
247	9	Mi5	E5	336	336	1	16	208	95	96	.	20.11111
248	9	Fa5	F5	340	340	1	16	208	95	96	.	20.16667
249	9	Sol5	G5	349	349	1	16	208	95	96	.	20.22222
250	9	Mi5	E5	336	336	1	16	208	95	96	.	20.27778
251	9	Fa5	F5	340	340	1	16	208	95	96	.	20.33333
252	9	Re5	D5	327	327	1	16	208	95	96	.	20.38889
253	9	Mi5	E5	336	336	1	16	208	95	96	.	20.44444
254	9	Do5#4	C5#4	322	322	1	16	208	95	96	.	20.5
255	9	Re5	D5	327	327	1	16	208	95	96	.	20.55556
256	9	Do5#4	C5#4	322	322	1	16	208	95	96	.	20.61111
257	9	Si4b4	B4b4	310	310	1	16	208	95	96	.	20.66667
258	9	Do5#4	C5#4	322	322	1	8	417	95	96	.	20.77778
259	9	Re5	D5	327	327	1	8	417	95	96	.	20.88889
260	9	Do5#4	C5#4	322	322	1	16	208	95	96	.	20.94444
261	9	Si4b4	B4b4	310	310	1	16	208	95	96	.	21
262	53			0	0	0	0	0	0	0		21
263	9	La4	A4	305	305	1	16	208	95	96	.	21.05556
264	9	Si4b4	B4b4	310	310	1	16	208	95	96	.	21.11111
265	9	La4	A4	305	305	1	16	208	95	96	.	21.16667
266	9	Sol4	G4	296	296	1	16	208	95	96	.	21.22222
267	9	Fa4#4	F4#4	291	291	1	8	417	95	96	.	21.33333
268	9	Sol4	G4	296	296	1	8	417	95	96	.	21.44444
269	9	La4	A4	305	305	1	8	417	95	96	.	21.55556
270	9	Si4b4	B4b4	310	310	1	8	417	95	96	.	21.66667
271	9	Do5#4	C5#4	322	322	1	8	417	95	96	.	21.77778
272	9	Re5	D5	327	327	1	8	417	95	96	.	21.88889
273	9	Mi5	E5	336	336	1	8	417	95	96	.	22
274	9	Re5	D5	327	327	1	16	208	95	96	.	22.05556
275	9	Mi5	E5	336	336	1	16	208	95	96	.	22.11111
276	9	Fa5	F5	340	340	1	16	208	95	96	.	22.16667
277	9	Sol5	G5	349	349	1	16	208	95	96	.	22.22222
278	9	Mi5	E5	336	336	1	16	208	95	96	.	22.27778
279	9	Fa5	F5	340	340	1	16	208	95	96	.	22.33333
280	9	Re5	D5	327	327	1	16	208	95	96	.	22.38889
281	9	Mi5	E5	336	336	1	16	208	95	96	.	22.44444
282	9	Do5#4	C5#4	322	322	1	16	208	95	96	.	22.5
283	9	Si4b4	B4b4	310	310	1	16	208	95	96	.	22.55556
284	9	Si4b4	B4b4	310	310	1	16	208	95	96	.	22.61111
285	11	La4	A4	305	305	1	16	208	95	96	.	22.66667
286	9	La4	A4	305	305	3	16	625	95	96	.	22.83333
287	9	Sol5	G5	349	349	1	16	208	95	96	.	22.88889
288	9	Fa5#4	F5#4	344	344	1	16	208	95	96	.	22.94444
289	9	Sol5	G5	349	349	1	16	208	95	96	.	23
290	9	La5	A5	358	358	1	4	833	95	96	.  	23.22222
291	53			0	0	0	0	0	0	0		23.22222
292	9	Sol5	G5	349	349	3	16	625	99	96	Eb	23.38889
293	9	La5	A5	358	358	1	16	208	95	96		23.44444
294	9	La5	A5	358	358	5	8	2083	100	96	rû	24
295	9	La5	A5	358	358	1	4	833	95	96		24.22222
296	9	La5	A5	358	358	1	16	208	99	96	le	24.27778
297	9	Do6	C6	371	371	1	16	208	95	96		24.33333
298	9	Si5	B5	367	367	1	16	208	99	96	ri	24.38889
299	9	La5	A5	358	358	1	16	208	95	96		24.44444
300	9	La5	A5	358	358	1	8	417	99	96	nin 	24.55556
301	9	Sol5	G5	349	349	1	8	417	99	96		24.66667
302	9	Fa5	F5	340	340	1	8	417	99	96		24.77778
303	9	Mi5	E5	336	336	1	8	417	99	96		24.88889
304	9	Re5	D5	327	327	1	16	208	99	96		24.94444
305	9	Do5#4	C5#4	322	322	1	16	208	95	96		25
306	9	Re5	D5	327	327	1	4	833	99	96	zah	25.22222
307	53			0	0	0	0	0	0	0		25.22222
308	9	Mi5	E5	336	336	1	8	417	99	96		25.33333
309	9	Fa5#4	F5#4	344	344	1	8	417	99	96		25.44444
310	9	La5	A5	358	358	1	8	417	99	96		25.55556
311	9	Sol5	G5	349	349	1	8	417	99	96		25.66667
312	9	Fa5	F5	340	340	1	8	417	99	96		25.77778
313	9	Mi5	E5	336	336	1	8	417	99	96		25.88889
314	9	Re5	D5	327	327	1	8	417	99	96		26
315	9	Do5#4	C5#4	322	322	3	16	625	99	96		26.16667
316	9	Si4b4	B4b4	310	310	1	16	208	95	96		26.22222
317	9	Do5#4	C5#4	322	322	1	8	417	95	96	mý 	26.33333
318	9	Re5	D5	327	327	1	8	417	95	96	ni	26.44444
319	9	Do5#4	C5#4	322	322	1	16	208	99	96	han	26.5
320	9	Si4b4	B4b4	310	310	1	16	208	99	96		26.55556
321	9	Si4b4	B4b4	310	310	1	16	208	99	96		26.61111
322	11	La4	A4	305	305	1	16	208	99	96		26.66667
323	9	La4	A4	305	305	1	4	833	99	96		26.88889
324	9	Si4b4	B4b4	310	310	1	24	139	99	96		26.92593
325	9	La4	A4	305	305	1	24	139	99	96		26.96296
326	9	Si4b4	B4b4	310	310	1	24	139	95	96		27
327	9	Sol4	G4	296	296	1	4	833	99	96	dýr 	27.22222
328	53			0	0	0	0	0	0	0		27.22222
329	9	Sol4	G4	296	296	1	4	833	99	96		27.44444
330	9	Mi5	E5	336	336	1	8	417	99	96		27.55556
331	9	Fa5	F5	340	340	1	16	208	99	96		27.61111
332	9	Mi5	E5	336	336	1	16	208	99	96		27.66667
333	9	La5	A5	358	358	1	16	208	99	96		27.72222
334	9	Sol5	G5	349	349	1	16	208	99	96		27.77778
335	9	Fa5	F5	340	340	1	16	208	99	96		27.83333
336	9	Mi5	E5	336	336	1	16	208	99	96		27.88889
337	9	Re5	D5	327	327	1	8	417	99	96		28
338	9	Do5#4	C5#4	322	322	1	8	417	99	96		28.11111
339	9	Si4b4	B4b4	310	310	1	24	139	99	96		28.14815
340	9	La4	A4	305	305	1	24	139	99	96		28.18518
341	9	Si4b4	B4b4	310	310	1	24	139	95	96		28.22222
342	9	Do5#4	C5#4	322	322	1	8	417	95	96	ci	28.33333
343	9	Re5	D5	327	327	1	8	417	95	96	ðe	28.44444
344	9	Do5#4	C5#4	322	322	1	16	208	99	96	rim	28.5
345	9	Si4b4	B4b4	310	310	1	16	208	99	96		28.55556
346	9	Si4b4	B4b4	310	310	1	16	208	99	96		28.61111
347	9	La4	A4	305	305	1	16	208	99	96		28.66667
348	9	La4	A4	305	305	1	4	833	99	96		28.88889
349	9	La5	A5	358	358	1	8	417	95	96		29
350	53			0	0	0	0	0	0	0		29
351	9	La5	A5	358	358	1	16	208	99	96	de 	29.05556
352	9	Sol5	G5	349	349	1	16	208	99	96		29.11111
353	9	Fa5	F5	340	340	1	16	208	99	96		29.16667
354	9	Mi5	E5	336	336	1	16	208	99	96		29.22222
355	11	Re5	D5	327	327	1	8	417	95	96		29.33333
356	9	Re5	D5	327	327	1	16	208	99	96	a	29.38889
357	9	Do5#4	C5#4	322	322	1	16	208	95	96		29.44444
358	9	Do5#4	C5#4	322	322	1	16	208	99	96	man_	29.5
359	9	Si4b4	B4b4	310	310	1	16	208	95	96		29.55556
360	9	Si4b4	B4b4	310	310	1	16	208	99	96	a	29.61111
361	11	La4	A4	305	305	1	16	208	95	96		29.66667
362	9	La4	A4	305	305	3	8	1250	95	96	man  	30
363	9	La4	A4	305	305	1	16	208	95	96	SAZ 	30.05556
364	9	Si4b4	B4b4	310	310	1	16	208	95	96	.	30.11111
365	9	La4	A4	305	305	1	16	208	95	96	.	30.16667
366	9	Sol4	G4	296	296	1	16	208	95	96	.	30.22222
367	9	Fa4#4	F4#4	291	291	1	8	417	95	96	.	30.33333
368	9	Sol4	G4	296	296	1	8	417	95	96	.	30.44444
369	9	La4	A4	305	305	1	8	417	95	96	.	30.55556
370	9	Si4b4	B4b4	310	310	1	8	417	95	96	.	30.66667
371	9	Do5#4	C5#4	322	322	1	8	417	95	96	.	30.77778
372	9	Re5	D5	327	327	1	8	417	95	96	.	30.88889
373	9	Mi5	E5	336	336	1	8	417	95	96	.	31
374	9	Re5	D5	327	327	1	16	208	95	96	.	31.05556
375	9	Mi5	E5	336	336	1	16	208	95	96	.	31.11111
376	9	Fa5	F5	340	340	1	16	208	95	96	.	31.16667
377	9	Sol5	G5	349	349	1	16	208	95	96	.	31.22222
378	9	Mi5	E5	336	336	1	16	208	95	96	.	31.27778
379	9	Fa5	F5	340	340	1	16	208	95	96	.	31.33333
380	9	Re5	D5	327	327	1	16	208	95	96	.	31.38889
381	9	Mi5	E5	336	336	1	16	208	95	96	.	31.44444
382	9	Do5#4	C5#4	322	322	1	16	208	95	96	.	31.5
383	9	Re5	D5	327	327	1	16	208	95	96	.	31.55556
384	9	Do5#4	C5#4	322	322	1	16	208	95	96	.	31.61111
385	9	Si4b4	B4b4	310	310	1	16	208	95	96	.	31.66667
386	9	Do5#4	C5#4	322	322	1	8	417	95	96	.	31.77778
387	9	Re5	D5	327	327	1	8	417	95	96	.	31.88889
388	9	Do5#4	C5#4	322	322	1	16	208	95	96	.	31.94444
389	9	Si4b4	B4b4	310	310	1	16	208	95	96	.	32
390	53			0	0	0	0	0	0	0		32
391	9	La4	A4	305	305	1	16	208	95	96	.	32.05556
392	9	Si4b4	B4b4	310	310	1	16	208	95	96	.	32.11111
393	9	La4	A4	305	305	1	16	208	95	96	.	32.16667
394	9	Sol4	G4	296	296	1	16	208	95	96	.	32.22222
395	9	Fa4#4	F4#4	291	291	1	8	417	95	96	.	32.33333
396	9	Sol4	G4	296	296	1	8	417	95	96	.	32.44444
397	9	La4	A4	305	305	1	8	417	95	96	.	32.55556
398	9	Si4b4	B4b4	310	310	1	8	417	95	96	.	32.66667
399	9	Do5#4	C5#4	322	322	1	8	417	95	96	.	32.77778
400	9	Re5	D5	327	327	1	8	417	95	96	.	32.88889
401	9	Mi5	E5	336	336	1	8	417	95	96	.	33
402	9	Re5	D5	327	327	1	16	208	95	96	.	33.05556
403	9	Mi5	E5	336	336	1	16	208	95	96	.	33.11111
404	9	Fa5	F5	340	340	1	16	208	95	96	.	33.16667
405	9	Sol5	G5	349	349	1	16	208	95	96	.	33.22222
406	9	Mi5	E5	336	336	1	16	208	95	96	.	33.27778
407	9	Fa5	F5	340	340	1	16	208	95	96	.	33.33333
408	9	Re5	D5	327	327	1	16	208	95	96	.	33.38889
409	9	Mi5	E5	336	336	1	16	208	95	96	.	33.44444
410	9	Do5#4	C5#4	322	322	1	16	208	95	96	.	33.5
411	9	Re5	D5	327	327	1	16	208	95	96	.	33.55556
412	9	Do5#4	C5#4	322	322	1	16	208	95	96	.	33.61111
413	9	Si4b4	B4b4	310	310	1	16	208	95	96	.	33.66667
414	9	La4	A4	305	305	3	8	1250	95	96	.	34
415	53			0	0	0	0	0	0	0		34
416	9	La4	A4	305	305	1	16	208	95	96	SAZ 	34.05556
417	9	Si4b4	B4b4	310	310	1	16	208	95	96	.	34.11111
418	9	La4	A4	305	305	1	16	208	95	96	.	34.16667
419	9	Sol4	G4	296	296	1	16	208	95	96	.	34.22222
420	9	Fa4#4	F4#4	291	291	1	8	417	95	96	.	34.33333
421	9	Sol4	G4	296	296	1	8	417	95	96	.	34.44444
422	9	La4	A4	305	305	1	8	417	95	96	.	34.55556
423	9	Si4b4	B4b4	310	310	1	8	417	95	96	.	34.66667
424	9	Do5#4	C5#4	322	322	1	8	417	95	96	.	34.77778
425	9	Re5	D5	327	327	1	8	417	95	96	.	34.88889
426	9	Mi5	E5	336	336	1	8	417	95	96	.	35
427	9	Re5	D5	327	327	1	16	208	95	96	.	35.05556
428	9	Mi5	E5	336	336	1	16	208	95	96	.	35.11111
429	9	Fa5	F5	340	340	1	16	208	95	96	.	35.16667
430	9	Sol5	G5	349	349	1	16	208	95	96	.	35.22222
431	9	Mi5	E5	336	336	1	16	208	95	96	.	35.27778
432	9	Fa5	F5	340	340	1	16	208	95	96	.	35.33333
433	9	Re5	D5	327	327	1	16	208	95	96	.	35.38889
434	9	Mi5	E5	336	336	1	16	208	95	96	.	35.44444
435	9	Do5#4	C5#4	322	322	1	16	208	95	96	.	35.5
436	9	Re5	D5	327	327	1	16	208	95	96	.	35.55556
437	9	Do5#4	C5#4	322	322	1	16	208	95	96	.	35.61111
438	9	Si4b4	B4b4	310	310	1	16	208	95	96	.	35.66667
439	9	Do5#4	C5#4	322	322	1	8	417	95	96	.	35.77778
440	9	Re5	D5	327	327	1	8	417	95	96	.	35.88889
441	9	Do5#4	C5#4	322	322	1	16	208	95	96	.	35.94444
442	9	Si4b4	B4b4	310	310	1	16	208	95	96	.	36
443	53			0	0	0	0	0	0	0		36
444	9	La4	A4	305	305	1	16	208	95	96	.	36.05556
445	9	Si4b4	B4b4	310	310	1	16	208	95	96	.	36.11111
446	9	La4	A4	305	305	1	16	208	95	96	.	36.16667
447	9	Sol4	G4	296	296	1	16	208	95	96	.	36.22222
448	9	Fa4#4	F4#4	291	291	1	8	417	95	96	.	36.33333
449	9	Sol4	G4	296	296	1	8	417	95	96	.	36.44444
450	9	La4	A4	305	305	1	8	417	95	96	.	36.55556
451	9	Si4b4	B4b4	310	310	1	8	417	95	96	.	36.66667
452	9	Do5#4	C5#4	322	322	1	8	417	95	96	.	36.77778
453	9	Re5	D5	327	327	1	8	417	95	96	.	36.88889
454	9	Mi5	E5	336	336	1	8	417	95	96	.	37
455	9	Re5	D5	327	327	1	16	208	95	96	.	37.05556
456	9	Mi5	E5	336	336	1	16	208	95	96	.	37.11111
457	9	Fa5	F5	340	340	1	16	208	95	96	.	37.16667
458	9	Sol5	G5	349	349	1	16	208	95	96	.	37.22222
459	9	Mi5	E5	336	336	1	16	208	95	96	.	37.27778
460	9	Fa5	F5	340	340	1	16	208	95	96	.	37.33333
461	9	Re5	D5	327	327	1	16	208	95	96	.	37.38889
462	9	Mi5	E5	336	336	1	16	208	95	96	.	37.44444
463	9	Do5#4	C5#4	322	322	1	16	208	95	96	.	37.5
464	9	Re5	D5	327	327	1	16	208	95	96	.	37.55556
465	9	Do5#4	C5#4	322	322	1	16	208	95	96	.	37.61111
466	9	Si4b4	B4b4	310	310	1	16	208	95	96	.	37.66667
467	9	La4	A4	305	305	3	8	1250	95	96	.	38
468	53			0	0	0	0	0	0	0		38
469	9	Sol5	G5	349	349	1	16	125	95	96	SAZ 	38.05556
470	9	La5	A5	358	358	1	16	125	95	96	SERBEST 	38.11111
471	9	La5	A5	358	358	1	16	125	95	96	.	38.16667
472	9	Sol5	G5	349	349	1	16	125	95	96	.	38.22222
473	9	Fa5#4	F5#4	344	344	1	16	125	95	96	.	38.27778
474	9	Mi5#4	E5#4	340	340	1	16	125	95	96	.	38.33333
475	9	Fa5#4	F5#4	344	344	1	16	125	95	96	.	38.38889
476	9	Mi5#4	E5#4	340	340	1	16	125	95	96	.	38.44444
477	9	Fa5#4	F5#4	344	344	1	8	250	95	96	.	38.55556
478	9	Sol5	G5	349	349	1	8	250	95	96	Sev	38.66667
479	9	La5	A5	358	358	1	8	250	95	96	dâ-	38.77778
480	9	La5	A5	358	358	1	8	250	95	96	yý 	38.88889
481	9	La5	A5	358	358	1	8	250	95	96	mu	39
482	9	La5	A5	358	358	1	4	500	95	96	hab	39.22222
483	9	La5	A5	358	358	1	8	250	95	96	bet 	39.33333
484	9	La5	A5	358	358	1	8	250	95	96	e	39.44444
485	9	La5	A5	358	358	1	8	250	95	96	di	39.55556
486	9	La5	A5	358	358	1	4	500	95	96	yor 	39.77778
487	9	La5	A5	358	358	1	4	500	95	96	þim	40
488	53			0	0	0	0	0	0	0		40
489	9	Do6	C6	371	371	1	4	500	95	96	di 	40.22222
490	9	Si5b1	B5b1	366	366	1	16	125	99	96	se	40.27778
491	9	La5	A5	358	358	1	16	125	95	96		40.33333
492	9	La5	A5	358	358	3	16	375	99	96	rim	40.5
493	9	Sol5	G5	349	349	1	16	125	95	96		40.55556
494	9	La5	A5	358	358	1	16	125	99	96	de  	40.61111
495	9	Sol5	G5	349	349	1	16	125	99	96		40.66667
496	9	Fa5	F5	340	340	1	16	125	99	96		40.72222
497	9	Mi5	E5	336	336	1	16	125	99	96		40.77778
498	9	Re5	D5	327	327	1	4	500	95	96		41
499	53			0	0	0	0	0	0	0		41
500	9	Sol5	G5	349	349	1	8	250	99	96	Tak	41.11111
501	9	La5	A5	358	358	1	8	250	95	96		41.22222
502	9	La5	A5	358	358	1	4	500	95	96	dî	41.44444
503	9	Do6	C6	371	371	1	8	250	95	96	re 	41.55556
504	9	Si5b1	B5b1	366	366	1	16	125	99	96	ne 	41.61111
505	9	La5	A5	358	358	1	16	125	95	96		41.66667
506	9	La5	A5	358	358	3	16	375	99	96	ça	41.83333
507	9	Sol5	G5	349	349	1	16	125	99	96		41.88889
508	9	La5	A5	358	358	1	16	125	99	96		41.94444
509	9	Sol5	G5	349	349	1	16	125	99	96		42
510	9	Fa5	F5	340	340	1	16	125	99	96		42.05556
511	9	Mi5	E5	336	336	1	16	125	99	96		42.11111
512	9	Re5	D5	327	327	1	4	500	95	96		42.33333
513	53			0	0	0	0	0	0	0		42.33333
514	9	Mi5	E5	336	336	1	8	250	99	96	re 	42.44444
515	9	Fa5#4	F5#4	344	344	1	8	250	99	96		42.55556
516	9	La5	A5	358	358	1	8	250	99	96		42.66667
517	9	Sol5	G5	349	349	1	8	250	99	96		42.77778
518	9	Fa5	F5	340	340	1	12	167	99	96		42.85185
519	9	Mi5	E5	336	336	1	12	167	99	96		42.92593
520	9	Re5	D5	327	327	1	12	167	99	96		43
521	51			0	0	9	8	0	20	0	Aksak	43
522	9	Do5#4	C5#4	322	322	1	8	208	99	96		43.11111
523	9	Si4b4	B4b4	310	310	1	24	69	99	96		43.14815
524	9	La4	A4	305	305	1	24	69	99	96		43.18518
525	9	Si4b4	B4b4	310	310	1	24	69	95	96		43.22222
526	9	Do5#4	C5#4	322	322	1	8	208	95	96	bu 	43.33333
527	9	Re5	D5	327	327	1	8	208	95	96	da 	43.44444
528	9	Do5#4	C5#4	322	322	1	16	104	99	96	var	43.5
529	9	Si4b4	B4b4	310	310	1	16	104	99	96		43.55556
530	9	Si4b4	B4b4	310	310	1	16	104	99	96		43.61111
531	9	La4	A4	305	305	1	16	104	99	96		43.66667
532	9	La4	A4	305	305	1	4	417	99	96		43.88889
533	9	Si4b4	B4b4	310	310	1	24	69	99	96		43.92593
534	9	La4	A4	305	305	1	24	69	99	96		43.96296
535	9	Si4b4	B4b4	310	310	1	24	69	95	96		44
536	9	Sol4	G4	296	296	1	4	417	99	96	mýþ 	44.22222
537	53			0	0	0	0	0	0	0		44.22222
538	9	Sol4	G4	296	296	1	4	417	99	96		44.44444
539	9	Mi5	E5	336	336	1	8	208	99	96		44.55556
540	9	Fa5	F5	340	340	1	16	104	99	96		44.61111
541	9	Mi5	E5	336	336	1	16	104	99	96		44.66667
542	9	La5	A5	358	358	1	16	104	99	96		44.72222
543	9	Sol5	G5	349	349	1	16	104	99	96		44.77778
544	9	Fa5	F5	340	340	1	16	104	99	96		44.83333
545	9	Mi5	E5	336	336	1	16	104	99	96		44.88889
546	9	Re5	D5	327	327	1	8	208	99	96		45
547	9	Do5#4	C5#4	322	322	1	8	208	99	96		45.11111
548	9	Si4b4	B4b4	310	310	1	24	69	99	96		45.14815
549	9	La4	A4	305	305	1	24	69	99	96		45.18518
550	9	Si4b4	B4b4	310	310	1	24	69	95	96		45.22222
551	9	Do5#4	C5#4	322	322	1	8	208	95	96	ka	45.33333
552	9	Re5	D5	327	327	1	8	208	95	96	de	45.44444
553	9	Do5#4	C5#4	322	322	1	16	104	99	96	rim	45.5
554	9	Si4b4	B4b4	310	310	1	16	104	99	96		45.55556
555	9	Si4b4	B4b4	310	310	1	16	104	99	96		45.61111
556	9	La4	A4	305	305	1	16	104	99	96		45.66667
557	9	La4	A4	305	305	1	4	417	99	96		45.88889
558	9	La5	A5	358	358	1	8	208	95	96		46
559	53			0	0	0	0	0	0	0		46
560	9	La5	A5	358	358	1	16	104	99	96	de 	46.05556
561	9	Sol5	G5	349	349	1	16	104	99	96		46.11111
562	9	Fa5	F5	340	340	1	16	104	99	96		46.16667
563	9	Mi5	E5	336	336	1	16	104	99	96		46.22222
564	11	Re5	D5	327	327	1	8	208	95	96		46.33333
565	9	Re5	D5	327	327	1	16	104	99	96	a	46.38889
566	9	Do5#4	C5#4	322	322	1	16	104	95	96		46.44444
567	9	Do5#4	C5#4	322	322	1	16	104	99	96	man_	46.5
568	9	Si4b4	B4b4	310	310	1	16	104	95	96		46.55556
569	9	Si4b4	B4b4	310	310	1	16	104	99	96	a	46.61111
570	9	La4	A4	305	305	1	16	104	95	96		46.66667
571	9	La4	A4	305	305	3	8	625	95	96	man  	47
572	53			0	0	0	0	0	0	0		47
