Sıra	Kod	Nota53	NotaAE	Koma53	KomaAE	Pay	Payda	Ms	LNS	Bas	Soz1	Offset
1	9	Sol5	G5	349	349	1	2	1667	95	96	1. HANE	0.5
2	9	La5b4	A5b4	354	354	1	12	278	95	96		0.5833333
3	9	Sol5	G5	349	349	1	12	278	95	92		0.6666667
4	9	Fa5#4	F5#4	344	344	1	12	278	95	96		0.75
5	9	Sol5	G5	349	349	1	8	417	95	96		0.875
6	9	La5b4	A5b4	354	354	1	8	417	95	94		1
7	9	Sol5	G5	349	349	1	8	417	95	96		1.125
8	9	La5b4	A5b4	354	354	1	8	417	95	94		1.25
9	9	Sol5	G5	349	349	1	8	417	95	96		1.375
10	9	Fa5#4	F5#4	344	344	1	8	417	95	94		1.5
11	9	Mi5b4	E5b4	332	332	1	8	417	95	96		1.625
12	9	Fa5#4	F5#4	344	344	1	8	417	95	94		1.75
13	9	Mi5b4	E5b4	332	332	1	8	417	95	96		1.875
14	9	Re5	D5	327	327	1	8	417	95	94		2
15	9	Mi5b4	E5b4	332	332	1	8	417	95	96		2.125
16	9	Fa5#4	F5#4	344	344	1	8	417	95	94		2.25
17	9	Sol5	G5	349	349	1	4	833	95	96		2.5
18	9	Fa5#4	F5#4	344	344	1	4	833	95	95		2.75
19	9	Sol5	G5	349	349	1	4	833	95	96		3
20	9	La5b4	A5b4	354	354	3	16	625	95	95		3.1875
21	9	Sol5	G5	349	349	1	16	208	95	90		3.25
22	9	La5b4	A5b4	354	354	1	8	417	95	96		3.375
23	9	Si5b1	B5b1	366	366	1	8	417	95	94		3.5
24	9	La5b4	A5b4	354	354	1	8	417	95	96		3.625
25	9	Si5b1	B5b1	366	366	1	8	417	95	94		3.75
26	9	Sol5	G5	349	349	1	4	833	95	96		4
27	53			0	0	0	0	0	0	0		4
28	9			-1	-1	1	8	417	100	0		4.125
29	9	Sol5	G5	349	349	1	4	833	95	96		4.375
30	9	La5b4	A5b4	354	354	1	8	417	95	96		4.5
31	9			-1	-1	1	8	417	100	0		4.625
32	9	Fa5#4	F5#4	344	344	1	4	833	95	96		4.875
33	9	Sol5	G5	349	349	1	8	417	95	96		5
34	9			-1	-1	1	8	417	100	0		5.125
35	9	Mi5b4	E5b4	332	332	1	4	833	95	96		5.375
36	9	Fa5#4	F5#4	344	344	1	16	208	95	96		5.4375
37	9	Sol5	G5	349	349	1	16	208	95	90		5.5
38	9	Fa5#4	F5#4	344	344	1	16	208	95	96		5.5625
39	9	Mi5b4	E5b4	332	332	1	16	208	95	90		5.625
40	9	Re5	D5	327	327	1	16	208	95	96		5.6875
41	9	Do5	C5	318	318	1	16	208	95	90		5.75
42	9	Re5	D5	327	327	1	8	417	95	96		5.875
43	9	Mi5b4	E5b4	332	332	1	8	417	95	96		6
44	9	Re5	D5	327	327	1	8	417	95	96		6.125
45	9	Do5	C5	318	318	1	8	417	95	96		6.25
46	9	Do5	C5	318	318	1	8	417	95	96		6.375
47	9	Si4b1	B4b1	313	313	1	8	417	95	96		6.5
48	9	Si4b1	B4b1	313	313	1	8	417	95	96		6.625
49	9	La4b4	A4b4	301	301	1	8	417	95	96		6.75
50	9	La4b4	A4b4	301	301	1	8	417	95	96		6.875
51	9	Sol4	G4	296	296	1	8	417	95	96		7
52	53			0	0	0	0	0	0	0		7
53	9	Sol4	G4	296	296	3	16	625	95	96		7.1875
54	9	La4b4	A4b4	301	301	1	16	208	95	90		7.25
55	9	Si4b1	B4b1	313	313	1	8	417	95	96		7.375
56	9	Do5	C5	318	318	1	8	417	95	96		7.5
57	9	Re5	D5	327	327	1	8	417	95	96		7.625
58	9	Mi5b4	E5b4	332	332	1	8	417	95	96		7.75
59	9	Fa5#4	F5#4	344	344	1	8	417	95	96		7.875
60	9	Sol5	G5	349	349	1	8	417	95	96		8
61	9	Sol5	G5	349	349	1	8	417	95	96		8.125
62	9	La5b4	A5b4	354	354	1	8	417	95	96		8.25
63	9	Sol5	G5	349	349	1	8	417	95	96		8.375
64	9	Fa5#4	F5#4	344	344	1	8	417	95	96		8.5
65	9	Sol5	G5	349	349	1	4	833	95	96		8.75
66	9	La5b4	A5b4	354	354	1	8	417	95	96		8.875
67	9	Si5b1	B5b1	366	366	1	8	417	95	96		9
68	9	Re6	D6	380	380	1	8	417	95	96		9.125
69	9	Do6	C6	371	371	1	8	417	95	96		9.25
70	9	Si5b1	B5b1	366	366	1	8	417	95	96		9.375
71	9	La5b4	A5b4	354	354	1	8	417	95	96		9.5
72	9	Sol5	G5	349	349	1	8	417	95	96		9.625
73	9	Fa5#4	F5#4	344	344	1	8	417	95	96		9.75
74	9	Mi5b4	E5b4	332	332	1	4	833	95	96		10
75	53			0	0	0	0	0	0	0		10
76	9	Fa5#4	F5#4	344	344	1	8	417	95	96		10.125
77	9	Sol5	G5	349	349	1	8	417	95	96		10.25
78	9	Fa5#4	F5#4	344	344	1	8	417	95	96		10.375
79	9	Mi5b4	E5b4	332	332	1	8	417	95	96		10.5
80	9	Fa5#4	F5#4	344	344	1	8	417	95	96		10.625
81	9	Sol5	G5	349	349	1	8	417	95	96		10.75
82	9	Si5b1	B5b1	366	366	1	8	417	95	96		10.875
83	9	La5b4	A5b4	354	354	1	8	417	95	96		11
84	9	La5b4	A5b4	354	354	1	8	417	95	96		11.125
85	9	Sol5	G5	349	349	1	8	417	95	96		11.25
86	9	Sol5	G5	349	349	1	8	417	95	96		11.375
87	9	Fa5#4	F5#4	344	344	1	8	417	95	96		11.5
88	9	Mi5b4	E5b4	332	332	3	16	625	95	96		11.6875
89	9	Re5	D5	327	327	1	16	208	95	90		11.75
90	9	Do5	C5	318	318	1	8	417	95	96		11.875
91	9	Si4b1	B4b1	313	313	1	8	417	95	96		12
92	9	Do5	C5	318	318	1	4	833	95	96		12.25
93	53			0	0	0	0	0	0	0		12.25
94	9	Sol5	G5	349	349	1	4	833	95	96		12.5
95	9	Fa5#4	F5#4	344	344	1	8	417	95	96		12.625
96	9	Sol5	G5	349	349	1	8	417	95	96		12.75
97	9	La5	A5	358	358	1	8	417	95	96		12.875
98	9	Si5b5	B5b5	362	362	1	8	417	95	96		13
99	9	La5	A5	358	358	1	8	417	95	96		13.125
100	9	Sol5	G5	349	349	1	8	417	95	96		13.25
101	9	Sol5	G5	349	349	1	8	417	95	96		13.375
102	9	Fa5#4	F5#4	344	344	1	8	417	95	96		13.5
103	9	Fa5#4	F5#4	344	344	3	16	625	95	96		13.6875
104	9	Mi5b4	E5b4	332	332	1	16	208	95	90		13.75
105	9	Re5	D5	327	327	1	4	833	95	96		14
106	9			-1	-1	1	8	417	100	0		14.125
107	9	La5	A5	358	358	1	8	417	95	96		14.25
108	9	Sol5	G5	349	349	1	8	417	95	96		14.375
109	9	Fa5#4	F5#4	344	344	1	8	417	95	96		14.5
110	9	Fa5#4	F5#4	344	344	1	8	417	95	96		14.625
111	9	Mi5b4	E5b4	332	332	1	8	417	95	96		14.75
112	9	Mi5b4	E5b4	332	332	1	8	417	95	96		14.875
113	9	Re5	D5	327	327	1	8	417	95	96		15
114	9	Re5	D5	327	327	3	8	1250	95	96		15.375
115	9	La5	A5	358	358	1	16	208	95	96		15.4375
116	9	Si5b5	B5b5	362	362	1	16	208	95	90		15.5
117	9	La5	A5	358	358	1	16	208	95	96		15.5625
118	9	Sol5	G5	349	349	1	16	208	95	90		15.625
119	9	Sol5	G5	349	349	1	16	208	95	96		15.6875
120	9	Fa5#4	F5#4	344	344	1	16	208	95	90		15.75
121	9	Sol5	G5	349	349	1	4	833	95	96		16
122	53			0	0	0	0	0	0	0		16
123	9	La5	A5	358	358	1	8	417	95	96	TESLİM	16.125
124	9	Si5b5	B5b5	362	362	1	4	833	95	96		16.375
125	9	La5	A5	358	358	1	8	417	95	96		16.5
126	9	Si5b5	B5b5	362	362	1	16	208	95	96		16.5625
127	9	La5	A5	358	358	1	16	208	95	90		16.625
128	9	Sol5	G5	349	349	1	8	417	95	96		16.75
129	9	Sol5	G5	349	349	1	16	208	95	96		16.8125
130	9	Fa5#4	F5#4	344	344	1	16	208	95	90		16.875
131	9	Mi5b4	E5b4	332	332	1	8	417	95	96		17
132	9	Fa5#4	F5#4	344	344	1	16	208	95	96		17.0625
133	9	Sol5	G5	349	349	1	16	208	95	90		17.125
134	9	La5b4	A5b4	354	354	1	4	833	95	96		17.375
135	9	Sol5	G5	349	349	1	16	208	95	96		17.4375
136	9	Fa5#4	F5#4	344	344	1	16	208	95	90		17.5
137	9	Sol5	G5	349	349	1	16	208	95	96		17.5625
138	9	Fa5#4	F5#4	344	344	1	16	208	95	90		17.625
139	9	Mi5b4	E5b4	332	332	1	8	417	95	96		17.75
140	9	Mi5b4	E5b4	332	332	1	16	208	95	96		17.8125
141	9	Re5	D5	327	327	1	16	208	95	90		17.875
142	9	Do5	C5	318	318	1	8	417	95	96		18
143	53			0	0	0	0	0	0	0		18
144	9	Re5	D5	327	327	3	16	625	95	96		18.1875
145	9	Mi5b4	E5b4	332	332	1	16	208	95	90		18.25
146	9	Fa5#4	F5#4	344	344	1	8	417	95	96		18.375
147	9	Sol5	G5	349	349	1	8	417	95	96		18.5
148	9	Fa5#4	F5#4	344	344	1	8	417	95	96		18.625
149	9	Mi5b4	E5b4	332	332	1	8	417	95	96		18.75
150	9	Re5	D5	327	327	1	8	417	95	96		18.875
151	9	Do5	C5	318	318	1	8	417	95	96		19
152	9	Re5	D5	327	327	1	8	417	95	96		19.125
153	9	Mi5b4	E5b4	332	332	1	8	417	95	96		19.25
154	9	Re5	D5	327	327	1	8	417	95	96		19.375
155	9	Do5	C5	318	318	1	8	417	95	96		19.5
156	9	Si4b1	B4b1	313	313	3	16	625	95	96		19.6875
157	9	La4b4	A4b4	301	301	1	16	208	95	90		19.75
158	9	Sol4	G4	296	296	1	4	833	95	96		20
159	53			0	0	0	0	0	0	0		20
160	9	Si4b1	B4b1	313	313	3	16	625	95	96		20.1875
161	9	Re5	D5	327	327	1	16	208	95	90		20.25
162	9	Do5	C5	318	318	3	16	625	95	96		20.4375
163	9	Mi5b4	E5b4	332	332	1	16	208	95	90		20.5
164	9	Re5	D5	327	327	3	16	625	95	96		20.6875
165	9	Fa5#4	F5#4	344	344	1	16	208	95	90		20.75
166	9	Mi5b4	E5b4	332	332	1	8	417	95	96		20.875
167	9	Fa5#4	F5#4	344	344	1	8	417	95	96		21
168	9	Mi5b4	E5b4	332	332	3	16	625	95	96		21.1875
169	9	Re5	D5	327	327	1	16	208	95	90		21.25
170	9	Do5	C5	318	318	3	16	625	95	96		21.4375
171	9	Mi5b4	E5b4	332	332	1	16	208	95	90		21.5
172	9	Re5	D5	327	327	1	8	417	95	96		21.625
173	9	Mi5b4	E5b4	332	332	1	8	417	95	96		21.75
174	9	Re5	D5	327	327	1	8	417	95	96		21.875
175	9	Do5	C5	318	318	1	8	417	95	96		22
176	53			0	0	0	0	0	0	0		22
177	9	Si4b1	B4b1	313	313	3	16	625	95	96		22.1875
178	9	La4b4	A4b4	301	301	1	16	208	95	90		22.25
179	9	Sol4	G4	296	296	1	8	417	95	96		22.375
180	9	Si4b1	B4b1	313	313	1	8	417	95	96		22.5
181	9	La4b4	A4b4	301	301	3	16	625	95	96		22.6875
182	9	Sol4	G4	296	296	1	16	208	95	90		22.75
183	9	Fa4#4	F4#4	291	291	1	8	417	95	96		22.875
184	9	Sol4	G4	296	296	1	8	417	95	96		23
185	9	Fa4#4	F4#4	291	291	1	8	417	95	96		23.125
186	9	Sol4	G4	296	296	1	8	417	95	96		23.25
187	9	La4b4	A4b4	301	301	1	16	208	95	96		23.3125
188	9	Si4b1	B4b1	313	313	1	16	208	95	90		23.375
189	9	La4b4	A4b4	301	301	1	16	208	95	96		23.4375
190	9	Sol4	G4	296	296	1	16	208	95	90		23.5
191	9	Sol4	G4	296	296	1	4	833	95	96		23.75
192	9			-1	-1	1	4	833	100	0		24
193	53			0	0	0	0	0	0	0		24
194	9	Do5	C5	318	318	1	4	833	95	96	2. HANE	24.25
195	9	Re5	D5	327	327	1	4	833	95	96		24.5
196	9	Re5	D5	327	327	1	4	833	95	96		24.75
197	9	Do5	C5	318	318	1	8	417	95	96		24.875
198	9	Re5	D5	327	327	1	8	417	95	96		25
199	9	Mi5b2	E5b1	334	335	1	8	417	95	96		25.125
200	9	Fa5	F5	340	340	1	8	417	95	96		25.25
201	9	Mi5b2	E5b1	334	335	1	8	417	95	96		25.375
202	9	Re5	D5	327	327	1	8	417	95	96		25.5
203	9	Sol5	G5	349	349	1	16	208	95	96		25.5625
204	9	Sol5	G5	349	349	1	16	208	95	90		25.625
205	9	Fa5	F5	340	340	1	16	208	95	96		25.6875
206	9	Mi5b2	E5b1	334	335	1	16	208	95	90		25.75
207	9	Re5	D5	327	327	1	4	833	95	96		26
208	53			0	0	0	0	0	0	0		26
209	9	Sol5	G5	349	349	1	4	833	95	96		26.25
210	9	La5	A5	358	358	1	2	1667	95	96		26.75
211	9	Sol5	G5	349	349	1	8	417	95	96		26.875
212	9	La5	A5	358	358	1	8	417	95	96		27
213	9	Si5b5	B5b5	362	362	1	8	417	95	96		27.125
214	9	Do6	C6	371	371	1	8	417	95	96		27.25
215	9	Si5b5	B5b5	362	362	1	8	417	95	96		27.375
216	9	La5	A5	358	358	1	8	417	95	96		27.5
217	9	La5	A5	358	358	1	16	208	95	96		27.5625
218	9	Sol5	G5	349	349	1	16	208	95	90		27.625
219	9	Sol5	G5	349	349	1	16	208	95	96		27.6875
220	9	Fa5	F5	340	340	1	16	208	95	90		27.75
221	9	Sol5	G5	349	349	1	4	833	95	96		28
222	53			0	0	0	0	0	0	0		28
223	9	Fa5	F5	340	340	1	4	833	95	96		28.25
224	9	Sol5	G5	349	349	1	4	833	95	96		28.5
225	9	Fa5	F5	340	340	1	8	417	95	96		28.625
226	9	Sol5	G5	349	349	1	8	417	95	96		28.75
227	9	Si5b5	B5b5	362	362	1	8	417	95	96		28.875
228	9	Do6	C6	371	371	1	8	417	95	96		29
229	9	Si5b5	B5b5	362	362	1	8	417	95	96		29.125
230	9	La5b4	A5b4	354	354	1	8	417	95	96		29.25
231	9	Sol5	G5	349	349	1	8	417	95	96		29.375
232	9	Fa5	F5	340	340	1	8	417	95	96		29.5
233	9	Mi5b5	E5b5	331	331	3	16	625	95	96		29.6875
234	9	Re5	D5	327	327	1	16	208	95	90		29.75
235	9	Do5	C5	318	318	1	8	417	95	96		29.875
236	9	Re5	D5	327	327	1	8	417	95	96		30
237	53			0	0	0	0	0	0	0		30
238	9	Si4b5	B4b5	309	309	1	8	417	95	96		30.125
239	9	Do5	C5	318	318	1	8	417	95	96		30.25
240	9	Si4b5	B4b5	309	309	1	8	417	95	96		30.375
241	9	La4b5	A4b5	300	300	1	8	417	95	96		30.5
242	9	Si4b5	B4b5	309	309	1	8	417	95	96		30.625
243	9	La4b5	A4b5	300	300	1	8	417	95	96		30.75
244	9	La4b5	A4b5	300	300	1	8	417	95	96		30.875
245	9	Sol4	G4	296	296	1	8	417	95	96		31
246	9	Sol4	G4	296	296	3	8	1250	95	96		31.375
247	9	Re5	D5	327	327	1	16	208	95	96		31.4375
248	9	Mi5b4	E5b4	332	332	1	16	208	95	90		31.5
249	9	Re5	D5	327	327	1	16	208	95	96		31.5625
250	9	Do5	C5	318	318	1	16	208	95	90		31.625
251	9	Si4b1	B4b1	313	313	1	16	208	95	96		31.6875
252	9	Do5	C5	318	318	1	16	208	95	90		31.75
253	9	Re5	D5	327	327	1	4	833	95	96		32
254	53			0	0	0	0	0	0	0		32
255	9	Sol4	G4	296	296	3	16	625	95	96		32.1875
256	9	La4b4	A4b4	301	301	1	16	208	95	90		32.25
257	9	Si4b1	B4b1	313	313	1	8	417	95	96		32.375
258	9	Do5	C5	318	318	1	8	417	95	96		32.5
259	9	Re5	D5	327	327	1	8	417	95	96		32.625
260	9	Mi5b4	E5b4	332	332	1	8	417	95	96		32.75
261	9	Re5	D5	327	327	1	16	208	95	96		32.8125
262	9	Do5	C5	318	318	1	16	208	95	90		32.875
263	9	Do5	C5	318	318	1	16	208	95	96		32.9375
264	9	Si4b1	B4b1	313	313	1	16	208	95	90		33
265	9	Do5	C5	318	318	1	8	417	95	96		33.125
266	9	Re5	D5	327	327	1	8	417	95	96		33.25
267	9	Mi5b4	E5b4	332	332	1	16	208	95	96		33.3125
268	9	Fa5#4	F5#4	344	344	1	16	208	95	90		33.375
269	9	Mi5b4	E5b4	332	332	1	16	208	95	96		33.4375
270	9	Re5	D5	327	327	1	16	208	95	90		33.5
271	9	Re5	D5	327	327	1	2	1667	95	96		34
272	53			0	0	0	0	0	0	0		34
273	9	Re5	D5	327	327	1	8	417	95	96		34.125
274	9	Mi5b4	E5b4	332	332	1	4	833	95	96		34.375
275	9	Re5	D5	327	327	1	16	208	95	96		34.4375
276	9	Do5	C5	318	318	1	16	208	95	90		34.5
277	9	Si4b1	B4b1	313	313	1	16	208	95	96		34.5625
278	9	Do5	C5	318	318	1	16	208	95	90		34.625
279	9	Re5	D5	327	327	1	4	833	95	96		34.875
280	9	Do5	C5	318	318	1	16	208	95	96		34.9375
281	9	Si4b1	B4b1	313	313	1	16	208	95	90		35
282	9	La4b4	A4b4	301	301	1	8	417	95	96		35.125
283	9	Si4b1	B4b1	313	313	1	8	417	95	96		35.25
284	9	Do5	C5	318	318	1	8	417	95	96		35.375
285	9	Mi5b4	E5b4	332	332	1	8	417	95	96		35.5
286	9	Re5	D5	327	327	1	8	417	95	96		35.625
287	9	Do5	C5	318	318	1	8	417	95	96		35.75
288	9	Si4b1	B4b1	313	313	1	8	417	95	96		35.875
289	9	La4b4	A4b4	301	301	1	8	417	95	96		36
290	53			0	0	0	0	0	0	0		36
291	9	Sol4	G4	296	296	3	16	625	95	96		36.1875
292	9	La4b4	A4b4	301	301	1	16	208	95	90		36.25
293	9	Si4b1	B4b1	313	313	1	8	417	95	96		36.375
294	9	Do5	C5	318	318	1	8	417	95	96		36.5
295	9	Re5	D5	327	327	1	8	417	95	96		36.625
296	9	Mi5b4	E5b4	332	332	1	8	417	95	96		36.75
297	9	Re5	D5	327	327	1	8	417	95	96		36.875
298	9	Do5	C5	318	318	1	8	417	95	96		37
299	9	Re5	D5	327	327	1	8	417	95	96		37.125
300	9	Mi5b4	E5b4	332	332	1	8	417	95	96		37.25
301	9	Fa5#4	F5#4	344	344	1	8	417	95	96		37.375
302	9	Sol5	G5	349	349	1	8	417	95	96		37.5
303	9	Fa5#4	F5#4	344	344	1	8	417	95	96		37.625
304	9	Mi5b4	E5b4	332	332	1	8	417	95	96		37.75
305	9	Re5	D5	327	327	1	8	417	95	96		37.875
306	9	Do5	C5	318	318	1	8	417	95	96		38
307	53			0	0	0	0	0	0	0		38
308	9			-1	-1	1	8	417	100	0		38.125
309	9	La5	A5	358	358	1	8	417	95	96		38.25
310	9	Sol5	G5	349	349	1	8	417	95	96		38.375
311	9	Fa5#4	F5#4	344	344	1	8	417	95	96		38.5
312	9	Fa5#4	F5#4	344	344	3	16	625	95	96		38.6875
313	9	Mi5b4	E5b4	332	332	1	16	208	95	90		38.75
314	9	Mi5b4	E5b4	332	332	3	16	625	95	96		38.9375
315	9	Re5	D5	327	327	1	16	208	95	90		39
316	9	Re5	D5	327	327	3	8	1250	95	96		39.375
317	9	La5	A5	358	358	1	16	208	95	96		39.4375
318	9	Si5b5	B5b5	362	362	1	16	208	95	90		39.5
319	9	La5	A5	358	358	1	16	208	95	96		39.5625
320	9	Sol5	G5	349	349	1	16	208	95	90		39.625
321	9	Sol5	G5	349	349	1	16	208	95	96		39.6875
322	9	Fa5#4	F5#4	344	344	1	16	208	95	90		39.75
323	9	Sol5	G5	349	349	1	4	833	95	96		40
324	53			0	0	0	0	0	0	0		40
325	9	La5	A5	358	358	1	8	417	95	96	TESLİM	40.125
326	9	Si5b5	B5b5	362	362	1	4	833	95	96		40.375
327	9	La5	A5	358	358	1	8	417	95	96		40.5
328	9	Si5b5	B5b5	362	362	1	16	208	95	96		40.5625
329	9	La5	A5	358	358	1	16	208	95	90		40.625
330	9	Sol5	G5	349	349	1	8	417	95	96		40.75
331	9	Sol5	G5	349	349	1	16	208	95	96		40.8125
332	9	Fa5#4	F5#4	344	344	1	16	208	95	90		40.875
333	9	Mi5b4	E5b4	332	332	1	8	417	95	96		41
334	9	Fa5#4	F5#4	344	344	1	16	208	95	96		41.0625
335	9	Sol5	G5	349	349	1	16	208	95	90		41.125
336	9	La5b4	A5b4	354	354	1	4	833	95	96		41.375
337	9	Sol5	G5	349	349	1	16	208	95	96		41.4375
338	9	Fa5#4	F5#4	344	344	1	16	208	95	90		41.5
339	9	Sol5	G5	349	349	1	16	208	95	96		41.5625
340	9	Fa5#4	F5#4	344	344	1	16	208	95	90		41.625
341	9	Mi5b4	E5b4	332	332	1	8	417	95	96		41.75
342	9	Mi5b4	E5b4	332	332	1	16	208	95	96		41.8125
343	9	Re5	D5	327	327	1	16	208	95	90		41.875
344	9	Do5	C5	318	318	1	8	417	95	96		42
345	53			0	0	0	0	0	0	0		42
346	9	Re5	D5	327	327	3	16	625	95	96		42.1875
347	9	Mi5b4	E5b4	332	332	1	16	208	95	90		42.25
348	9	Fa5#4	F5#4	344	344	1	8	417	95	96		42.375
349	9	Sol5	G5	349	349	1	8	417	95	96		42.5
350	9	Fa5#4	F5#4	344	344	1	8	417	95	96		42.625
351	9	Mi5b4	E5b4	332	332	1	8	417	95	96		42.75
352	9	Re5	D5	327	327	1	8	417	95	96		42.875
353	9	Do5	C5	318	318	1	8	417	95	96		43
354	9	Re5	D5	327	327	1	8	417	95	96		43.125
355	9	Mi5b4	E5b4	332	332	1	8	417	95	96		43.25
356	9	Re5	D5	327	327	1	8	417	95	96		43.375
357	9	Do5	C5	318	318	1	8	417	95	96		43.5
358	9	Si4b1	B4b1	313	313	3	16	625	95	96		43.6875
359	9	La4b4	A4b4	301	301	1	16	208	95	90		43.75
360	9	Sol4	G4	296	296	1	4	833	95	96		44
361	53			0	0	0	0	0	0	0		44
362	9	Si4b1	B4b1	313	313	3	16	625	95	96		44.1875
363	9	Re5	D5	327	327	1	16	208	95	90		44.25
364	9	Do5	C5	318	318	3	16	625	95	96		44.4375
365	9	Mi5b4	E5b4	332	332	1	16	208	95	90		44.5
366	9	Re5	D5	327	327	3	16	625	95	96		44.6875
367	9	Fa5#4	F5#4	344	344	1	16	208	95	90		44.75
368	9	Mi5b4	E5b4	332	332	1	8	417	95	96		44.875
369	9	Fa5#4	F5#4	344	344	1	8	417	95	96		45
370	9	Mi5b4	E5b4	332	332	3	16	625	95	96		45.1875
371	9	Re5	D5	327	327	1	16	208	95	90		45.25
372	9	Do5	C5	318	318	3	16	625	95	96		45.4375
373	9	Mi5b4	E5b4	332	332	1	16	208	95	90		45.5
374	9	Re5	D5	327	327	1	8	417	95	96		45.625
375	9	Mi5b4	E5b4	332	332	1	8	417	95	96		45.75
376	9	Re5	D5	327	327	1	8	417	95	96		45.875
377	9	Do5	C5	318	318	1	8	417	95	96		46
378	53			0	0	0	0	0	0	0		46
379	9	Si4b1	B4b1	313	313	3	16	625	95	96		46.1875
380	9	La4b4	A4b4	301	301	1	16	208	95	90		46.25
381	9	Sol4	G4	296	296	1	8	417	95	96		46.375
382	9	Si4b1	B4b1	313	313	1	8	417	95	96		46.5
383	9	La4b4	A4b4	301	301	3	16	625	95	96		46.6875
384	9	Sol4	G4	296	296	1	16	208	95	90		46.75
385	9	Fa4#4	F4#4	291	291	1	8	417	95	96		46.875
386	9	Sol4	G4	296	296	1	8	417	95	96		47
387	9	Fa4#4	F4#4	291	291	1	8	417	95	96		47.125
388	9	Sol4	G4	296	296	1	8	417	95	96		47.25
389	9	La4b4	A4b4	301	301	1	16	208	95	96		47.3125
390	9	Si4b1	B4b1	313	313	1	16	208	95	90		47.375
391	9	La4b4	A4b4	301	301	1	16	208	95	96		47.4375
392	9	Sol4	G4	296	296	1	16	208	95	90		47.5
393	9	Sol4	G4	296	296	1	4	833	95	96		47.75
394	9			-1	-1	1	4	833	100	0		48
395	53			0	0	0	0	0	0	0		48
396	9	La5b5	A5b5	353	353	1	12	278	95	96	3. HANE	48.08333
397	9	Sol5	G5	349	349	1	12	278	95	92		48.16667
398	9	Fa5	F5	340	340	1	12	278	95	96		48.25
399	9	Mi5b5	E5b5	331	331	1	12	278	95	96		48.33333
400	9	Re5	D5	327	327	1	12	278	95	92		48.41667
401	9	Do5	C5	318	318	1	12	278	95	96		48.5
402	9	Mi5b2	E5b1	334	335	1	8	417	95	96		48.625
403	9	Fa5	F5	340	340	1	8	417	95	96		48.75
404	9	Sol5	G5	349	349	1	8	417	95	96		48.875
405	9	La5b5	A5b5	353	353	1	8	417	95	96		49
406	9	Sol5	G5	349	349	1	16	208	95	96		49.0625
407	9	Fa5	F5	340	340	1	16	208	95	90		49.125
408	9	Fa5	F5	340	340	1	16	208	95	96		49.1875
409	9	Mi5b1	E5b1	335	335	1	16	208	95	90		49.25
410	9	Si5b1	B5b1	366	366	1	16	208	95	96		49.3125
411	9	La5b4	A5b4	354	354	1	16	208	95	90		49.375
412	9	La5b4	A5b4	354	354	1	16	208	95	96		49.4375
413	9	Sol5	G5	349	349	1	16	208	95	90		49.5
414	9	Sol5	G5	349	349	1	2	1667	95	96		50
415	53			0	0	0	0	0	0	0		50
416	9	Si5b1	B5b1	366	366	1	8	417	95	96		50.125
417	9	Do6	C6	371	371	1	4	833	95	96		50.375
418	9	Re6	D6	380	380	1	8	417	95	96		50.5
419	9	Si5b1	B5b1	366	366	3	16	625	95	96		50.6875
420	9	La5b4	A5b4	354	354	1	16	208	95	90		50.75
421	9	Sol5	G5	349	349	1	8	417	95	96		50.875
422	9	Fa5	F5	340	340	1	8	417	95	96		51
423	9	Fa5	F5	340	340	3	16	625	95	96		51.1875
424	9	Mi5b1	E5b1	335	335	1	16	208	95	90		51.25
425	9	Mi5b1	E5b1	335	335	3	16	625	95	96		51.4375
426	9	Re5	D5	327	327	1	16	208	95	90		51.5
427	9	Re5	D5	327	327	1	16	208	95	96		51.5625
428	9	Fa5	F5	340	340	1	16	208	95	90		51.625
429	9	Mi5b1	E5b1	335	335	1	16	208	95	96		51.6875
430	9	Re5	D5	327	327	1	16	208	95	90		51.75
431	9	Re5	D5	327	327	1	4	833	95	96		52
432	53			0	0	0	0	0	0	0		52
433	9			-1	-1	1	8	417	100	0		52.125
434	9	Re6	D6	380	380	1	4	833	95	96		52.375
435	9	La5b4	A5b4	354	354	1	8	417	95	96		52.5
436	9	Do6	C6	371	371	1	8	417	95	96		52.625
437	9	Re6	D6	380	380	1	8	417	95	96		52.75
438	9	Mi6b4	E6b4	385	385	1	8	417	95	96		52.875
439	9	Fa6#4	F6#4	397	397	1	8	417	95	96		53
440	9	Re6	D6	380	380	1	8	417	95	96		53.125
441	9	Do6	C6	371	371	1	4	833	95	96		53.375
442	9	Si5b5	B5b5	362	362	1	8	417	95	96		53.5
443	9	La5b5	A5b5	353	353	3	16	625	95	96		53.6875
444	9	Sol5	G5	349	349	1	16	208	95	90		53.75
445	9	Fa5	F5	340	340	1	8	417	95	96		53.875
446	9	Mi6b4	E6b4	385	385	1	8	417	95	96		54
447	53			0	0	0	0	0	0	0		54
448	9	Re6	D6	380	380	1	8	417	95	96		54.125
449	9	Do6	C6	371	371	1	4	833	95	96		54.375
450	9	Si5b1	B5b1	366	366	1	8	417	95	96		54.5
451	9	Si5b1	B5b1	366	366	3	16	625	95	96		54.6875
452	9	La5b4	A5b4	354	354	1	16	208	95	90		54.75
453	9	La5b4	A5b4	354	354	3	16	625	95	96		54.9375
454	9	Sol5	G5	349	349	1	16	208	95	90		55
455	9	Sol5	G5	349	349	3	8	1250	95	96		55.375
456	9	Fa5	F5	340	340	1	8	417	95	96		55.5
457	9	Si5b1	B5b1	366	366	1	16	208	95	96		55.5625
458	9	La5b4	A5b4	354	354	1	16	208	95	90		55.625
459	9	La5b4	A5b4	354	354	1	16	208	95	96		55.6875
460	9	Sol5	G5	349	349	1	16	208	95	90		55.75
461	9	Sol5	G5	349	349	1	4	833	95	96		56
462	53			0	0	0	0	0	0	0		56
463	9	Sol5	G5	349	349	3	16	625	95	96		56.1875
464	9	La5b4	A5b4	354	354	1	16	208	95	90		56.25
465	9	Si5b1	B5b1	366	366	1	8	417	95	96		56.375
466	9	Do6	C6	371	371	1	8	417	95	96		56.5
467	9	Re6	D6	380	380	1	8	417	95	96		56.625
468	9	Mi6b4	E6b4	385	385	1	8	417	95	96		56.75
469	9	Re6	D6	380	380	1	8	417	95	96		56.875
470	9	Do6	C6	371	371	1	8	417	95	96		57
471	9	Si5b1	B5b1	366	366	1	8	417	95	96		57.125
472	9	La5b4	A5b4	354	354	1	8	417	95	96		57.25
473	9	Sol5	G5	349	349	1	8	417	95	96		57.375
474	9	Fa5	F5	340	340	1	8	417	95	96		57.5
475	9	Mi6b4	E6b4	385	385	3	16	625	95	96		57.6875
476	9	Re6	D6	380	380	1	16	208	95	90		57.75
477	9	Do6	C6	371	371	1	4	833	95	96		58
478	53			0	0	0	0	0	0	0		58
479	9			-1	-1	1	8	417	100	0		58.125
480	9	La5b4	A5b4	354	354	1	4	833	95	96		58.375
481	9	La5b4	A5b4	354	354	1	16	208	95	96		58.4375
482	9	Sol5	G5	349	349	1	16	208	95	90		58.5
483	9	Sol5	G5	349	349	3	16	625	95	96		58.6875
484	9	Fa5	F5	340	340	1	16	208	95	90		58.75
485	9	Fa5	F5	340	340	3	16	625	95	96		58.9375
486	9	Mi5b2	E5b1	334	335	1	16	208	95	90		59
487	9	Fa5	F5	340	340	3	8	1250	95	96		59.375
488	9	Mi5b1	E5b1	335	335	1	8	417	95	96		59.5
489	9	Re5	D5	327	327	1	16	208	95	96		59.5625
490	9	Mi5b1	E5b1	335	335	1	16	208	95	90		59.625
491	9	Re5	D5	327	327	1	16	208	95	96		59.6875
492	9	Mi5b1	E5b1	335	335	1	16	208	95	90		59.75
493	9	Fa5	F5	340	340	1	4	833	95	96		60
494	53			0	0	0	0	0	0	0		60
495	9	Mi5b1	E5b1	335	335	3	16	625	95	96		60.1875
496	9	Fa5	F5	340	340	1	16	208	95	90		60.25
497	9	Sol5	G5	349	349	1	8	417	95	96		60.375
498	9	La5	A5	358	358	1	8	417	95	96		60.5
499	9	Sol5	G5	349	349	1	8	417	95	96		60.625
500	9	La5	A5	358	358	1	8	417	95	96		60.75
501	9	Sol5	G5	349	349	1	8	417	95	96		60.875
502	9	Fa5	F5	340	340	1	8	417	95	96		61
503	9	Do6	C6	371	371	1	16	208	95	96		61.0625
504	9	Si5b5	B5b5	362	362	1	16	208	95	90		61.125
505	9	La5b4	A5b4	354	354	1	16	208	95	96		61.1875
506	9	Si5b5	B5b5	362	362	1	16	208	95	90		61.25
507	9	Sol5	G5	349	349	1	8	417	95	96		61.375
508	9	Fa5	F5	340	340	1	8	417	95	96		61.5
509	9	Mi5b4	E5b4	332	332	3	16	625	95	96		61.6875
510	9	Re5	D5	327	327	1	16	208	95	90		61.75
511	53			0	0	0	0	0	0	0		61.75
512	9	Do5	C5	318	318	1	8	417	95	96		61.875
513	9	Si5b5	B5b5	362	362	1	8	417	95	96		62
514	9	La5b4	A5b4	354	354	1	8	417	95	96		62.125
515	9	Sol5	G5	349	349	1	8	417	95	96		62.25
516	9	Sol5	G5	349	349	1	8	417	95	96		62.375
517	9	Fa5#4	F5#4	344	344	1	8	417	95	96		62.5
518	9	Mi5b4	E5b4	332	332	3	16	625	95	96		62.6875
519	9	Re5	D5	327	327	1	16	208	95	90		62.75
520	9	Re5	D5	327	327	3	16	625	95	96		62.9375
521	9	Do5	C5	318	318	1	16	208	95	90		63
522	9	Re5	D5	327	327	3	8	1250	95	96		63.375
523	9	La5	A5	358	358	1	16	208	95	96		63.4375
524	9	Si5b5	B5b5	362	362	1	16	208	95	90		63.5
525	9	La5	A5	358	358	1	16	208	95	96		63.5625
526	9	Sol5	G5	349	349	1	16	208	95	90		63.625
527	9	Sol5	G5	349	349	1	16	208	95	96		63.6875
528	9	Fa5#4	F5#4	344	344	1	16	208	95	90		63.75
529	9	Sol5	G5	349	349	1	4	833	95	96		64
530	53			0	0	0	0	0	0	0		64
531	9	La5	A5	358	358	1	8	417	95	96	TESLİM	64.125
532	9	Si5b5	B5b5	362	362	1	4	833	95	96		64.375
533	9	La5	A5	358	358	1	8	417	95	96		64.5
534	9	Si5b5	B5b5	362	362	1	16	208	95	96		64.5625
535	9	La5	A5	358	358	1	16	208	95	90		64.625
536	9	Sol5	G5	349	349	1	8	417	95	96		64.75
537	9	Sol5	G5	349	349	1	16	208	95	96		64.8125
538	9	Fa5#4	F5#4	344	344	1	16	208	95	90		64.875
539	9	Mi5b4	E5b4	332	332	1	8	417	95	96		65
540	9	Fa5#4	F5#4	344	344	1	16	208	95	96		65.0625
541	9	Sol5	G5	349	349	1	16	208	95	90		65.125
542	9	La5b4	A5b4	354	354	1	4	833	95	96		65.375
543	9	Sol5	G5	349	349	1	16	208	95	96		65.4375
544	9	Fa5#4	F5#4	344	344	1	16	208	95	90		65.5
545	9	Sol5	G5	349	349	1	16	208	95	96		65.5625
546	9	Fa5#4	F5#4	344	344	1	16	208	95	90		65.625
547	9	Mi5b4	E5b4	332	332	1	8	417	95	96		65.75
548	9	Mi5b4	E5b4	332	332	1	16	208	95	96		65.8125
549	9	Re5	D5	327	327	1	16	208	95	90		65.875
550	9	Do5	C5	318	318	1	8	417	95	96		66
551	53			0	0	0	0	0	0	0		66
552	9	Re5	D5	327	327	3	16	625	95	96		66.1875
553	9	Mi5b4	E5b4	332	332	1	16	208	95	90		66.25
554	9	Fa5#4	F5#4	344	344	1	8	417	95	96		66.375
555	9	Sol5	G5	349	349	1	8	417	95	96		66.5
556	9	Fa5#4	F5#4	344	344	1	8	417	95	96		66.625
557	9	Mi5b4	E5b4	332	332	1	8	417	95	96		66.75
558	9	Re5	D5	327	327	1	8	417	95	96		66.875
559	9	Do5	C5	318	318	1	8	417	95	96		67
560	9	Re5	D5	327	327	1	8	417	95	96		67.125
561	9	Mi5b4	E5b4	332	332	1	8	417	95	96		67.25
562	9	Re5	D5	327	327	1	8	417	95	96		67.375
563	9	Do5	C5	318	318	1	8	417	95	96		67.5
564	9	Si4b1	B4b1	313	313	3	16	625	95	96		67.6875
565	9	La4b4	A4b4	301	301	1	16	208	95	90		67.75
566	9	Sol4	G4	296	296	1	4	833	95	96		68
567	53			0	0	0	0	0	0	0		68
568	9	Si4b1	B4b1	313	313	3	16	625	95	96		68.1875
569	9	Re5	D5	327	327	1	16	208	95	90		68.25
570	9	Do5	C5	318	318	3	16	625	95	96		68.4375
571	9	Mi5b4	E5b4	332	332	1	16	208	95	90		68.5
572	9	Re5	D5	327	327	3	16	625	95	96		68.6875
573	9	Fa5#4	F5#4	344	344	1	16	208	95	90		68.75
574	9	Mi5b4	E5b4	332	332	1	8	417	95	96		68.875
575	9	Fa5#4	F5#4	344	344	1	8	417	95	96		69
576	9	Mi5b4	E5b4	332	332	3	16	625	95	96		69.1875
577	9	Re5	D5	327	327	1	16	208	95	90		69.25
578	9	Do5	C5	318	318	3	16	625	95	96		69.4375
579	9	Mi5b4	E5b4	332	332	1	16	208	95	90		69.5
580	9	Re5	D5	327	327	1	8	417	95	96		69.625
581	9	Mi5b4	E5b4	332	332	1	8	417	95	96		69.75
582	9	Re5	D5	327	327	1	8	417	95	96		69.875
583	9	Do5	C5	318	318	1	8	417	95	96		70
584	53			0	0	0	0	0	0	0		70
585	9	Si4b1	B4b1	313	313	3	16	625	95	96		70.1875
586	9	La4b4	A4b4	301	301	1	16	208	95	90		70.25
587	9	Sol4	G4	296	296	1	8	417	95	96		70.375
588	9	Si4b1	B4b1	313	313	1	8	417	95	96		70.5
589	9	La4b4	A4b4	301	301	3	16	625	95	96		70.6875
590	9	Sol4	G4	296	296	1	16	208	95	90		70.75
591	9	Fa4#4	F4#4	291	291	1	8	417	95	96		70.875
592	9	Sol4	G4	296	296	1	8	417	95	96		71
593	9	Fa4#4	F4#4	291	291	1	8	417	95	96		71.125
594	9	Sol4	G4	296	296	1	8	417	95	96		71.25
595	9	La4b4	A4b4	301	301	1	16	208	95	96		71.3125
596	9	Si4b1	B4b1	313	313	1	16	208	95	90		71.375
597	9	La4b4	A4b4	301	301	1	16	208	95	96		71.4375
598	9	Sol4	G4	296	296	1	16	208	95	90		71.5
599	9	Sol4	G4	296	296	1	4	833	95	96		71.75
600	9			-1	-1	1	4	833	100	0		72
601	53			0	0	0	0	0	0	0		72
