Sıra	Kod	Nota53	NotaAE	Koma53	KomaAE	Pay	Payda	Ms	LNS	Bas	Soz1	Offset
1	9	La4	A4	305	305	1	4	789	95	96	Saz	0.2222222
2	9	Mi5	E5	336	336	1	8	395	95	96	lar 	0.3333333
3	9	Re5	D5	327	327	1	16	197	95	96		0.3888889
4	9	Do5#4	C5#4	322	322	1	16	197	95	96		0.4444444
5	9	Do5#4	C5#4	322	322	1	16	197	95	96	ça	0.5
6	9	Si4b4	B4b4	310	310	1	16	197	95	96		0.5555556
7	9	Si4b4	B4b4	310	310	1	16	197	95	96	lı	0.6111111
8	9	La4	A4	305	305	1	16	197	95	96		0.6666667
9	9	La4	A4	305	305	3	8	1184	95	96	nır 	1
10	9	Sol4	G4	296	296	1	4	789	95	96	Çam	1.222222
11	9	La4	A4	305	305	1	8	395	95	96	lı	1.333333
12	9	Si4b4	B4b4	310	310	1	8	395	95	96	ca	1.444444
13	9	Re5	D5	327	327	1	2	1579	95	96	nın 	1.888889
14	9			-1	-1	1	8	395	100	0		2
15	53			0	0	0	0	0	0	0		2
16	9	Mi5	E5	336	336	1	4	789	95	96	bah	2.222222
17	9	Fa5#4	F5#4	344	344	1	8	395	95	96	çe	2.333333
18	9	Sol5	G5	349	349	1	8	395	95	96	le	2.444444
19	9	La5	A5	358	358	1	8	395	95	96	rin	2.555556
20	9	Sol5	G5	349	349	1	8	395	95	96		2.666667
21	9	Fa5#4	F5#4	344	344	1	8	395	95	96		2.777778
22	9	Mi5	E5	336	336	1	8	395	95	96		2.888889
23	9	Re5	D5	327	327	1	8	395	95	96		3
24	9	Re5	D5	327	327	3	16	592	95	96	de  	3.166667
25	9	Mi5	E5	336	336	1	16	197	95	96		3.222222
26	9	Fa5#4	F5#4	344	344	1	8	395	95	96		3.333333
27	9	Sol5	G5	349	349	1	8	395	95	96		3.444444
28	9	La5	A5	358	358	1	8	395	95	96		3.555556
29	9	Si5	B5	367	367	1	16	197	95	96		3.611111
30	9	La5	A5	358	358	1	16	197	95	96		3.666667
31	9	La5	A5	358	358	1	4	789	95	96		3.888889
32	9			-1	-1	1	8	395	100	0		4
33	53			0	0	0	0	0	0	0		4
34	9	Sol5	G5	349	349	1	8	395	95	96	bah	4.111111
35	9	Fa5	F5	340	340	1	8	395	95	96	çe	4.222222
36	9	Mi5	E5	336	336	1	8	395	95	96	le	4.333333
37	9	La5	A5	358	358	1	8	395	95	96	rin	4.444445
38	9	Sol5	G5	349	349	1	8	395	95	96		4.555555
39	9	Fa5	F5	340	340	1	8	395	95	96		4.666667
40	9	Mi5	E5	336	336	1	8	395	95	96		4.777778
41	9	Mi5	E5	336	336	1	16	197	95	96		4.833333
42	9	Re5	D5	327	327	1	16	197	95	96		4.888889
43	9	Re5	D5	327	327	1	16	197	95	96		4.944445
44	9	Do5#4	C5#4	322	322	1	16	197	95	96		5
45	9	Re5	D5	327	327	1	2	1579	95	96	de  	5.444445
46	53			0	0	0	0	0	0	0		5.444445
47	9	Re5	D5	327	327	1	16	197	95	96	SAZ	5.5
48	9	Do5#4	C5#4	322	322	1	16	197	95	96	.	5.555555
49	9	Re5	D5	327	327	1	16	197	95	96	.	5.611111
50	9	Fa5	F5	340	340	1	16	197	95	96	.	5.666667
51	9	Mi5	E5	336	336	1	16	197	95	96	.	5.722222
52	9	Re5	D5	327	327	1	16	197	95	96	.	5.777778
53	9	Do5#4	C5#4	322	322	1	16	197	95	96	.	5.833333
54	9	Si4b4	B4b4	310	310	1	16	197	95	96	.	5.888889
55	9	La4	A4	305	305	1	16	197	95	96	.	5.944445
56	9	Sol4	G4	296	296	1	16	197	95	96	.	6
57	9	La4	A4	305	305	1	16	197	95	96	.	6.055555
58	9	Si4b4	B4b4	310	310	1	16	197	95	96	.	6.111111
59	9	Do5#4	C5#4	322	322	1	16	197	95	96	.	6.166667
60	9	Re5	D5	327	327	1	16	197	95	96	.	6.222222
61	9	Mi5	E5	336	336	1	16	197	95	96	.	6.277778
62	9	Fa5	F5	340	340	1	16	197	95	96	.	6.333333
63	9	Sol5	G5	349	349	1	16	197	95	96	.	6.388889
64	9	La5	A5	358	358	1	16	197	95	96	.	6.444445
65	9	Sol5	G5	349	349	1	16	197	95	96	.	6.5
66	9	Fa5	F5	340	340	1	16	197	95	96	.	6.555555
67	9	Mi5	E5	336	336	1	16	197	95	96	.	6.611111
68	9	Sol5	G5	349	349	1	16	197	95	96	.	6.666667
69	9	Fa5	F5	340	340	1	16	197	95	96	.	6.722222
70	9	Mi5	E5	336	336	1	16	197	95	96	.	6.777778
71	9	Re5	D5	327	327	1	16	197	95	96	.	6.833333
72	9	Fa5	F5	340	340	1	16	197	95	96	.	6.888889
73	9	Mi5	E5	336	336	1	16	197	95	96	.	6.944445
74	9	Re5	D5	327	327	1	16	197	95	96	.	7
75	53			0	0	0	0	0	0	0		7
76	9	Do5#4	C5#4	322	322	1	16	197	95	96	.	7.055555
77	9	Re5	D5	327	327	1	16	197	95	96	.	7.111111
78	9	Mi5	E5	336	336	1	16	197	95	96	.	7.166667
79	9	Fa5	F5	340	340	1	16	197	95	96	.	7.222222
80	9	Sol5	G5	349	349	1	16	197	95	96	.	7.277778
81	9	La5	A5	358	358	1	16	197	95	96	.	7.333333
82	9	Fa5	F5	340	340	1	16	197	95	96	.	7.388889
83	9	Mi5	E5	336	336	1	16	197	95	96	.	7.444445
84	9	Fa5	F5	340	340	1	16	197	95	96	.	7.5
85	9	Sol5	G5	349	349	1	16	197	95	96	.	7.555555
86	9	Mi5	E5	336	336	1	16	197	95	96	.	7.611111
87	9	Re5	D5	327	327	1	16	197	95	96	.	7.666667
88	9	Mi5	E5	336	336	1	16	197	95	96	.	7.722222
89	9	Fa5	F5	340	340	1	16	197	95	96	.	7.777778
90	9	Mi5	E5	336	336	1	16	197	95	96	.	7.833333
91	9	Re5	D5	327	327	1	16	197	95	96	.	7.888889
92	9	Do5#4	C5#4	322	322	1	16	197	95	96	.	7.944445
93	9	Si4b4	B4b4	310	310	1	16	197	95	96	.	8
94	9	La4	A4	305	305	3	16	592	95	96	.	8.166667
95	9	La5	A5	358	358	1	16	197	95	96	.	8.222222
96	9	Sol5	G5	349	349	1	16	197	95	96	.	8.277778
97	9	Fa5	F5	340	340	1	16	197	95	96	.	8.333333
98	9	Mi5	E5	336	336	1	16	197	95	96	.	8.388889
99	9	Re5	D5	327	327	1	16	197	95	96	.	8.444445
100	9	Do5#4	C5#4	322	322	1	16	197	95	96	.	8.5
101	9	Si4b4	B4b4	310	310	1	16	197	95	96	.	8.555555
102	9	Si4b4	B4b4	310	310	1	16	197	95	96	.	8.611111
103	9	La4	A4	305	305	1	16	197	95	96	.	8.666667
104	9	La4	A4	305	305	3	8	1184	95	96	.	9
105	53			0	0	0	0	0	0	0		9
106	9	La4	A4	305	305	1	4	789	95	96	Saz	9.222222
107	9	Mi5	E5	336	336	1	8	395	95	96	lar 	9.333333
108	9	Re5	D5	327	327	1	16	197	95	96		9.388889
109	9	Do5#4	C5#4	322	322	1	16	197	95	96		9.444445
110	9	Do5#4	C5#4	322	322	1	16	197	95	96	ça	9.5
111	9	Si4b4	B4b4	310	310	1	16	197	95	96		9.555555
112	9	Si4b4	B4b4	310	310	1	16	197	95	96	lı	9.611111
113	9	La4	A4	305	305	1	16	197	95	96		9.666667
114	9	La4	A4	305	305	3	8	1184	95	96	nır 	10
115	9	Sol4	G4	296	296	1	4	789	95	96	Çam	10.22222
116	9	La4	A4	305	305	1	8	395	95	96	lı	10.33333
117	9	Si4b4	B4b4	310	310	1	8	395	95	96	ca	10.44444
118	9	Re5	D5	327	327	1	2	1579	95	96	nın 	10.88889
119	9			-1	-1	1	8	395	100	0		11
120	53			0	0	0	0	0	0	0		11
121	9	Mi5	E5	336	336	1	4	789	95	96	bah	11.22222
122	9	Fa5#4	F5#4	344	344	1	8	395	95	96	çe	11.33333
123	9	Sol5	G5	349	349	1	8	395	95	96	le	11.44444
124	9	La5	A5	358	358	1	8	395	95	96	rin	11.55556
125	9	Sol5	G5	349	349	1	8	395	95	96		11.66667
126	9	Fa5#4	F5#4	344	344	1	8	395	95	96		11.77778
127	9	Mi5	E5	336	336	1	8	395	95	96		11.88889
128	9	Re5	D5	327	327	1	8	395	95	96		12
129	9	Re5	D5	327	327	3	16	592	95	96	de  	12.16667
130	9	Mi5	E5	336	336	1	16	197	95	96		12.22222
131	9	Fa5#4	F5#4	344	344	1	8	395	95	96		12.33333
132	9	Sol5	G5	349	349	1	8	395	95	96		12.44444
133	9	La5	A5	358	358	1	8	395	95	96		12.55556
134	9	Si5	B5	367	367	1	16	197	95	96		12.61111
135	9	La5	A5	358	358	1	16	197	95	96		12.66667
136	9	La5	A5	358	358	1	4	789	95	96		12.88889
137	9			-1	-1	1	8	395	100	0		13
138	53			0	0	0	0	0	0	0		13
139	9	Sol5	G5	349	349	1	8	395	95	96	bah	13.11111
140	9	Fa5	F5	340	340	1	8	395	95	96	çe	13.22222
141	9	Mi5	E5	336	336	1	8	395	95	96	le	13.33333
142	9	La5	A5	358	358	1	8	395	95	96	rin	13.44444
143	9	Sol5	G5	349	349	1	8	395	95	96		13.55556
144	9	Fa5	F5	340	340	1	8	395	95	96		13.66667
145	9	Mi5	E5	336	336	1	8	395	95	96		13.77778
146	9	Mi5	E5	336	336	1	16	197	95	96		13.83333
147	9	Re5	D5	327	327	1	16	197	95	96		13.88889
148	9	Re5	D5	327	327	1	16	197	95	96		13.94444
149	9	Do5#4	C5#4	322	322	1	16	197	95	96		14
150	9	Re5	D5	327	327	1	2	1579	95	96	de  	14.44444
151	53			0	0	0	0	0	0	0		14.44444
152	9	Re5	D5	327	327	1	16	197	95	96	SAZ	14.5
153	9	Do5#4	C5#4	322	322	1	16	197	95	96	.	14.55556
154	9	Re5	D5	327	327	1	16	197	95	96	.	14.61111
155	9	Fa5	F5	340	340	1	16	197	95	96	.	14.66667
156	9	Mi5	E5	336	336	1	16	197	95	96	.	14.72222
157	9	Re5	D5	327	327	1	16	197	95	96	.	14.77778
158	9	Do5#4	C5#4	322	322	1	16	197	95	96	.	14.83333
159	9	Si4b4	B4b4	310	310	1	16	197	95	96	.	14.88889
160	9	La4	A4	305	305	1	16	197	95	96	.	14.94444
161	9	Sol4	G4	296	296	1	16	197	95	96	.	15
162	9	La4	A4	305	305	1	16	197	95	96	.	15.05556
163	9	Si4b4	B4b4	310	310	1	16	197	95	96	.	15.11111
164	9	Do5#4	C5#4	322	322	1	16	197	95	96	.	15.16667
165	9	Re5	D5	327	327	1	16	197	95	96	.	15.22222
166	9	Mi5	E5	336	336	1	16	197	95	96	.	15.27778
167	9	Fa5	F5	340	340	1	16	197	95	96	.	15.33333
168	9	Sol5	G5	349	349	1	16	197	95	96	.	15.38889
169	9	La5	A5	358	358	1	16	197	95	96	.	15.44444
170	9	Sol5	G5	349	349	1	16	197	95	96	.	15.5
171	9	Fa5	F5	340	340	1	16	197	95	96	.	15.55556
172	9	Mi5	E5	336	336	1	16	197	95	96	.	15.61111
173	9	Sol5	G5	349	349	1	16	197	95	96	.	15.66667
174	9	Fa5	F5	340	340	1	16	197	95	96	.	15.72222
175	9	Mi5	E5	336	336	1	16	197	95	96	.	15.77778
176	9	Re5	D5	327	327	1	16	197	95	96	.	15.83333
177	9	Fa5	F5	340	340	1	16	197	95	96	.	15.88889
178	9	Mi5	E5	336	336	1	16	197	95	96	.	15.94444
179	9	Re5	D5	327	327	1	16	197	95	96	.	16
180	53			0	0	0	0	0	0	0		16
181	9	Do5#4	C5#4	322	322	1	16	197	95	96	.	16.05556
182	9	Re5	D5	327	327	1	16	197	95	96	.	16.11111
183	9	Mi5	E5	336	336	1	16	197	95	96	.	16.16667
184	9	Fa5	F5	340	340	1	16	197	95	96	.	16.22222
185	9	Sol5	G5	349	349	1	16	197	95	96	.	16.27778
186	9	La5	A5	358	358	1	16	197	95	96	.	16.33333
187	9	Fa5	F5	340	340	1	16	197	95	96	.	16.38889
188	9	Mi5	E5	336	336	1	16	197	95	96	.	16.44444
189	9	Fa5	F5	340	340	1	16	197	95	96	.	16.5
190	9	Sol5	G5	349	349	1	16	197	95	96	.	16.55556
191	9	Mi5	E5	336	336	1	16	197	95	96	.	16.61111
192	9	Re5	D5	327	327	1	16	197	95	96	.	16.66667
193	9	Mi5	E5	336	336	1	16	197	95	96	.	16.72222
194	9	Fa5	F5	340	340	1	16	197	95	96	.	16.77778
195	9	Mi5	E5	336	336	1	16	197	95	96	.	16.83333
196	9	Re5	D5	327	327	1	16	197	95	96	.	16.88889
197	9	Do5#4	C5#4	322	322	1	16	197	95	96	.	16.94444
198	9	Mi5	E5	336	336	1	16	197	95	96	.	17
199	9	Re5	D5	327	327	1	8	395	95	96	.	17.11111
200	9	La5	A5	358	358	1	16	197	95	96	.	17.16667
201	9	Sol5	G5	349	349	1	16	197	95	96	.	17.22222
202	9	Sol5	G5	349	349	1	16	197	95	96	.	17.27778
203	9	Fa5	F5	340	340	1	16	197	95	96	.	17.33333
204	9	Fa5	F5	340	340	1	16	197	95	96	.	17.38889
205	9	Mi5	E5	336	336	1	16	197	95	96	.	17.44444
206	9	Mi5	E5	336	336	1	16	197	95	96	.	17.5
207	9	Re5	D5	327	327	1	16	197	95	96	.	17.55556
208	9	Re5	D5	327	327	1	16	197	95	96	.	17.61111
209	9	Do5#4	C5#4	322	322	1	16	197	95	96	.	17.66667
210	9	Re5	D5	327	327	3	8	1184	95	96	.	18
211	53			0	0	0	0	0	0	0		18
212	9	Fa5#4	F5#4	344	344	1	4	789	95	96	Bül	18.22222
213	9	Sol5	G5	349	349	3	16	592	95	96	bül 	18.38889
214	9	Fa5#4	F5#4	344	344	1	16	197	95	96	se	18.44444
215	9	Mi5	E5	336	336	1	8	395	95	96	si 	18.55556
216	9	Fa5#4	F5#4	344	344	1	8	395	95	96	var 	18.66667
217	9	Sol5	G5	349	349	1	4	789	95	96		18.88889
218	9	Fa5#4	F5#4	344	344	1	8	395	95	96		19
219	9	La5	A5	358	358	3	16	592	95	96	şar	19.16667
220	9	Sol5	G5	349	349	1	16	197	95	96		19.22222
221	9	Fa5	F5	340	340	1	8	395	95	96	kı	19.33333
222	9	Mi5	E5	336	336	1	8	395	95	96	la	19.44444
223	9	Mi5	E5	336	336	1	16	197	95	96	rın 	19.5
224	9	Re5	D5	327	327	1	16	197	95	96		19.55556
225	9	Re5	D5	327	327	1	16	197	95	96		19.61111
226	9	Do5#4	C5#4	322	322	1	16	197	95	96		19.66667
227	9	Re5	D5	327	327	1	4	789	95	96		19.88889
228	9			-1	-1	1	8	395	100	0		20
229	53			0	0	0	0	0	0	0		20
230	9	Re5	D5	327	327	1	4	789	95	96	nağ	20.22222
231	9	Mi5	E5	336	336	1	8	395	95	96	me	20.33333
232	9	Fa5	F5	340	340	1	8	395	95	96	le	20.44444
233	9	Mi5	E5	336	336	1	8	395	95	96	rin	20.55556
234	9	Re5	D5	327	327	1	8	395	95	96		20.66667
235	9	Do5#4	C5#4	322	322	1	8	395	95	96		20.77778
236	9	Si4b4	B4b4	310	310	1	8	395	95	96		20.88889
237	9	La4	A4	305	305	1	8	395	95	96		21
238	9	La4	A4	305	305	1	4	789	95	96	de  	21.22222
239	9	Do5#4	C5#4	322	322	1	16	197	95	96		21.27778
240	9	Si4b4	B4b4	310	310	1	16	197	95	96		21.33333
241	9	Do5#4	C5#4	322	322	1	8	395	95	96		21.44444
242	9	Mi5	E5	336	336	1	16	197	95	96		21.5
243	9	Re5	D5	327	327	1	16	197	95	96		21.55556
244	9	Mi5	E5	336	336	1	8	395	95	96		21.66667
245	9	La5	A5	358	358	1	4	789	95	96		21.88889
246	9			-1	-1	1	8	395	100	0		22
247	53			0	0	0	0	0	0	0		22
248	9	Sol5	G5	349	349	1	8	395	95	96	nağ	22.11111
249	9	Fa5	F5	340	340	1	8	395	95	96		22.22222
250	9	Mi5	E5	336	336	1	8	395	95	96	me	22.33333
251	9	Re5	D5	327	327	1	8	395	95	96	le	22.44444
252	9	Re5	D5	327	327	1	8	395	95	96	rin	22.55556
253	9	Mi5	E5	336	336	1	8	395	95	96		22.66667
254	9	Do5#4	C5#4	322	322	1	8	395	95	96		22.77778
255	9	Si4b4	B4b4	310	310	1	8	395	95	96		22.88889
256	9	Si4b4	B4b4	310	310	1	16	197	95	96		22.94444
257	9	La4	A4	305	305	1	16	197	95	96		23
258	9	La4	A4	305	305	1	2	1579	95	96	de  	23.44444
259	53			0	0	0	0	0	0	0		23.44444
260	9	Re5	D5	327	327	1	16	197	95	96	SAZ	23.5
261	9	Do5#4	C5#4	322	322	1	16	197	95	96	.	23.55556
262	9	Re5	D5	327	327	1	16	197	95	96	.	23.61111
263	9	Fa5	F5	340	340	1	16	197	95	96	.	23.66667
264	9	Mi5	E5	336	336	1	16	197	95	96	.	23.72222
265	9	Re5	D5	327	327	1	16	197	95	96	.	23.77778
266	9	Do5#4	C5#4	322	322	1	16	197	95	96	.	23.83333
267	9	Si4b4	B4b4	310	310	1	16	197	95	96	.	23.88889
268	9	La4	A4	305	305	1	16	197	95	96	.	23.94444
269	9	Sol4	G4	296	296	1	16	197	95	96	.	24
270	9	La4	A4	305	305	1	16	197	95	96	.	24.05556
271	9	Si4b4	B4b4	310	310	1	16	197	95	96	.	24.11111
272	9	Do5#4	C5#4	322	322	1	16	197	95	96	.	24.16667
273	9	Re5	D5	327	327	1	16	197	95	96	.	24.22222
274	9	Mi5	E5	336	336	1	16	197	95	96	.	24.27778
275	9	Fa5	F5	340	340	1	16	197	95	96	.	24.33333
276	9	Sol5	G5	349	349	1	16	197	95	96	.	24.38889
277	9	La5	A5	358	358	1	16	197	95	96	.	24.44444
278	9	Sol5	G5	349	349	1	16	197	95	96	.	24.5
279	9	Fa5#4	F5#4	344	344	1	16	197	95	96	.	24.55556
280	9	Mi5	E5	336	336	1	16	197	95	96	.	24.61111
281	9	Sol5	G5	349	349	1	16	197	95	96	.	24.66667
282	9	Fa5	F5	340	340	1	16	197	95	96	.	24.72222
283	9	Mi5	E5	336	336	1	16	197	95	96	.	24.77778
284	9	Re5	D5	327	327	1	16	197	95	96	.	24.83333
285	9	Fa5	F5	340	340	1	16	197	95	96	.	24.88889
286	9	Mi5	E5	336	336	1	16	197	95	96	.	24.94444
287	9	Re5	D5	327	327	1	16	197	95	96	.	25
288	53			0	0	0	0	0	0	0		25
289	9	Do5#4	C5#4	322	322	1	16	197	95	96	.	25.05556
290	9	Re5	D5	327	327	1	16	197	95	96	.	25.11111
291	9	Mi5	E5	336	336	1	16	197	95	96	.	25.16667
292	9	Fa5	F5	340	340	1	16	197	95	96	.	25.22222
293	9	Sol5	G5	349	349	1	16	197	95	96	.	25.27778
294	9	La5	A5	358	358	1	16	197	95	96	.	25.33333
295	9	Fa5	F5	340	340	1	16	197	95	96	.	25.38889
296	9	Mi5	E5	336	336	1	16	197	95	96	.	25.44444
297	9	Fa5	F5	340	340	1	16	197	95	96	.	25.5
298	9	Sol5	G5	349	349	1	16	197	95	96	.	25.55556
299	9	Mi5	E5	336	336	1	16	197	95	96	.	25.61111
300	9	Re5	D5	327	327	1	16	197	95	96	.	25.66667
301	9	Mi5	E5	336	336	1	16	197	95	96	.	25.72222
302	9	Fa5	F5	340	340	1	16	197	95	96	.	25.77778
303	9	Mi5	E5	336	336	1	16	197	95	96	.	25.83333
304	9	Re5	D5	327	327	1	16	197	95	96	.	25.88889
305	9	Do5#4	C5#4	322	322	1	16	197	95	96	.	25.94444
306	9	Mi5	E5	336	336	1	16	197	95	96	.	26
307	9	Re5	D5	327	327	1	8	395	95	96	.	26.11111
308	9	La5	A5	358	358	1	16	197	95	96	.	26.16667
309	9	Sol5	G5	349	349	1	16	197	95	96	.	26.22222
310	9	Sol5	G5	349	349	1	16	197	95	96	.	26.27778
311	9	Fa5	F5	340	340	1	16	197	95	96	.	26.33333
312	9	Fa5	F5	340	340	1	16	197	95	96	.	26.38889
313	9	Mi5	E5	336	336	1	16	197	95	96	.	26.44444
314	9	Mi5	E5	336	336	1	16	197	95	96	.	26.5
315	9	Re5	D5	327	327	1	16	197	95	96	.	26.55556
316	9	Re5	D5	327	327	1	16	197	95	96	.	26.61111
317	9	Do5#4	C5#4	322	322	1	16	197	95	96	.	26.66667
318	9	Re5	D5	327	327	3	8	1184	95	96	.	27
319	53			0	0	0	0	0	0	0		27
320	9	Fa5#4	F5#4	344	344	1	4	789	95	96	Bül	27.22222
321	9	Sol5	G5	349	349	3	16	592	95	96	bül 	27.38889
322	9	Fa5#4	F5#4	344	344	1	16	197	95	96	se	27.44444
323	9	Mi5	E5	336	336	1	8	395	95	96	si 	27.55556
324	9	Fa5#4	F5#4	344	344	1	8	395	95	96	var 	27.66667
325	9	Sol5	G5	349	349	1	4	789	95	96		27.88889
326	9	Fa5#4	F5#4	344	344	1	8	395	95	96		28
327	9	La5	A5	358	358	3	16	592	95	96	şar	28.16667
328	9	Sol5	G5	349	349	1	16	197	95	96		28.22222
329	9	Fa5	F5	340	340	1	8	395	95	96	kı	28.33333
330	9	Mi5	E5	336	336	1	8	395	95	96	la	28.44444
331	9	Mi5	E5	336	336	1	16	197	95	96	rın 	28.5
332	9	Re5	D5	327	327	1	16	197	95	96		28.55556
333	9	Re5	D5	327	327	1	16	197	95	96		28.61111
334	9	Do5#4	C5#4	322	322	1	16	197	95	96		28.66667
335	9	Re5	D5	327	327	1	4	789	95	96		28.88889
336	9			-1	-1	1	8	395	100	0		29
337	53			0	0	0	0	0	0	0		29
338	9	Re5	D5	327	327	1	4	789	95	96	nağ	29.22222
339	9	Mi5	E5	336	336	1	8	395	95	96	me	29.33333
340	9	Fa5	F5	340	340	1	8	395	95	96	le	29.44444
341	9	Mi5	E5	336	336	1	8	395	95	96	rin	29.55556
342	9	Re5	D5	327	327	1	8	395	95	96		29.66667
343	9	Do5#4	C5#4	322	322	1	8	395	95	96		29.77778
344	9	Si4b4	B4b4	310	310	1	8	395	95	96		29.88889
345	9	La4	A4	305	305	1	8	395	95	96		30
346	9	La4	A4	305	305	1	4	789	95	96	de  	30.22222
347	9	Do5#4	C5#4	322	322	1	16	197	95	96		30.27778
348	9	Si4b4	B4b4	310	310	1	16	197	95	96		30.33333
349	9	Do5#4	C5#4	322	322	1	8	395	95	96		30.44444
350	9	Mi5	E5	336	336	1	16	197	95	96		30.5
351	9	Re5	D5	327	327	1	16	197	95	96		30.55556
352	9	Mi5	E5	336	336	1	8	395	95	96		30.66667
353	9	La5	A5	358	358	1	4	789	95	96		30.88889
354	9			-1	-1	1	8	395	100	0		31
355	53			0	0	0	0	0	0	0		31
356	9	Sol5	G5	349	349	1	8	395	95	96	nağ	31.11111
357	9	Fa5	F5	340	340	1	8	395	95	96		31.22222
358	9	Mi5	E5	336	336	1	8	395	95	96	me	31.33333
359	9	Re5	D5	327	327	1	8	395	95	96	le	31.44444
360	9	Re5	D5	327	327	1	8	395	95	96	rin	31.55556
361	9	Mi5	E5	336	336	1	8	395	95	96		31.66667
362	9	Do5#4	C5#4	322	322	1	8	395	95	96		31.77778
363	9	Si4b4	B4b4	310	310	1	8	395	95	96		31.88889
364	9	Si4b4	B4b4	310	310	1	16	197	95	96		31.94444
365	9	La4	A4	305	305	1	16	197	95	96		32
366	9	La4	A4	305	305	1	2	1579	95	96	de  	32.44444
367	53			0	0	0	0	0	0	0		32.44444
368	9	Re5	D5	327	327	1	16	197	95	96	SAZ	32.5
369	9	Do5#4	C5#4	322	322	1	16	197	95	96	.	32.55556
370	9	Re5	D5	327	327	1	16	197	95	96	.	32.61111
371	9	Fa5	F5	340	340	1	16	197	95	96	.	32.66667
372	9	Mi5	E5	336	336	1	16	197	95	96	.	32.72222
373	9	Re5	D5	327	327	1	16	197	95	96	.	32.77778
374	9	Do5#4	C5#4	322	322	1	16	197	95	96	.	32.83333
375	9	Si4b4	B4b4	310	310	1	16	197	95	96	.	32.88889
376	9	La4	A4	305	305	1	16	197	95	96	.	32.94444
377	9	Sol4	G4	296	296	1	16	197	95	96	.	33
378	9	La4	A4	305	305	1	16	197	95	96	.	33.05556
379	9	Si4b4	B4b4	310	310	1	16	197	95	96	.	33.11111
380	9	Do5#4	C5#4	322	322	1	16	197	95	96	.	33.16667
381	9	Re5	D5	327	327	1	16	197	95	96	.	33.22222
382	9	Mi5	E5	336	336	1	16	197	95	96	.	33.27778
383	9	Fa5	F5	340	340	1	16	197	95	96	.	33.33333
384	9	Sol5	G5	349	349	1	16	197	95	96	.	33.38889
385	9	La5	A5	358	358	1	16	197	95	96	.	33.44444
386	9	Sol5	G5	349	349	1	16	197	95	96	.	33.5
387	9	Fa5#4	F5#4	344	344	1	16	197	95	96	.	33.55556
388	9	Mi5	E5	336	336	1	16	197	95	96	.	33.61111
389	9	Sol5	G5	349	349	1	16	197	95	96	.	33.66667
390	9	Fa5	F5	340	340	1	16	197	95	96	.	33.72222
391	9	Mi5	E5	336	336	1	16	197	95	96	.	33.77778
392	9	Re5	D5	327	327	1	16	197	95	96	.	33.83333
393	9	Fa5	F5	340	340	1	16	197	95	96	.	33.88889
394	9	Mi5	E5	336	336	1	16	197	95	96	.	33.94444
395	9	Re5	D5	327	327	1	16	197	95	96	.	34
396	53			0	0	0	0	0	0	0		34
397	9	Do5#4	C5#4	322	322	1	16	197	95	96	.	34.05556
398	9	Re5	D5	327	327	1	16	197	95	96	.	34.11111
399	9	Mi5	E5	336	336	1	16	197	95	96	.	34.16667
400	9	Fa5	F5	340	340	1	16	197	95	96	.	34.22222
401	9	Sol5	G5	349	349	1	16	197	95	96	.	34.27778
402	9	La5	A5	358	358	1	16	197	95	96	.	34.33333
403	9	Fa5	F5	340	340	1	16	197	95	96	.	34.38889
404	9	Mi5	E5	336	336	1	16	197	95	96	.	34.44444
405	9	Fa5	F5	340	340	1	16	197	95	96	.	34.5
406	9	Sol5	G5	349	349	1	16	197	95	96	.	34.55556
407	9	Mi5	E5	336	336	1	16	197	95	96	.	34.61111
408	9	Re5	D5	327	327	1	16	197	95	96	.	34.66667
409	9	Mi5	E5	336	336	1	16	197	95	96	.	34.72222
410	9	Fa5	F5	340	340	1	16	197	95	96	.	34.77778
411	9	Mi5	E5	336	336	1	16	197	95	96	.	34.83333
412	9	Re5	D5	327	327	1	16	197	95	96	.	34.88889
413	9	Do5#4	C5#4	322	322	1	16	197	95	96	.	34.94444
414	9	Si4b4	B4b4	310	310	1	16	197	95	96	.	35
415	9	La4	A4	305	305	1	16	197	95	96	.	35.05556
416	9	Si4b4	B4b4	310	310	1	16	197	95	96	.	35.11111
417	9	Do5#4	C5#4	322	322	1	16	197	95	96	.	35.16667
418	9	Re5	D5	327	327	1	16	197	95	96	.	35.22222
419	9	Mi5	E5	336	336	1	16	197	95	96	.	35.27778
420	9	Fa5	F5	340	340	1	16	197	95	96	.	35.33333
421	9	Sol5#4	G5#4	353	353	1	16	197	95	96	.	35.38889
422	9	La5	A5	358	358	1	16	197	95	96	.	35.44444
423	9	Si5b4	B5b4	363	363	1	16	197	95	96	.	35.5
424	9	La5	A5	358	358	1	16	197	95	96	.	35.55556
425	9	Sol5#4	G5#4	353	353	1	16	197	95	96	.	35.61111
426	9	Si5b4	B5b4	363	363	1	16	197	95	96	.	35.66667
427	9	La5	A5	358	358	3	8	1184	95	96	.	36
428	53			0	0	0	0	0	0	0		36
429	9	Si5b4	B5b4	363	363	3	16	592	95	96	Bin 	36.16667
430	9	La5	A5	358	358	1	16	197	95	96		36.22222
431	9	La5	A5	358	358	1	4	789	95	96	ta	36.44444
432	9	Sol5#4	G5#4	353	353	1	8	395	95	96	ze 	36.55556
433	9	La5	A5	358	358	1	8	395	95	96	e	36.66667
434	9	Si5b4	B5b4	363	363	1	4	789	95	96	mel 	36.88889
435	9	La5	A5	358	358	1	8	395	95	96		37
436	9	La5	A5	358	358	1	4	789	95	96	var 	37.22222
437	9	La5	A5	358	358	1	8	395	95	96	şu 	37.33333
438	9	Si5b4	B5b4	363	363	1	8	395	95	96	kı	37.44444
439	9	La5	A5	358	358	1	16	197	95	96	zın 	37.5
440	9	Sol5#4	G5#4	353	353	1	16	197	95	96		37.55556
441	9	Fa5	F5	340	340	1	16	197	95	96		37.61111
442	9	Mi5	E5	336	336	1	16	197	95	96		37.66667
443	9	Fa5	F5	340	340	1	4	789	95	96		37.88889
444	53			0	0	0	0	0	0	0		37.88889
445	9			-1	-1	1	8	395	100	0		38
446	9	Mi5	E5	336	336	1	4	789	95	96	han	38.22222
447	9	Fa5	F5	340	340	1	8	395	95	96	de	38.33333
448	9	Sol5#4	G5#4	353	353	1	8	395	95	96	le	38.44444
449	9	La5	A5	358	358	3	16	592	95	96	rin	38.61111
450	9	Sol5#4	G5#4	353	353	1	16	197	95	96		38.66667
451	9	Fa5	F5	340	340	1	8	395	95	96		38.77778
452	9	Sol5#4	G5#4	353	353	1	8	395	95	96		38.88889
453	9	La5	A5	358	358	1	8	395	95	96		39
454	53			0	0	0	0	0	0	0		39
455	9	Si5b4	B5b4	363	363	1	1	3158	95	96	de  	39.88889
456	9	La5	A5	358	358	1	24	132	95	96		39.92593
457	9	Sol5#4	G5#4	353	353	1	24	132	95	96		39.96296
458	9	La5	A5	358	358	1	24	132	95	96		40
459	53			0	0	0	0	0	0	0		40
460	9	La5	A5	358	358	1	4	789	95	96	han	40.22222
461	9	Si5b4	B5b4	363	363	1	8	395	95	96	de	40.33333
462	9	Do6#4	C6#4	375	375	1	8	395	95	96	le	40.44444
463	9	Re6	D6	380	380	1	4	789	95	96	rin	40.66667
464	9	Do6#4	C6#4	375	375	1	8	395	95	96		40.77778
465	9	Si5b4	B5b4	363	363	1	8	395	95	96		40.88889
466	9	Si5b4	B5b4	363	363	1	16	197	95	96		40.94444
467	9	La5	A5	358	358	1	16	197	95	96		41
468	9	La5	A5	358	358	3	8	1184	95	96	de  	41.33333
469	9	La5	A5	358	358	1	16	197	95	96	SAZ	41.38889
470	9	si5b4	B5b4	363	363	1	16	197	95	96	.	41.44444
471	9	La5	A5	358	358	1	16	197	95	96	.	41.5
472	9	Sol5#4	G5#4	353	353	1	16	197	95	96	.	41.55556
473	9	fa5	F5	340	340	1	16	197	95	96	.	41.61111
474	9	Sol5#4	G5#4	353	353	1	16	197	95	96	.	41.66667
475	9	La5	A5	358	358	3	8	1184	95	96	.	42
476	53			0	0	0	0	0	0	0		42
477	9	Si5b4	B5b4	363	363	3	16	592	95	96	Bin 	42.16667
478	9	La5	A5	358	358	1	16	197	95	96		42.22222
479	9	La5	A5	358	358	1	4	789	95	96	ta	42.44444
480	9	Sol5#4	G5#4	353	353	1	8	395	95	96	ze 	42.55556
481	9	La5	A5	358	358	1	8	395	95	96	e	42.66667
482	9	Si5b4	B5b4	363	363	1	4	789	95	96	mel 	42.88889
483	9	La5	A5	358	358	1	8	395	95	96		43
484	9	La5	A5	358	358	1	4	789	95	96	var 	43.22222
485	9	La5	A5	358	358	1	8	395	95	96	şu 	43.33333
486	9	Si5b4	B5b4	363	363	1	8	395	95	96	kı	43.44444
487	9	La5	A5	358	358	1	16	197	95	96	zın 	43.5
488	9	Sol5#4	G5#4	353	353	1	16	197	95	96		43.55556
489	9	Fa5	F5	340	340	1	16	197	95	96		43.61111
490	9	Mi5	E5	336	336	1	16	197	95	96		43.66667
491	9	Fa5	F5	340	340	1	4	789	95	96		43.88889
492	53			0	0	0	0	0	0	0		43.88889
493	9			-1	-1	1	8	395	100	0		44
494	9	Mi5	E5	336	336	1	4	789	95	96	han	44.22222
495	9	Fa5#4	F5#4	344	344	1	8	395	95	96	de	44.33333
496	9	Sol5	G5	349	349	1	8	395	95	96	le	44.44444
497	9	La5	A5	358	358	1	8	395	95	96	rin	44.55556
498	9	Sol5	G5	349	349	1	8	395	95	96		44.66667
499	9	Fa5	F5	340	340	1	8	395	95	96		44.77778
500	9	Mi5	E5	336	336	1	8	395	95	96		44.88889
501	9	Re5	D5	327	327	1	8	395	95	96		45
502	9	Re5	D5	327	327	3	16	592	95	96	de  	45.16667
503	9	Mi5	E5	336	336	1	16	197	95	96		45.22222
504	9	Fa5#4	F5#4	344	344	1	8	395	95	96		45.33333
505	9	Sol5	G5	349	349	1	8	395	95	96		45.44444
506	9	La5	A5	358	358	1	8	395	95	96		45.55556
507	9	Si5	B5	367	367	1	16	197	95	96		45.61111
508	9	La5	A5	358	358	1	16	197	95	96		45.66667
509	9	La5	A5	358	358	1	4	789	95	96		45.88889
510	9			-1	-1	1	8	395	100	0		46
511	53			0	0	0	0	0	0	0		46
512	9	Sol5	G5	349	349	1	8	395	95	96	han	46.11111
513	9	Fa5	F5	340	340	1	8	395	95	96		46.22222
514	9	Mi5	E5	336	336	1	8	395	95	96	de	46.33333
515	9	La5	A5	358	358	1	8	395	95	96	le	46.44444
516	9	Sol5	G5	349	349	1	8	395	95	96	rin	46.55556
517	9	Fa5	F5	340	340	1	8	395	95	96		46.66667
518	9	Mi5	E5	336	336	1	8	395	95	96		46.77778
519	9	Mi5	E5	336	336	1	16	197	95	96		46.83333
520	9	Re5	D5	327	327	1	16	197	95	96		46.88889
521	9	Re5	D5	327	327	1	16	197	95	96		46.94444
522	9	Do5#4	C5#4	322	322	1	16	197	95	96		47
523	9	Re5	D5	327	327	1	2	1579	95	96	de  	47.44444
524	53			0	0	0	0	0	0	0		47.44444
525	9	Re5	D5	327	327	1	16	197	95	96	SAZ	47.5
526	9	Do5#4	C5#4	322	322	1	16	197	95	96	.	47.55556
527	9	Re5	D5	327	327	1	16	197	95	96	.	47.61111
528	9	Fa5	F5	340	340	1	16	197	95	96	.	47.66667
529	9	Mi5	E5	336	336	1	16	197	95	96	.	47.72222
530	9	Re5	D5	327	327	1	16	197	95	96	.	47.77778
531	9	Do5#4	C5#4	322	322	1	16	197	95	96	.	47.83333
532	9	Si4b4	B4b4	310	310	1	16	197	95	96	.	47.88889
533	9	La4	A4	305	305	1	16	197	95	96	.	47.94444
534	9	Sol4	G4	296	296	1	16	197	95	96	.	48
535	9	La4	A4	305	305	1	16	197	95	96	.	48.05556
536	9	Si4b4	B4b4	310	310	1	16	197	95	96	.	48.11111
537	9	Do5#4	C5#4	322	322	1	16	197	95	96	.	48.16667
538	9	Re5	D5	327	327	1	16	197	95	96	.	48.22222
539	9	Mi5	E5	336	336	1	16	197	95	96	.	48.27778
540	9	Fa5	F5	340	340	1	16	197	95	96	.	48.33333
541	9	Sol5	G5	349	349	1	16	197	95	96	.	48.38889
542	9	La5	A5	358	358	1	16	197	95	96	.	48.44444
543	9	Sol5	G5	349	349	1	16	197	95	96	.	48.5
544	9	Fa5	F5	340	340	1	16	197	95	96	.	48.55556
545	9	Mi5	E5	336	336	1	16	197	95	96	.	48.61111
546	9	Sol5	G5	349	349	1	16	197	95	96	.	48.66667
547	9	Fa5	F5	340	340	1	16	197	95	96	.	48.72222
548	9	Mi5	E5	336	336	1	16	197	95	96	.	48.77778
549	9	Re5	D5	327	327	1	16	197	95	96	.	48.83333
550	9	Fa5	F5	340	340	1	16	197	95	96	.	48.88889
551	9	Mi5	E5	336	336	1	16	197	95	96	.	48.94444
552	9	Re5	D5	327	327	1	16	197	95	96	.	49
553	53			0	0	0	0	0	0	0		49
554	9	Do5#4	C5#4	322	322	1	16	197	95	96	.	49.05556
555	9	Re5	D5	327	327	1	16	197	95	96	.	49.11111
556	9	Mi5	E5	336	336	1	16	197	95	96	.	49.16667
557	9	Fa5	F5	340	340	1	16	197	95	96	.	49.22222
558	9	Sol5	G5	349	349	1	16	197	95	96	.	49.27778
559	9	La5	A5	358	358	1	16	197	95	96	.	49.33333
560	9	Fa5	F5	340	340	1	16	197	95	96	.	49.38889
561	9	Mi5	E5	336	336	1	16	197	95	96	.	49.44444
562	9	Fa5	F5	340	340	1	16	197	95	96	.	49.5
563	9	Sol5	G5	349	349	1	16	197	95	96	.	49.55556
564	9	Mi5	E5	336	336	1	16	197	95	96	.	49.61111
565	9	Re5	D5	327	327	1	16	197	95	96	.	49.66667
566	9	Mi5	E5	336	336	1	16	197	95	96	.	49.72222
567	9	Fa5	F5	340	340	1	16	197	95	96	.	49.77778
568	9	Mi5	E5	336	336	1	16	197	95	96	.	49.83333
569	9	Re5	D5	327	327	1	16	197	95	96	.	49.88889
570	9	Do5#4	C5#4	322	322	1	16	197	95	96	.	49.94444
571	9	Mi5	E5	336	336	1	16	197	95	96	.	50
572	9	Re5	D5	327	327	1	8	395	95	96	.	50.11111
573	9	La5	A5	358	358	1	16	197	95	96	.	50.16667
574	9	Sol5	G5	349	349	1	16	197	95	96	.	50.22222
575	9	Sol5	G5	349	349	1	16	197	95	96	.	50.27778
576	9	Fa5	F5	340	340	1	16	197	95	96	.	50.33333
577	9	Fa5	F5	340	340	1	16	197	95	96	.	50.38889
578	9	Mi5	E5	336	336	1	16	197	95	96	.	50.44444
579	9	Mi5	E5	336	336	1	16	197	95	96	.	50.5
580	9	Re5	D5	327	327	1	16	197	95	96	.	50.55556
581	9	Re5	D5	327	327	1	16	197	95	96	.	50.61111
582	9	Do5#4	C5#4	322	322	1	16	197	95	96	.	50.66667
583	9	Re5	D5	327	327	3	8	1184	95	96	.	51
584	9	Fa5#4	F5#4	344	344	1	4	789	95	96	Bül	51.22222
585	9	Sol5	G5	349	349	3	16	592	95	96	bül 	51.38889
586	9	Fa5#4	F5#4	344	344	1	16	197	95	96	se	51.44444
587	9	Mi5	E5	336	336	1	8	395	95	96	si 	51.55556
588	9	Fa5#4	F5#4	344	344	1	8	395	95	96	var 	51.66667
589	9	Sol5	G5	349	349	1	4	789	95	96		51.88889
590	9	Fa5#4	F5#4	344	344	1	8	395	95	96		52
591	9	La5	A5	358	358	3	16	592	95	96	şar	52.16667
592	9	Sol5	G5	349	349	1	16	197	95	96		52.22222
593	9	Fa5	F5	340	340	1	8	395	95	96	kı	52.33333
594	9	Mi5	E5	336	336	1	8	395	95	96	la	52.44444
595	9	Mi5	E5	336	336	1	16	197	95	96	rın 	52.5
596	9	Re5	D5	327	327	1	16	197	95	96		52.55556
597	9	Re5	D5	327	327	1	16	197	95	96		52.61111
598	9	Do5#4	C5#4	322	322	1	16	197	95	96		52.66667
599	9	Re5	D5	327	327	1	4	789	95	96		52.88889
600	9			-1	-1	1	8	395	100	0		53
601	53			0	0	0	0	0	0	0		53
602	9	Re5	D5	327	327	1	4	789	95	96	nağ	53.22222
603	9	Mi5	E5	336	336	1	8	395	95	96	me	53.33333
604	9	Fa5	F5	340	340	1	8	395	95	96	le	53.44444
605	9	Mi5	E5	336	336	1	8	395	95	96	rin	53.55556
606	9	Re5	D5	327	327	1	8	395	95	96		53.66667
607	9	Do5#4	C5#4	322	322	1	8	395	95	96		53.77778
608	9	Si4b4	B4b4	310	310	1	8	395	95	96		53.88889
609	9	La4	A4	305	305	1	8	395	95	96		54
610	9	La4	A4	305	305	1	4	789	95	96	de  	54.22222
611	9	Do5#4	C5#4	322	322	1	16	197	95	96		54.27778
612	9	Si4b4	B4b4	310	310	1	16	197	95	96		54.33333
613	9	Do5#4	C5#4	322	322	1	8	395	95	96		54.44444
614	9	Mi5	E5	336	336	1	16	197	95	96		54.5
615	9	Re5	D5	327	327	1	16	197	95	96		54.55556
616	9	Mi5	E5	336	336	1	8	395	95	96		54.66667
617	9	La5	A5	358	358	1	4	789	95	96		54.88889
618	9			-1	-1	1	8	395	100	0		55
619	53			0	0	0	0	0	0	0		55
620	9	Sol5	G5	349	349	1	8	395	95	96	nağ	55.11111
621	9	Fa5	F5	340	340	1	8	395	95	96		55.22222
622	9	Mi5	E5	336	336	1	8	395	95	96	me	55.33333
623	9	Re5	D5	327	327	1	8	395	95	96	le	55.44444
624	9	Re5	D5	327	327	1	8	395	95	96	rin	55.55556
625	9	Mi5	E5	336	336	1	8	395	95	96		55.66667
626	9	Do5#4	C5#4	322	322	1	8	395	95	96		55.77778
627	9	Si4b4	B4b4	310	310	1	8	395	95	96		55.88889
628	9	Si4b4	B4b4	310	310	1	16	197	95	96		55.94444
629	9	La4	A4	305	305	1	16	197	95	96		56
630	53			0	0	0	0	0	0	0		56
631	9	La4	A4	305	305	3	16	592	95	96	KARAR	56.16667
632	9	la5	A5	358	358	1	16	197	95	96	.	56.22222
633	9	sol5	G5	349	349	1	16	197	95	96	.	56.27778
634	9	fa5	F5	340	340	1	16	197	95	96	.	56.33333
635	9	Mi5	E5	336	336	1	16	197	95	96	.	56.38889
636	9	Re5	D5	327	327	1	16	197	95	96	.	56.44444
637	9	Do5#4	C5#4	322	322	1	16	197	95	96	.	56.5
638	9	Si4b4	B4b4	310	310	1	16	197	95	96	.	56.55556
639	9	Si4b4	B4b4	310	310	1	16	197	95	96	.	56.61111
640	9	la4	A4	305	305	1	16	197	95	96	.	56.66667
641	9	la4	A4	305	305	3	8	1184	95	96	.	57
642	53			0	0	0	0	0	0	0		57
