Sýra	Kod	Nota53	NotaAE	Koma53	KomaAE	Pay	Payda	Ms	LNS	Bas	Soz1	Offset
1	9	La4	A4	305	305	1	16	208	95	96	ARANAÐME 	2.777778E-02
2	9	Si4b4	B4b4	310	310	1	16	208	95	96	.	5.555556E-02
3	9	La4	A4	305	305	1	16	208	95	96	.	8.333334E-02
4	9	Sol4	G4	296	296	1	16	208	95	96	.	0.1111111
5	9	Fa4#3	F4#4	290	291	1	8	417	95	96	.	0.1666667
6	9	Sol4	G4	296	296	1	8	417	95	96	.	0.2222222
7	9	La4	A4	305	305	1	8	417	95	96	.	0.2777778
8	9	Si4b4	B4b4	310	310	1	8	417	95	96	.	0.3333333
9	9	La4	A4	305	305	1	8	417	95	96	.	0.3888889
10	9	Re5	D5	327	327	1	8	417	95	96	.	0.4444444
11	9	Re5	D5	327	327	1	16	208	95	96	.	0.4722222
12	9	Do5#4	C5#4	322	322	1	8	417	95	96	.	0.5277778
13	9	Si4b4	B4b4	310	310	1	16	208	95	96	.	0.5555556
14	9	Do5#4	C5#4	322	322	1	16	208	95	96	.	0.5833333
15	9	Si4b4	B4b4	310	310	1	16	208	95	96	.	0.6111111
16	9	Si4b4	B4b4	310	310	1	16	208	95	96	.	0.6388889
17	9	La4	A4	305	305	1	16	208	95	96	.	0.6666667
18	9	La4	A4	305	305	1	4	833	95	96	.	0.7777778
19	9	Sol4	G4	296	296	1	16	208	95	96	.	0.8055556
20	9	La4	A4	305	305	1	16	208	95	96	.	0.8333333
21	9	Si4b4	B4b4	310	310	1	16	208	95	96	.	0.8611111
22	9	Do5#4	C5#4	322	322	1	16	208	95	96	.	0.8888889
23	9	La4	A4	305	305	1	4	833	95	96	.	1
24	53			0	0	0	0	0	0	0		1
25	9	Re5	D5	327	327	1	4	833	95	96	.	1.111111
26	9	Re5	D5	327	327	3	32	312	95	96	.	1.152778
27	9	Do5#4	C5#4	322	322	1	32	104	95	96	.	1.166667
28	9	Si4	B4	314	314	1	8	417	95	96	.	1.222222
29	9	Do5#4	C5#4	322	322	1	8	417	95	96	.	1.277778
30	9	Re5	D5	327	327	1	8	417	95	96	.	1.333333
31	9	Mi5	E5	336	336	1	8	417	95	96	.	1.388889
32	9	Fa5	F5	340	340	1	8	417	95	96	.	1.444444
33	9	Mi5	E5	336	336	1	16	208	95	96	.	1.472222
34	9	Fa5	F5	340	340	1	16	208	95	96	.	1.5
35	9	Mi5	E5	336	336	1	16	208	95	96	.	1.527778
36	9	Re5	D5	327	327	1	16	208	95	96	.	1.555556
37	9	Do5#4	C5#4	322	322	1	16	208	95	96	.	1.583333
38	9	Re5	D5	327	327	1	16	208	95	96	.	1.611111
39	9	Mi5	E5	336	336	1	16	208	95	96	.	1.638889
40	9	Do5#4	C5#4	322	322	1	16	208	95	96	.	1.666667
41	9	Re5	D5	327	327	1	8	417	95	96	.	1.722222
42	9	Do5	C5	318	318	1	16	208	95	96	.	1.75
43	9	Si4	B4	314	314	1	16	208	95	96	.	1.777778
44	9	La4	A4	305	305	1	16	208	95	96	.	1.805556
45	9	Sol4	G4	296	296	1	16	208	95	96	.	1.833333
46	9	Fa4#3	F4#4	290	291	1	16	208	95	96	.	1.861111
47	9	Mi4	E4	283	283	1	16	208	95	96	.	1.888889
48	9	Re4	D4	274	274	1	4	833	95	96	.	2
49	53			0	0	0	0	0	0	0		2
50	9	Re5	D5	327	327	3	16	625	95	96	.	2.083333
51	9	Mi5	E5	336	336	1	16	208	95	96	.	2.111111
52	9	Fa5#3	F5#4	343	344	1	8	417	95	96	.	2.166667
53	9	Sol5	G5	349	349	1	8	417	95	96	.	2.222222
54	9	Mi5	E5	336	336	3	16	625	95	96	.	2.305556
55	9	Fa5#3	F5#4	343	344	1	16	208	95	96	.	2.333333
56	9	Sol5	G5	349	349	1	8	417	95	96	.	2.388889
57	9	La5	A5	358	358	1	8	417	95	96	.	2.444444
58	9	Sol5	G5	349	349	1	8	417	95	96	.	2.5
59	9	Fa5	F5	340	340	1	8	417	95	96	.	2.555556
60	9	Mi5	E5	336	336	1	8	417	95	96	.	2.611111
61	9	Re5	D5	327	327	1	8	417	95	96	.	2.666667
62	9	Do5#4	C5#4	322	322	1	16	208	95	96	.	2.694444
63	9	Re5	D5	327	327	1	16	208	95	96	.	2.722222
64	9	Mi5	E5	336	336	1	16	208	95	96	.	2.75
65	9	Fa5	F5	340	340	1	16	208	95	96	.	2.777778
66	9	Mi5	E5	336	336	1	16	208	95	96	.	2.805556
67	9	Re5	D5	327	327	1	16	208	95	96	.	2.833333
68	9	Do5#4	C5#4	322	322	1	16	208	95	96	.	2.861111
69	9	Si4b4	B4b4	310	310	1	16	208	95	96	.	2.888889
70	9	La4	A4	305	305	1	8	417	95	96	.	2.944444
71	9	Sol4	G4	296	296	1	8	417	95	96	.	3
72	53			0	0	0	0	0	0	0		3
73	9	La4	A4	305	305	1	8	417	95	96	.	3.055556
74	9	Si4b4	B4b4	310	310	1	4	833	95	96	.	3.166667
75	9	La4	A4	305	305	1	8	417	95	96	.	3.222222
76	9	Mi5	E5	336	336	1	8	417	95	96	.	3.277778
77	9	Re5	D5	327	327	1	16	208	95	96	.	3.305556
78	9	Mi5	E5	336	336	1	16	208	95	96	.	3.333333
79	9	Fa5	F5	340	340	1	8	417	95	96	.	3.388889
80	9	Mi5	E5	336	336	1	16	208	95	96	.	3.416667
81	9	Re5	D5	327	327	1	16	208	95	96	.	3.444444
82	9	Do5#4	C5#4	322	322	3	16	625	95	96	.	3.527778
83	9	Re5	D5	327	327	1	16	208	95	96	.	3.555556
84	9	Do5#4	C5#4	322	322	1	16	208	95	96	.	3.583333
85	9	Si4b4	B4b4	310	310	1	16	208	95	96	.	3.611111
86	9	Si4b4	B4b4	310	310	1	16	208	95	96	.	3.638889
87	9	La4	A4	305	305	1	16	208	95	96	.	3.666667
88	9	La4	A4	305	305	1	4	833	95	96	.	3.777778
89	9	Sol4	G4	296	296	1	16	208	95	96	.	3.805556
90	9	La4	A4	305	305	1	16	208	95	96	.	3.833333
91	9	Si4b4	B4b4	310	310	1	16	208	95	96	.	3.861111
92	9	Do5#4	C5#4	322	322	1	16	208	95	96	.	3.888889
93	9	La4	A4	305	305	1	4	833	95	96	.	4
94	53			0	0	0	0	0	0	0		4
95	9	La4	A4	305	305	1	16	208	95	96	ARANAÐME 	4.027778
96	9	Si4b4	B4b4	310	310	1	16	208	95	96	.	4.055555
97	9	La4	A4	305	305	1	16	208	95	96	.	4.083333
98	9	Sol4	G4	296	296	1	16	208	95	96	.	4.111111
99	9	Fa4#3	F4#4	290	291	1	8	417	95	96	.	4.166667
100	9	Sol4	G4	296	296	1	8	417	95	96	.	4.222222
101	9	La4	A4	305	305	1	8	417	95	96	.	4.277778
102	9	Si4b4	B4b4	310	310	1	8	417	95	96	.	4.333333
103	9	La4	A4	305	305	1	8	417	95	96	.	4.388889
104	9	Re5	D5	327	327	1	8	417	95	96	.	4.444445
105	9	Re5	D5	327	327	1	16	208	95	96	.	4.472222
106	9	Do5#4	C5#4	322	322	1	8	417	95	96	.	4.527778
107	9	Si4b4	B4b4	310	310	1	16	208	95	96	.	4.555555
108	9	Do5#4	C5#4	322	322	1	16	208	95	96	.	4.583333
109	9	Si4b4	B4b4	310	310	1	16	208	95	96	.	4.611111
110	9	Si4b4	B4b4	310	310	1	16	208	95	96	.	4.638889
111	9	La4	A4	305	305	1	16	208	95	96	.	4.666667
112	9	La4	A4	305	305	1	4	833	95	96	.	4.777778
113	9	Sol4	G4	296	296	1	16	208	95	96	.	4.805555
114	9	La4	A4	305	305	1	16	208	95	96	.	4.833333
115	9	Si4b4	B4b4	310	310	1	16	208	95	96	.	4.861111
116	9	Do5#4	C5#4	322	322	1	16	208	95	96	.	4.888889
117	9	La4	A4	305	305	1	4	833	95	96	.	5
118	53			0	0	0	0	0	0	0		5
119	9	Re5	D5	327	327	1	4	833	95	96	.	5.111111
120	9	Re5	D5	327	327	3	32	312	95	96	.	5.152778
121	9	Do5#4	C5#4	322	322	1	32	104	95	96	.	5.166667
122	9	Si4	B4	314	314	1	8	417	95	96	.	5.222222
123	9	Do5#4	C5#4	322	322	1	8	417	95	96	.	5.277778
124	9	Re5	D5	327	327	1	8	417	95	96	.	5.333333
125	9	Mi5	E5	336	336	1	8	417	95	96	.	5.388889
126	9	Fa5	F5	340	340	1	8	417	95	96	.	5.444445
127	9	Mi5	E5	336	336	1	16	208	95	96	.	5.472222
128	9	Fa5	F5	340	340	1	16	208	95	96	.	5.5
129	9	Mi5	E5	336	336	1	16	208	95	96	.	5.527778
130	9	Re5	D5	327	327	1	16	208	95	96	.	5.555555
131	9	Do5#4	C5#4	322	322	1	16	208	95	96	.	5.583333
132	9	Re5	D5	327	327	1	16	208	95	96	.	5.611111
133	9	Mi5	E5	336	336	1	16	208	95	96	.	5.638889
134	9	Do5#4	C5#4	322	322	1	16	208	95	96	.	5.666667
135	9	Re5	D5	327	327	1	8	417	95	96	.	5.722222
136	9	Do5	C5	318	318	1	16	208	95	96	.	5.75
137	9	Si4	B4	314	314	1	16	208	95	96	.	5.777778
138	9	La4	A4	305	305	1	16	208	95	96	.	5.805555
139	9	Sol4	G4	296	296	1	16	208	95	96	.	5.833333
140	9	Fa4#3	F4#4	290	291	1	16	208	95	96	.	5.861111
141	9	Mi4	E4	283	283	1	16	208	95	96	.	5.888889
142	9	Re4	D4	274	274	1	4	833	95	96	.	6
143	53			0	0	0	0	0	0	0		6
144	9	Re5	D5	327	327	3	16	625	95	96	.	6.083333
145	9	Mi5	E5	336	336	1	16	208	95	96	.	6.111111
146	9	Fa5#3	F5#4	343	344	1	8	417	95	96	.	6.166667
147	9	Sol5	G5	349	349	1	8	417	95	96	.	6.222222
148	9	Mi5	E5	336	336	3	16	625	95	96	.	6.305555
149	9	Fa5#3	F5#4	343	344	1	16	208	95	96	.	6.333333
150	9	Sol5	G5	349	349	1	8	417	95	96	.	6.388889
151	9	La5	A5	358	358	1	8	417	95	96	.	6.444445
152	9	Sol5	G5	349	349	1	8	417	95	96	.	6.5
153	9	Fa5	F5	340	340	1	8	417	95	96	.	6.555555
154	9	Mi5	E5	336	336	1	8	417	95	96	.	6.611111
155	9	Re5	D5	327	327	1	8	417	95	96	.	6.666667
156	9	Do5#4	C5#4	322	322	1	16	208	95	96	.	6.694445
157	9	Re5	D5	327	327	1	16	208	95	96	.	6.722222
158	9	Mi5	E5	336	336	1	16	208	95	96	.	6.75
159	9	Fa5	F5	340	340	1	16	208	95	96	.	6.777778
160	9	Mi5	E5	336	336	1	16	208	95	96	.	6.805555
161	9	Re5	D5	327	327	1	16	208	95	96	.	6.833333
162	9	Do5#4	C5#4	322	322	1	16	208	95	96	.	6.861111
163	9	Si4b4	B4b4	310	310	1	16	208	95	96	.	6.888889
164	9	La4	A4	305	305	1	8	417	95	96	.	6.944445
165	9	Sol4	G4	296	296	1	8	417	95	96	.	7
166	53			0	0	0	0	0	0	0		7
167	9	La4	A4	305	305	1	8	417	95	96	.	7.055555
168	9	Si4b4	B4b4	310	310	1	4	833	95	96	.	7.166667
169	9	La4	A4	305	305	1	8	417	95	96	.	7.222222
170	9	Mi5	E5	336	336	1	8	417	95	96	.	7.277778
171	9	Re5	D5	327	327	1	16	208	95	96	.	7.305555
172	9	Mi5	E5	336	336	1	16	208	95	96	.	7.333333
173	9	Fa5	F5	340	340	1	8	417	95	96	.	7.388889
174	9	Mi5	E5	336	336	1	16	208	95	96	.	7.416667
175	9	Re5	D5	327	327	1	16	208	95	96	.	7.444445
176	9	Do5#4	C5#4	322	322	3	16	625	95	96	.	7.527778
177	9	Re5	D5	327	327	1	16	208	95	96	.	7.555555
178	9	Do5#4	C5#4	322	322	1	16	208	95	96	.	7.583333
179	9	Si4b4	B4b4	310	310	1	16	208	95	96	.	7.611111
180	9	Si4b4	B4b4	310	310	1	16	208	95	96	.	7.638889
181	9	La4	A4	305	305	1	16	208	95	96	.	7.666667
182	9	La4	A4	305	305	3	16	625	95	96	.	7.75
183	9	Fa5	F5	340	340	1	16	208	95	96	.	7.777778
184	9	Mi5	E5	336	336	1	16	208	95	96	.	7.805555
185	9	Re5	D5	327	327	1	16	208	95	96	.	7.833333
186	9	Do5#4	C5#4	322	322	1	16	208	95	96	.	7.861111
187	9	Si4b4	B4b4	310	310	1	16	208	95	96	.	7.888889
188	9	La4	A4	305	305	1	4	833	95	96	.	8
189	53			0	0	0	0	0	0	0		8
190	9			-1	-1	5	8	2083	100	0		8.277778
191	9	Sol5	G5	349	349	1	16	208	95	96	Der	8.305555
192	9	Fa5	F5	340	340	1	16	208	95	96		8.333333
193	9	Mi5	E5	336	336	1	8	417	95	96		8.388889
194	9	Re5	D5	327	327	1	8	417	95	96	di	8.444445
195	9	Do5#4	C5#4	322	322	1	8	417	95	96	mi 	8.5
196	9	Re5	D5	327	327	1	16	208	95	96		8.527778
197	9	Do5#4	C5#4	322	322	1	16	208	95	96		8.555555
198	9	Si4b4	B4b4	310	310	1	16	208	95	96		8.583333
199	8	Do5#4	C5#4	322	322	0	0	0	95	96		8.583333
200	9	Si4b4	B4b4	310	310	1	16	208	95	96		8.611111
201	9	Si4b4	B4b4	310	310	1	16	208	95	96		8.638889
202	9	La4	A4	305	305	1	16	208	95	96		8.666667
203	9	La4	A4	305	305	1	2	1667	95	96	um	8.888889
204	53			0	0	0	0	0	0	0		8.888889
205	9	Si4b4	B4b4	310	310	1	8	417	95	96		8.944445
206	9	Do5#4	C5#4	322	322	1	8	417	95	96		9
207	9	Re5	D5	327	327	1	32	104	95	96		9.013889
208	9	Do5#4	C5#4	322	322	1	32	104	95	96		9.027778
209	9	Re5	D5	327	327	1	32	104	95	96		9.041667
210	9	Mi5	E5	336	336	1	32	104	95	96		9.055555
211	9	Re5	D5	327	327	1	16	208	95	96		9.083333
212	9	Do5#4	C5#4	322	322	1	16	208	95	96		9.111111
213	9	Si4b4	B4b4	310	310	1	16	208	95	96		9.138889
214	9	La4	A4	305	305	1	16	208	95	96		9.166667
215	9	Sol4	G4	296	296	1	16	208	95	96		9.194445
216	9	Fa4#3	F4#4	290	291	1	16	208	95	96		9.222222
217	9	Sol4	G4	296	296	1	8	417	95	96		9.277778
218	9	La4	A4	305	305	1	8	417	95	96	mâ	9.333333
219	9	Re5	D5	327	327	1	8	417	95	96		9.388889
220	9	Re5	D5	327	327	1	8	417	95	96	na 	9.444445
221	9	Do5#4	C5#4	322	322	1	8	417	95	96	dök	9.5
222	9	Re5	D5	327	327	1	8	417	95	96		9.555555
223	9	Mi5	E5	336	336	3	32	312	95	96		9.597222
224	9	Fa5	F5	340	340	1	32	104	95	96		9.611111
225	9	Mi5	E5	336	336	1	16	208	95	96		9.638889
226	9	Re5	D5	327	327	1	16	208	95	96		9.666667
227	9	Re5	D5	327	327	3	8	1250	95	96	tüm 	9.833333
228	9	Do5#4	C5#4	322	322	1	8	417	95	96		9.888889
229	9	Re5	D5	327	327	1	8	417	95	96		9.944445
230	9	Mi5	E5	336	336	1	16	208	95	96		9.972222
231	9	Re5	D5	327	327	1	16	208	95	96		10
232	9	Re5	D5	327	327	1	4	833	95	96		10.11111
233	53			0	0	0	0	0	0	0		10.11111
234	9	Sol4	G4	296	296	1	16	208	95	96	SAZ	10.13889
235	9	La4	A4	305	305	1	16	208	95	96	.	10.16667
236	9	Si4b4	B4b4	310	310	1	16	208	95	96	.	10.19444
237	9	Do5#4	C5#4	322	322	1	16	208	95	96	.	10.22222
238	9	Re5	D5	327	327	1	8	417	95	96	.	10.27778
239	9	Do5#4	C5#4	322	322	1	4	833	95	96	â	10.38889
240	9	Re5	D5	327	327	1	8	417	95	96	su	10.44444
241	9	Re5	D5	327	327	1	16	208	95	96	mâ	10.47222
242	9	Mi5	E5	336	336	1	16	208	95	96		10.5
243	9	Re5	D5	327	327	1	16	208	95	96		10.52778
244	9	Do5#4	C5#4	322	322	1	16	208	95	96		10.55556
245	9	Re5	D5	327	327	1	4	833	95	96		10.66667
246	9	Do5#4	C5#4	322	322	1	8	417	95	96	na 	10.72222
247	9	Re5	D5	327	327	1	16	208	95	96		10.75
248	9	Do5#4	C5#4	322	322	1	16	208	95	96		10.77778
249	9	Si4b4	B4b4	310	310	1	16	208	95	96		10.80556
250	9	La4	A4	305	305	1	16	208	95	96		10.83333
251	9	Si4b4	B4b4	310	310	1	16	208	95	96		10.86111
252	9	Re5	D5	327	327	1	16	208	95	96		10.88889
253	9	Do5#4	C5#4	322	322	1	8	417	95	96		10.94444
254	9	Si4b4	B4b4	310	310	1	16	208	95	96		10.97222
255	9	La4	A4	305	305	1	16	208	95	96		11
256	53			0	0	0	0	0	0	0		11
257	9	Do5#4	C5#4	322	322	1	16	208	95	96		11.02778
258	9	Re5	D5	327	327	1	16	208	95	96		11.05556
259	9	Mi5	E5	336	336	1	16	208	95	96		11.08333
260	9	Fa5	F5	340	340	1	16	208	95	96		11.11111
261	9	Mi5	E5	336	336	1	16	208	95	96		11.13889
262	9	Re5	D5	327	327	1	16	208	95	96		11.16667
263	9	Do5#4	C5#4	322	322	1	16	208	95	96		11.19444
264	9	Si4b4	B4b4	310	310	1	16	208	95	96		11.22222
265	9	La4	A4	305	305	1	8	417	95	96		11.27778
266	9	Mi5	E5	336	336	1	8	417	95	96	in	11.33333
267	9	Fa5#3	F5#4	343	344	1	8	417	95	96		11.38889
268	9	Sol5	G5	349	349	1	8	417	95	96		11.44444
269	9	Sol5	G5	349	349	1	16	208	95	96		11.47222
270	9	Fa5	F5	340	340	1	16	208	95	96		11.5
271	9	Fa5	F5	340	340	1	16	208	95	96		11.52778
272	9	Mi5	E5	336	336	1	16	208	95	96		11.55556
273	9	Mi5	E5	336	336	1	16	208	95	96		11.58333
274	9	Re5	D5	327	327	1	16	208	95	96		11.61111
275	9	Re5	D5	327	327	1	16	208	95	96	le	11.63889
276	9	Do5#4	C5#4	322	322	1	16	208	95	96		11.66667
277	9	Re5	D5	327	327	3	8	1250	95	96	dim  	11.83333
278	9	Mi5	E5	336	336	1	16	208	95	96	SAZ	11.86111
279	9	Fa5	F5	340	340	1	16	208	95	96	.	11.88889
280	9	Mi5	E5	336	336	1	16	208	95	96	.	11.91667
281	9	Re5	D5	327	327	1	16	208	95	96	.	11.94444
282	9	Re5	D5	327	327	1	16	208	95	96	.	11.97222
283	9	Do5#4	C5#4	322	322	1	16	208	95	96	.	12
284	53			0	0	0	0	0	0	0		12
285	9	Re5	D5	327	327	3	16	625	95	96	.	12.08333
286	9	La4	A4	305	305	1	16	208	95	96	.	12.11111
287	9	Si4b4	B4b4	310	310	1	16	208	95	96	.	12.13889
288	9	Do5#4	C5#4	322	322	1	16	208	95	96	.	12.16667
289	9	Re5	D5	327	327	1	8	417	95	96	.	12.22222
290	9			-1	-1	1	8	417	100	0		12.27778
291	53			0	0	0	0	0	0	0		12.27778
292	9	Re5	D5	327	327	1	4	833	95	96	Yâ	12.38889
293	9	Re5	D5	327	327	1	8	417	95	96	re 	12.44444
294	9	Re5	D5	327	327	1	16	208	95	96	de 	12.47222
295	9	Mi5	E5	336	336	1	16	208	95	96		12.5
296	9	Re5	D5	327	327	1	16	208	95	96		12.52778
297	9	Do5#4	C5#4	322	322	1	16	208	95	96		12.55556
298	9	Re5	D5	327	327	1	4	833	95	96		12.66667
299	9	Sol5	G5	349	349	1	16	208	95	96	að	12.69444
300	9	Fa5	F5	340	340	1	16	208	95	96		12.72222
301	9	Mi5	E5	336	336	1	16	208	95	96		12.75
302	9	Re5	D5	327	327	1	16	208	95	96		12.77778
303	9	Do5#4	C5#4	322	322	3	16	625	95	96		12.86111
304	9	Re5	D5	327	327	1	16	208	95	96		12.88889
305	9	Re5	D5	327	327	1	16	208	95	96		12.91667
306	9	Do5#4	C5#4	322	322	1	16	208	95	96		12.94444
307	9	Si4b4	B4b4	310	310	1	24	139	95	96		12.96296
308	9	La4	A4	305	305	1	24	139	95	96		12.98148
309	9	Si4b4	B4b4	310	310	1	24	139	95	96		13
310	9	Do5#4	C5#4	322	322	1	16	208	95	96		13.02778
311	9	Re5	D5	327	327	1	16	208	95	96		13.05556
312	9	Mi5	E5	336	336	1	16	208	95	96		13.08333
313	9	Fa5	F5	340	340	1	16	208	95	96		13.11111
314	9	Mi5	E5	336	336	1	16	208	95	96		13.13889
315	9	Re5	D5	327	327	1	16	208	95	96		13.16667
316	9	Do5#4	C5#4	322	322	1	16	208	95	96		13.19444
317	9	Si4b4	B4b4	310	310	1	16	208	95	96		13.22222
318	9	La4	A4	305	305	1	8	417	95	96		13.27778
319	9	La4	A4	305	305	1	8	417	95	96	yâ	13.33333
320	9	Si4b4	B4b4	310	310	1	16	208	95	96		13.36111
321	9	Do5#4	C5#4	322	322	1	16	208	95	96		13.38889
322	9	Re5	D5	327	327	1	8	417	95	96	re 	13.44444
323	53			0	0	0	0	0	0	0		13.44444
324	9	Do5#4	C5#4	322	322	1	8	417	95	96	de 	13.5
325	9	Re5	D5	327	327	1	16	208	95	96		13.52778
326	9	Do5#4	C5#4	322	322	1	16	208	95	96		13.55556
327	9	Si4b4	B4b4	310	310	1	8	417	95	96		13.61111
328	9	La4	A4	305	305	1	8	417	95	96		13.66667
329	9	Do5#4	C5#4	322	322	1	16	208	95	96	hâl_	13.69444
330	9	Si4b4	B4b4	310	310	1	16	208	95	96		13.72222
331	9	Si4b4	B4b4	310	310	1	16	208	95	96		13.75
332	9	La4	A4	305	305	1	16	208	95	96		13.77778
333	9	Si4b4	B4b4	310	310	1	8	417	95	96		13.83333
334	9	Do5#4	C5#4	322	322	1	16	208	95	96		13.86111
335	9	Re5	D5	327	327	1	16	208	95	96		13.88889
336	9	Mi5	E5	336	336	1	8	417	95	96		13.94444
337	9	Re5	D5	327	327	1	16	208	95	96		13.97222
338	9	Do5#4	C5#4	322	322	1	16	208	95	96		14
339	9	Re5	D5	327	327	3	32	312	95	96		14.04167
340	9	Do5#4	C5#4	322	322	1	32	104	95	96		14.05556
341	9	Si4b4	B4b4	310	310	1	16	208	95	96		14.08333
342	9	La4	A4	305	305	1	16	208	95	96		14.11111
343	9	Si4b4	B4b4	310	310	1	16	208	95	96		14.13889
344	9	La4	A4	305	305	1	16	208	95	96		14.16667
345	9	Sol4	G4	296	296	1	16	208	95	96		14.19444
346	9	Fa4#3	F4#4	290	291	1	16	208	95	96		14.22222
347	9	Sol4	G4	296	296	1	8	417	95	96		14.27778
348	9	Sol4	G4	296	296	1	16	208	95	96	i 	14.30556
349	9	La4	A4	305	305	1	16	208	95	96		14.33333
350	9	Sol4	G4	296	296	1	8	417	95	96		14.38889
351	9	La4	A4	305	305	1	8	417	95	96	de	14.44444
352	9	La4	A4	305	305	1	2	1667	95	96	rû	14.66667
353	53			0	0	0	0	0	0	0		14.66667
354	9	Re5	D5	327	327	1	16	208	95	96	num	14.69444
355	9	Do5#4	C5#4	322	322	1	16	208	95	96		14.72222
356	9	Si4b4	B4b4	310	310	1	16	208	95	96		14.75
357	9	La4	A4	305	305	1	16	208	95	96		14.77778
358	9	Sol4	G4	296	296	1	24	139	95	96		14.7963
359	9	Fa4	F4	287	287	1	24	139	95	96		14.81481
360	9	Sol4	G4	296	296	1	24	139	95	96		14.83333
361	9	La4	A4	305	305	1	24	139	95	96		14.85185
362	9	Sol4	G4	296	296	1	24	139	95	96		14.87037
363	9	La4	A4	305	305	1	24	139	95	96		14.88889
364	9	Si4b4	B4b4	310	310	1	24	139	95	96		14.90741
365	9	La4	A4	305	305	1	24	139	95	96		14.92593
366	9	Si4b4	B4b4	310	310	1	24	139	95	96		14.94444
367	9	Do5#4	C5#4	322	322	1	24	139	95	96		14.96296
368	9	Si4b4	B4b4	310	310	1	24	139	95	96		14.98148
369	9	Do5#4	C5#4	322	322	1	24	139	95	96		15
370	9	Re5	D5	327	327	1	8	417	95	96		15.05556
371	9	Mi5	E5	336	336	1	8	417	95	96		15.11111
372	9	Do5#4	C5#4	322	322	1	8	417	95	96		15.16667
373	9	Si4b4	B4b4	310	310	1	16	208	95	96		15.19444
374	9	La4	A4	305	305	1	16	208	95	96		15.22222
375	9	La4	A4	305	305	1	8	417	95	96		15.27778
376	9	La4	A4	305	305	1	16	208	95	96	söy	15.30556
377	9	Si4b4	B4b4	310	310	1	16	208	95	96		15.33333
378	9	La4	A4	305	305	1	8	417	95	96		15.38889
379	9	Re5	D5	327	327	1	8	417	95	96		15.44444
380	9	Re5	D5	327	327	1	16	208	95	96		15.47222
381	9	Do5#4	C5#4	322	322	1	16	208	95	96		15.5
382	9	Do5#4	C5#4	322	322	1	16	208	95	96		15.52778
383	9	Si4b4	B4b4	310	310	1	16	208	95	96		15.55556
384	9	Do5#4	C5#4	322	322	1	16	208	95	96		15.58333
385	9	Si4b4	B4b4	310	310	1	16	208	95	96		15.61111
386	9	Si4b4	B4b4	310	310	1	16	208	95	96	le	15.63889
387	9	La4	A4	305	305	1	16	208	95	96		15.66667
388	53			0	0	0	0	0	0	0		15.66667
389	9	La4	A4	305	305	3	8	1250	95	96	dim  	15.83333
390	9	Mi5	E5	336	336	1	16	208	95	96	SAZ	15.86111
391	9	Fa5	F5	340	340	1	16	208	95	96	.	15.88889
392	9	Mi5	E5	336	336	1	16	208	95	96	.	15.91667
393	9	Re5	D5	327	327	1	16	208	95	96	.	15.94444
394	9	Re5	D5	327	327	1	16	208	95	96	.	15.97222
395	9	Do5#4	C5#4	322	322	1	16	208	95	96	.	16
396	9	Re5	D5	327	327	3	16	625	95	96	.	16.08333
397	9	La4	A4	305	305	1	16	208	95	96	.	16.11111
398	9	Si4b4	B4b4	310	310	1	16	208	95	96	.	16.13889
399	9	Do5#4	C5#4	322	322	1	16	208	95	96	.	16.16667
400	9	Re5	D5	327	327	1	8	417	95	96	.	16.22222
401	9			-1	-1	1	8	417	100	0		16.27778
402	53			0	0	0	0	0	0	0		16.27778
403	9	Re5	D5	327	327	1	4	833	95	96	Yâ	16.38889
404	9	Re5	D5	327	327	1	8	417	95	96	re 	16.44444
405	9	Re5	D5	327	327	1	16	208	95	96	de 	16.47222
406	9	Mi5	E5	336	336	1	16	208	95	96		16.5
407	9	Re5	D5	327	327	1	16	208	95	96		16.52778
408	9	Do5#4	C5#4	322	322	1	16	208	95	96		16.55556
409	9	Re5	D5	327	327	1	4	833	95	96		16.66667
410	9	Sol5	G5	349	349	1	16	208	95	96	að	16.69444
411	9	Fa5	F5	340	340	1	16	208	95	96		16.72222
412	9	Mi5	E5	336	336	1	16	208	95	96		16.75
413	9	Re5	D5	327	327	1	16	208	95	96		16.77778
414	9	Do5#4	C5#4	322	322	3	16	625	95	96		16.86111
415	9	Re5	D5	327	327	1	16	208	95	96		16.88889
416	9	Re5	D5	327	327	1	16	208	95	96		16.91667
417	9	Do5#4	C5#4	322	322	1	16	208	95	96		16.94444
418	9	Si4b4	B4b4	310	310	1	24	139	95	96		16.96296
419	9	La4	A4	305	305	1	24	139	95	96		16.98148
420	9	Si4b4	B4b4	310	310	1	24	139	95	96		17
421	9	Do5#4	C5#4	322	322	1	16	208	95	96		17.02778
422	9	Re5	D5	327	327	1	16	208	95	96		17.05556
423	9	Mi5	E5	336	336	1	16	208	95	96		17.08333
424	9	Fa5	F5	340	340	1	16	208	95	96		17.11111
425	9	Mi5	E5	336	336	1	16	208	95	96		17.13889
426	9	Re5	D5	327	327	1	16	208	95	96		17.16667
427	9	Do5#4	C5#4	322	322	1	16	208	95	96		17.19444
428	9	Si4b4	B4b4	310	310	1	16	208	95	96		17.22222
429	9	La4	A4	305	305	1	8	417	95	96		17.27778
430	9	La4	A4	305	305	1	8	417	95	96	yâ	17.33333
431	9	Si4b4	B4b4	310	310	1	16	208	95	96		17.36111
432	9	Do5#4	C5#4	322	322	1	16	208	95	96		17.38889
433	9	Re5	D5	327	327	1	8	417	95	96	re 	17.44444
434	53			0	0	0	0	0	0	0		17.44444
435	9	Do5#4	C5#4	322	322	1	8	417	95	96	de 	17.5
436	9	Re5	D5	327	327	1	16	208	95	96		17.52778
437	9	Do5#4	C5#4	322	322	1	16	208	95	96		17.55556
438	9	Si4b4	B4b4	310	310	1	8	417	95	96		17.61111
439	9	La4	A4	305	305	1	8	417	95	96		17.66667
440	9	Do5#4	C5#4	322	322	1	16	208	95	96	hâl_	17.69444
441	9	Si4b4	B4b4	310	310	1	16	208	95	96		17.72222
442	9	Si4b4	B4b4	310	310	1	16	208	95	96		17.75
443	9	La4	A4	305	305	1	16	208	95	96		17.77778
444	9	Si4b4	B4b4	310	310	1	8	417	95	96		17.83333
445	9	Do5#4	C5#4	322	322	1	16	208	95	96		17.86111
446	9	Re5	D5	327	327	1	16	208	95	96		17.88889
447	9	Mi5	E5	336	336	1	8	417	95	96		17.94444
448	9	Re5	D5	327	327	1	16	208	95	96		17.97222
449	9	Do5#4	C5#4	322	322	1	16	208	95	96		18
450	9	Re5	D5	327	327	3	32	312	95	96		18.04167
451	9	Do5#4	C5#4	322	322	1	32	104	95	96		18.05556
452	9	Si4b4	B4b4	310	310	1	16	208	95	96		18.08333
453	9	La4	A4	305	305	1	16	208	95	96		18.11111
454	9	Si4b4	B4b4	310	310	1	16	208	95	96		18.13889
455	9	La4	A4	305	305	1	16	208	95	96		18.16667
456	9	Sol4	G4	296	296	1	16	208	95	96		18.19444
457	9	Fa4#3	F4#4	290	291	1	16	208	95	96		18.22222
458	9	Sol4	G4	296	296	1	8	417	95	96		18.27778
459	9	Sol4	G4	296	296	1	16	208	95	96	i 	18.30556
460	9	La4	A4	305	305	1	16	208	95	96		18.33333
461	9	Sol4	G4	296	296	1	8	417	95	96		18.38889
462	9	La4	A4	305	305	1	8	417	95	96	de	18.44444
463	9	La4	A4	305	305	1	2	1667	95	96	rû	18.66667
464	53			0	0	0	0	0	0	0		18.66667
465	9	Re5	D5	327	327	1	16	208	95	96	num	18.69444
466	9	Do5#4	C5#4	322	322	1	16	208	95	96		18.72222
467	9	Si4b4	B4b4	310	310	1	16	208	95	96		18.75
468	9	La4	A4	305	305	1	16	208	95	96		18.77778
469	9	Sol4	G4	296	296	1	24	139	95	96		18.7963
470	9	Fa4	F4	287	287	1	24	139	95	96		18.81482
471	9	Sol4	G4	296	296	1	24	139	95	96		18.83333
472	9	La4	A4	305	305	1	24	139	95	96		18.85185
473	9	Sol4	G4	296	296	1	24	139	95	96		18.87037
474	9	La4	A4	305	305	1	24	139	95	96		18.88889
475	9	Si4b4	B4b4	310	310	1	24	139	95	96		18.90741
476	9	La4	A4	305	305	1	24	139	95	96		18.92593
477	9	Si4b4	B4b4	310	310	1	24	139	95	96		18.94444
478	9	Do5#4	C5#4	322	322	1	24	139	95	96		18.96296
479	9	Si4b4	B4b4	310	310	1	24	139	95	96		18.98148
480	9	Do5#4	C5#4	322	322	1	24	139	95	96		19
481	9	Re5	D5	327	327	1	8	417	95	96		19.05556
482	9	Mi5	E5	336	336	1	8	417	95	96		19.11111
483	9	Do5#4	C5#4	322	322	1	8	417	95	96		19.16667
484	9	Si4b4	B4b4	310	310	1	16	208	95	96		19.19444
485	9	La4	A4	305	305	1	16	208	95	96		19.22222
486	9	La4	A4	305	305	1	8	417	95	96		19.27778
487	9	La4	A4	305	305	1	16	208	95	96	söy	19.30556
488	9	Si4b4	B4b4	310	310	1	16	208	95	96		19.33333
489	9	La4	A4	305	305	1	8	417	95	96		19.38889
490	9	Re5	D5	327	327	1	8	417	95	96		19.44444
491	9	Re5	D5	327	327	1	16	208	95	96		19.47222
492	9	Do5#4	C5#4	322	322	1	16	208	95	96		19.5
493	9	Do5#4	C5#4	322	322	1	16	208	95	96		19.52778
494	9	Si4b4	B4b4	310	310	1	16	208	95	96		19.55556
495	9	Do5#4	C5#4	322	322	1	16	208	95	96		19.58333
496	9	Si4b4	B4b4	310	310	1	16	208	95	96		19.61111
497	9	Si4b4	B4b4	310	310	1	16	208	95	96	le	19.63889
498	9	La4	A4	305	305	1	16	208	95	96		19.66667
499	9	La4	A4	305	305	3	8	1250	95	96	dim  	19.83333
500	53			0	0	0	0	0	0	0		19.83333
501	9	Mi5	E5	336	336	1	16	208	95	96	SAZ	19.86111
502	9	Fa5	F5	340	340	1	16	208	95	96	.	19.88889
503	9	Mi5	E5	336	336	1	16	208	95	96	.	19.91667
504	9	Re5	D5	327	327	1	16	208	95	96	.	19.94444
505	9	Do5#4	C5#4	322	322	1	16	208	95	96	.	19.97222
506	9	Re5	D5	327	327	1	16	208	95	96	.	20
507	9	Mi5	E5	336	336	1	8	417	95	96	.	20.05556
508	9	Fa5#3	F5#4	343	344	1	8	417	95	96	.	20.11111
509	9	Sol5	G5	349	349	1	24	139	95	96	.	20.12963
510	9	Fa5#3	F5#4	343	344	1	24	139	95	96	.	20.14815
511	9	Sol5	G5	349	349	1	24	139	95	96	.	20.16667
512	9	La5	A5	358	358	1	24	139	95	96	.	20.18518
513	9	Sol5	G5	349	349	1	24	139	95	96	.	20.2037
514	9	Fa5#3	F5#4	343	344	1	24	139	95	96	.	20.22222
515	9	Mi5	E5	336	336	1	8	417	95	96	.	20.27778
516	9	Re5	D5	327	327	1	4	833	95	96	Â	20.38889
517	9	Mi5	E5	336	336	1	8	417	95	96	þi	20.44444
518	9	Mi5	E5	336	336	1	2	1667	95	96	na 	20.66667
519	53			0	0	0	0	0	0	0		20.66667
520	9	Mi5	E5	336	336	3	32	312	95	96	yok 	20.70833
521	9	Sol5	G5	349	349	1	32	104	95	96		20.72222
522	9	Fa5#3	F5#4	343	344	1	16	208	95	96		20.75
523	9	Mi5	E5	336	336	1	16	208	95	96		20.77778
524	9	Re5	D5	327	327	1	4	833	95	96		20.88889
525	9	Do5#4	C5#4	322	322	1	4	833	95	96		21
526	9	Re5	D5	327	327	1	24	139	95	96		21.01852
527	9	Do5#4	C5#4	322	322	1	24	139	95	96		21.03704
528	9	Re5	D5	327	327	1	24	139	95	96		21.05556
529	9	Mi5	E5	336	336	1	24	139	95	96		21.07407
530	9	Re5	D5	327	327	1	24	139	95	96		21.09259
531	9	Mi5	E5	336	336	1	24	139	95	96		21.11111
532	9	Fa5#3	F5#4	343	344	1	24	139	95	96		21.12963
533	9	Mi5	E5	336	336	1	24	139	95	96		21.14815
534	9	Fa5#3	F5#4	343	344	1	24	139	95	96		21.16667
535	9	Sol5	G5	349	349	1	24	139	95	96		21.18518
536	9	Fa5#3	F5#4	343	344	1	24	139	95	96		21.2037
537	9	Mi5	E5	336	336	1	24	139	95	96		21.22222
538	9	Mi5	E5	336	336	1	8	417	95	96		21.27778
539	9	Mi5	E5	336	336	1	4	833	95	96	der	21.38889
540	53			0	0	0	0	0	0	0		21.38889
541	9	Fa5	F5	340	340	1	8	417	95	96	di	21.44444
542	9	Mi5	E5	336	336	1	8	417	95	96	me 	21.5
543	9	Re5	D5	327	327	1	8	417	95	96		21.55556
544	9	Do5#4	C5#4	322	322	1	8	417	95	96		21.61111
545	9	Si4	B4	314	314	1	8	417	95	96		21.66667
546	9	Do5#4	C5#4	322	322	1	8	417	95	96	ben 	21.72222
547	9	Re5	D5	327	327	1	8	417	95	96		21.77778
548	9	Mi5	E5	336	336	1	8	417	95	96		21.83333
549	9	Fa5#3	F5#4	343	344	1	8	417	95	96		21.88889
550	9	Sol5	G5	349	349	1	8	417	95	96		21.94444
551	9	Fa5#3	F5#4	343	344	1	16	208	95	96		21.97222
552	9	Mi5	E5	336	336	1	16	208	95	96		22
553	9	Mi5	E5	336	336	1	4	833	95	96		22.11111
554	9	Sol5	G5	349	349	3	32	312	95	96	SAZ	22.15278
555	9	Fa5	F5	340	340	1	32	104	95	96	.	22.16667
556	9	Mi5	E5	336	336	1	16	208	95	96	.	22.19444
557	9	Sol5	G5	349	349	1	16	208	95	96	.	22.22222
558	9	Fa5	F5	340	340	1	8	417	95	96	.	22.27778
559	9	Fa5	F5	340	340	1	4	833	95	96	söy	22.38889
560	9	Fa5	F5	340	340	1	8	417	95	96	le	22.44444
561	9	Fa5	F5	340	340	1	16	208	95	96	dim 	22.47222
562	9	Sol5	G5	349	349	1	16	208	95	96		22.5
563	9	Fa5	F5	340	340	1	16	208	95	96		22.52778
564	9	Mi5	E5	336	336	1	16	208	95	96		22.55556
565	9	Fa5	F5	340	340	1	4	833	95	96		22.66667
566	9	Sol5	G5	349	349	1	8	417	95	96	ben 	22.72222
567	9	Fa5	F5	340	340	1	16	208	95	96		22.75
568	9	Mi5	E5	336	336	1	16	208	95	96		22.77778
569	9	Re5	D5	327	327	1	4	833	95	96		22.88889
570	9	Do5#4	C5#4	322	322	1	4	833	95	96		23
571	53			0	0	0	0	0	0	0		23
572	9	Re5	D5	327	327	1	8	417	95	96		23.05556
573	9	Mi5	E5	336	336	1	16	208	95	96		23.08333
574	9	Fa5	F5	340	340	1	16	208	95	96		23.11111
575	9	Mi5	E5	336	336	1	16	208	95	96		23.13889
576	9	Re5	D5	327	327	1	16	208	95	96		23.16667
577	9	Do5#4	C5#4	322	322	1	16	208	95	96		23.19444
578	9	Si4b4	B4b4	310	310	1	16	208	95	96		23.22222
579	9	La4	A4	305	305	1	8	417	95	96		23.27778
580	9	Mi5	E5	336	336	1	8	417	95	96	din	23.33333
581	9	Fa5#3	F5#4	343	344	1	8	417	95	96		23.38889
582	9	Sol5	G5	349	349	1	8	417	95	96		23.44444
583	9	Sol5	G5	349	349	1	16	208	95	96		23.47222
584	9	Fa5	F5	340	340	1	16	208	95	96		23.5
585	9	Fa5	F5	340	340	1	16	208	95	96		23.52778
586	9	Mi5	E5	336	336	1	16	208	95	96		23.55556
587	9	Mi5	E5	336	336	1	16	208	95	96		23.58333
588	9	Re5	D5	327	327	1	16	208	95	96		23.61111
589	9	Re5	D5	327	327	1	16	208	95	96	le	23.63889
590	9	Do5#4	C5#4	322	322	1	16	208	95	96		23.66667
591	9	Re5	D5	327	327	3	8	1250	95	96	dim  	23.83333
592	9	Mi5	E5	336	336	1	16	208	95	96	SAZ	23.86111
593	9	Fa5	F5	340	340	1	16	208	95	96	.	23.88889
594	9	Mi5	E5	336	336	1	16	208	95	96	.	23.91667
595	9	Re5	D5	327	327	1	16	208	95	96	.	23.94444
596	9	Re5	D5	327	327	1	16	208	95	96	.	23.97222
597	9	Do5#4	C5#4	322	322	1	16	208	95	96	.	24
598	53			0	0	0	0	0	0	0		24
599	9	Re5	D5	327	327	3	16	625	95	96	.	24.08333
600	9	La4	A4	305	305	1	16	208	95	96	.	24.11111
601	9	Si4b4	B4b4	310	310	1	16	208	95	96	.	24.13889
602	9	Do5#4	C5#4	322	322	1	16	208	95	96	.	24.16667
603	9	Re5	D5	327	327	1	8	417	95	96	.	24.22222
604	9			-1	-1	1	8	417	100	0		24.27778
605	53			0	0	0	0	0	0	0		24.27778
606	9	Re5	D5	327	327	1	4	833	95	96	Yâ	24.38889
607	9	Re5	D5	327	327	1	8	417	95	96	re 	24.44444
608	9	Re5	D5	327	327	1	16	208	95	96	de 	24.47222
609	9	Mi5	E5	336	336	1	16	208	95	96		24.5
610	9	Re5	D5	327	327	1	16	208	95	96		24.52778
611	9	Do5#4	C5#4	322	322	1	16	208	95	96		24.55556
612	9	Re5	D5	327	327	1	4	833	95	96		24.66667
613	9	Sol5	G5	349	349	1	16	208	95	96	að	24.69444
614	9	Fa5	F5	340	340	1	16	208	95	96		24.72222
615	9	Mi5	E5	336	336	1	16	208	95	96		24.75
616	9	Re5	D5	327	327	1	16	208	95	96		24.77778
617	9	Do5#4	C5#4	322	322	3	16	625	95	96		24.86111
618	9	Re5	D5	327	327	1	16	208	95	96		24.88889
619	9	Re5	D5	327	327	1	16	208	95	96		24.91667
620	9	Do5#4	C5#4	322	322	1	16	208	95	96		24.94444
621	9	Si4b4	B4b4	310	310	1	24	139	95	96		24.96296
622	9	La4	A4	305	305	1	24	139	95	96		24.98148
623	9	Si4b4	B4b4	310	310	1	24	139	95	96		25
624	9	Do5#4	C5#4	322	322	1	16	208	95	96		25.02778
625	9	Re5	D5	327	327	1	16	208	95	96		25.05556
626	9	Mi5	E5	336	336	1	16	208	95	96		25.08333
627	9	Fa5	F5	340	340	1	16	208	95	96		25.11111
628	9	Mi5	E5	336	336	1	16	208	95	96		25.13889
629	9	Re5	D5	327	327	1	16	208	95	96		25.16667
630	9	Do5#4	C5#4	322	322	1	16	208	95	96		25.19444
631	9	Si4b4	B4b4	310	310	1	16	208	95	96		25.22222
632	9	La4	A4	305	305	1	8	417	95	96		25.27778
633	9	La4	A4	305	305	1	8	417	95	96	yâ	25.33333
634	9	Si4b4	B4b4	310	310	1	16	208	95	96		25.36111
635	9	Do5#4	C5#4	322	322	1	16	208	95	96		25.38889
636	9	Re5	D5	327	327	1	8	417	95	96	re 	25.44444
637	53			0	0	0	0	0	0	0		25.44444
638	9	Do5#4	C5#4	322	322	1	8	417	95	96	de 	25.5
639	9	Re5	D5	327	327	1	16	208	95	96		25.52778
640	9	Do5#4	C5#4	322	322	1	16	208	95	96		25.55556
641	9	Si4b4	B4b4	310	310	1	8	417	95	96		25.61111
642	9	La4	A4	305	305	1	8	417	95	96		25.66667
643	9	Do5#4	C5#4	322	322	1	16	208	95	96	hâl_	25.69444
644	9	Si4b4	B4b4	310	310	1	16	208	95	96		25.72222
645	9	Si4b4	B4b4	310	310	1	16	208	95	96		25.75
646	9	La4	A4	305	305	1	16	208	95	96		25.77778
647	9	Si4b4	B4b4	310	310	1	8	417	95	96		25.83333
648	9	Do5#4	C5#4	322	322	1	16	208	95	96		25.86111
649	9	Re5	D5	327	327	1	16	208	95	96		25.88889
650	9	Mi5	E5	336	336	1	8	417	95	96		25.94444
651	9	Re5	D5	327	327	1	16	208	95	96		25.97222
652	9	Do5#4	C5#4	322	322	1	16	208	95	96		26
653	9	Re5	D5	327	327	3	32	312	95	96		26.04167
654	9	Do5#4	C5#4	322	322	1	32	104	95	96		26.05556
655	9	Si4b4	B4b4	310	310	1	16	208	95	96		26.08333
656	9	La4	A4	305	305	1	16	208	95	96		26.11111
657	9	Si4b4	B4b4	310	310	1	16	208	95	96		26.13889
658	9	La4	A4	305	305	1	16	208	95	96		26.16667
659	9	Sol4	G4	296	296	1	16	208	95	96		26.19444
660	9	Fa4#3	F4#4	290	291	1	16	208	95	96		26.22222
661	9	Sol4	G4	296	296	1	8	417	95	96		26.27778
662	9	Sol4	G4	296	296	1	16	208	95	96	i 	26.30556
663	9	La4	A4	305	305	1	16	208	95	96		26.33333
664	9	Sol4	G4	296	296	1	8	417	95	96		26.38889
665	9	La4	A4	305	305	1	8	417	95	96	de	26.44444
666	9	La4	A4	305	305	1	2	1667	95	96	rû	26.66667
667	53			0	0	0	0	0	0	0		26.66667
668	9	Re5	D5	327	327	1	16	208	95	96	num	26.69444
669	9	Do5#4	C5#4	322	322	1	16	208	95	96		26.72222
670	9	Si4b4	B4b4	310	310	1	16	208	95	96		26.75
671	9	La4	A4	305	305	1	16	208	95	96		26.77778
672	9	Sol4	G4	296	296	1	24	139	95	96		26.7963
673	9	Fa4	F4	287	287	1	24	139	95	96		26.81482
674	9	Sol4	G4	296	296	1	24	139	95	96		26.83333
675	9	La4	A4	305	305	1	24	139	95	96		26.85185
676	9	Sol4	G4	296	296	1	24	139	95	96		26.87037
677	9	La4	A4	305	305	1	24	139	95	96		26.88889
678	9	Si4b4	B4b4	310	310	1	24	139	95	96		26.90741
679	9	La4	A4	305	305	1	24	139	95	96		26.92593
680	9	Si4b4	B4b4	310	310	1	24	139	95	96		26.94444
681	9	Do5#4	C5#4	322	322	1	24	139	95	96		26.96296
682	9	Si4b4	B4b4	310	310	1	24	139	95	96		26.98148
683	9	Do5#4	C5#4	322	322	1	24	139	95	96		27
684	9	Re5	D5	327	327	1	8	417	95	96		27.05556
685	9	Mi5	E5	336	336	1	8	417	95	96		27.11111
686	9	Do5#4	C5#4	322	322	1	8	417	95	96		27.16667
687	9	Si4b4	B4b4	310	310	1	16	208	95	96		27.19444
688	9	La4	A4	305	305	1	16	208	95	96		27.22222
689	9	La4	A4	305	305	1	8	417	95	96		27.27778
690	9	La4	A4	305	305	1	16	208	95	96	söy	27.30556
691	9	Si4b4	B4b4	310	310	1	16	208	95	96		27.33333
692	9	La4	A4	305	305	1	8	417	95	96		27.38889
693	9	Re5	D5	327	327	1	8	417	95	96		27.44444
694	9	Re5	D5	327	327	1	16	208	95	96		27.47222
695	9	Do5#4	C5#4	322	322	1	16	208	95	96		27.5
696	9	Do5#4	C5#4	322	322	1	16	208	95	96		27.52778
697	9	Si4b4	B4b4	310	310	1	16	208	95	96		27.55556
698	9	Do5#4	C5#4	322	322	1	16	208	95	96		27.58333
699	9	Si4b4	B4b4	310	310	1	16	208	95	96		27.61111
700	9	Si4b4	B4b4	310	310	1	16	208	95	96	le	27.63889
701	9	La4	A4	305	305	1	16	208	95	96		27.66667
702	53			0	0	0	0	0	0	0		27.66667
703	9	La4	A4	305	305	3	8	1250	95	96	dim  	27.83333
704	9	Mi5	E5	336	336	1	16	208	95	96	SAZ	27.86111
705	9	Fa5	F5	340	340	1	16	208	95	96	.	27.88889
706	9	Mi5	E5	336	336	1	16	208	95	96	.	27.91667
707	9	Re5	D5	327	327	1	16	208	95	96	.	27.94444
708	9	Re5	D5	327	327	1	16	208	95	96	.	27.97222
709	9	Do5#4	C5#4	322	322	1	16	208	95	96	.	28
710	9	Re5	D5	327	327	3	16	625	95	96	.	28.08333
711	9	La4	A4	305	305	1	16	208	95	96	.	28.11111
712	9	Si4b4	B4b4	310	310	1	16	208	95	96	.	28.13889
713	9	Do5#4	C5#4	322	322	1	16	208	95	96	.	28.16667
714	9	Re5	D5	327	327	1	8	417	95	96	.	28.22222
715	9			-1	-1	1	8	417	100	0		28.27778
716	53			0	0	0	0	0	0	0		28.27778
717	9	Re5	D5	327	327	1	4	833	95	96	Yâ	28.38889
718	9	Re5	D5	327	327	1	8	417	95	96	re 	28.44444
719	9	Re5	D5	327	327	1	16	208	95	96	de 	28.47222
720	9	Mi5	E5	336	336	1	16	208	95	96		28.5
721	9	Re5	D5	327	327	1	16	208	95	96		28.52778
722	9	Do5#4	C5#4	322	322	1	16	208	95	96		28.55556
723	9	Re5	D5	327	327	1	4	833	95	96		28.66667
724	9	Sol5	G5	349	349	1	16	208	95	96	að	28.69444
725	9	Fa5	F5	340	340	1	16	208	95	96		28.72222
726	9	Mi5	E5	336	336	1	16	208	95	96		28.75
727	9	Re5	D5	327	327	1	16	208	95	96		28.77778
728	9	Do5#4	C5#4	322	322	3	16	625	95	96		28.86111
729	9	Re5	D5	327	327	1	16	208	95	96		28.88889
730	9	Re5	D5	327	327	1	16	208	95	96		28.91667
731	9	Do5#4	C5#4	322	322	1	16	208	95	96		28.94444
732	9	Si4b4	B4b4	310	310	1	24	139	95	96		28.96296
733	9	La4	A4	305	305	1	24	139	95	96		28.98148
734	9	Si4b4	B4b4	310	310	1	24	139	95	96		29
735	9	Do5#4	C5#4	322	322	1	16	208	95	96		29.02778
736	9	Re5	D5	327	327	1	16	208	95	96		29.05556
737	9	Mi5	E5	336	336	1	16	208	95	96		29.08333
738	9	Fa5	F5	340	340	1	16	208	95	96		29.11111
739	9	Mi5	E5	336	336	1	16	208	95	96		29.13889
740	9	Re5	D5	327	327	1	16	208	95	96		29.16667
741	9	Do5#4	C5#4	322	322	1	16	208	95	96		29.19444
742	9	Si4b4	B4b4	310	310	1	16	208	95	96		29.22222
743	9	La4	A4	305	305	1	8	417	95	96		29.27778
744	9	La4	A4	305	305	1	8	417	95	96	yâ	29.33333
745	9	Si4b4	B4b4	310	310	1	16	208	95	96		29.36111
746	9	Do5#4	C5#4	322	322	1	16	208	95	96		29.38889
747	9	Re5	D5	327	327	1	8	417	95	96	re 	29.44444
748	53			0	0	0	0	0	0	0		29.44444
749	9	Do5#4	C5#4	322	322	1	8	417	95	96	de 	29.5
750	9	Re5	D5	327	327	1	16	208	95	96		29.52778
751	9	Do5#4	C5#4	322	322	1	16	208	95	96		29.55556
752	9	Si4b4	B4b4	310	310	1	8	417	95	96		29.61111
753	9	La4	A4	305	305	1	8	417	95	96		29.66667
754	9	Do5#4	C5#4	322	322	1	16	208	95	96	hâl_	29.69444
755	9	Si4b4	B4b4	310	310	1	16	208	95	96		29.72222
756	9	Si4b4	B4b4	310	310	1	16	208	95	96		29.75
757	9	La4	A4	305	305	1	16	208	95	96		29.77778
758	9	Si4b4	B4b4	310	310	1	8	417	95	96		29.83333
759	9	Do5#4	C5#4	322	322	1	16	208	95	96		29.86111
760	9	Re5	D5	327	327	1	16	208	95	96		29.88889
761	9	Mi5	E5	336	336	1	8	417	95	96		29.94444
762	9	Re5	D5	327	327	1	16	208	95	96		29.97222
763	9	Do5#4	C5#4	322	322	1	16	208	95	96		30
764	9	Re5	D5	327	327	3	32	312	95	96		30.04167
765	9	Do5#4	C5#4	322	322	1	32	104	95	96		30.05556
766	9	Si4b4	B4b4	310	310	1	16	208	95	96		30.08333
767	9	La4	A4	305	305	1	16	208	95	96		30.11111
768	9	Si4b4	B4b4	310	310	1	16	208	95	96		30.13889
769	9	La4	A4	305	305	1	16	208	95	96		30.16667
770	9	Sol4	G4	296	296	1	16	208	95	96		30.19444
771	9	Fa4#3	F4#4	290	291	1	16	208	95	96		30.22222
772	9	Sol4	G4	296	296	1	8	417	95	96		30.27778
773	9	Sol4	G4	296	296	1	16	208	95	96	i 	30.30556
774	9	La4	A4	305	305	1	16	208	95	96		30.33333
775	9	Sol4	G4	296	296	1	8	417	95	96		30.38889
776	9	La4	A4	305	305	1	8	417	95	96	de	30.44444
777	9	La4	A4	305	305	1	2	1667	95	96	rû	30.66667
778	53			0	0	0	0	0	0	0		30.66667
779	9	Re5	D5	327	327	1	16	208	95	96	num	30.69444
780	9	Do5#4	C5#4	322	322	1	16	208	95	96		30.72222
781	9	Si4b4	B4b4	310	310	1	16	208	95	96		30.75
782	9	La4	A4	305	305	1	16	208	95	96		30.77778
783	9	Sol4	G4	296	296	1	24	139	95	96		30.7963
784	9	Fa4	F4	287	287	1	24	139	95	96		30.81482
785	9	Sol4	G4	296	296	1	24	139	95	96		30.83333
786	9	La4	A4	305	305	1	24	139	95	96		30.85185
787	9	Sol4	G4	296	296	1	24	139	95	96		30.87037
788	9	La4	A4	305	305	1	24	139	95	96		30.88889
789	9	Si4b4	B4b4	310	310	1	24	139	95	96		30.90741
790	9	La4	A4	305	305	1	24	139	95	96		30.92593
791	9	Si4b4	B4b4	310	310	1	24	139	95	96		30.94444
792	9	Do5#4	C5#4	322	322	1	24	139	95	96		30.96296
793	9	Si4b4	B4b4	310	310	1	24	139	95	96		30.98148
794	9	Do5#4	C5#4	322	322	1	24	139	95	96		31
795	9	Re5	D5	327	327	1	8	417	95	96		31.05556
796	9	Mi5	E5	336	336	1	8	417	95	96		31.11111
797	9	Do5#4	C5#4	322	322	1	8	417	95	96		31.16667
798	9	Si4b4	B4b4	310	310	1	16	208	95	96		31.19444
799	9	La4	A4	305	305	1	16	208	95	96		31.22222
800	9	La4	A4	305	305	1	8	417	95	96		31.27778
801	9	La4	A4	305	305	1	16	208	95	96	söy	31.30556
802	9	Si4b4	B4b4	310	310	1	16	208	95	96		31.33333
803	9	La4	A4	305	305	1	8	417	95	96		31.38889
804	9	Re5	D5	327	327	1	8	417	95	96		31.44444
805	9	Re5	D5	327	327	1	16	208	95	96		31.47222
806	9	Do5#4	C5#4	322	322	1	16	208	95	96		31.5
807	9	Do5#4	C5#4	322	322	1	16	208	95	96		31.52778
808	9	Si4b4	B4b4	310	310	1	16	208	95	96		31.55556
809	9	Do5#4	C5#4	322	322	1	16	208	95	96		31.58333
810	9	Si4b4	B4b4	310	310	1	16	208	95	96		31.61111
811	9	Si4b4	B4b4	310	310	1	16	208	95	96	le	31.63889
812	9	La4	A4	305	305	1	16	208	95	96		31.66667
813	9	La4	A4	305	305	3	8	1250	95	96	dim  	31.83333
814	53			0	0	0	0	0	0	0		31.83333
