Sıra	Kod	Nota53	NotaAE	Koma53	KomaAE	Pay	Payda	Ms	LNS	Bas	Soz1	Offset
1	9			-1	-1	1	8	357	100	0		0.25
2	9	La5	A5	358	358	1	16	179	95	96	ARANAĞME 	0.375
3	9	Si5	B5	367	367	1	16	179	95	96	.	0.5
4	9	La5	A5	358	358	1	8	357	95	96	.	0.75
5	9	Sol5	G5	349	349	1	8	357	95	96	.	1
6	9	La5	A5	358	358	3	16	536	95	96	.	1.375
7	9	Do6	C6	371	371	1	16	179	95	96	.	1.5
8	9	Si5	B5	367	367	1	16	179	95	96	.	1.625
9	9	La5	A5	358	358	1	16	179	95	96	.	1.75
10	9	Sol5	G5	349	349	1	16	179	95	96	.	1.875
11	9	Fa5#4	F5#4	344	344	1	16	179	95	96	.	2
12	9	Mi5	E5	336	336	1	8	357	95	96	.	2.25
13	9	Sol5	G5	349	349	1	16	179	95	96	.	2.375
14	9	La5	A5	358	358	1	16	179	95	96	.	2.5
15	9	Sol5	G5	349	349	1	8	357	95	96	.	2.75
16	9	Fa5#4	F5#4	344	344	1	8	357	95	96	.	3
17	9	Sol5	G5	349	349	3	16	536	95	96	.	3.375
18	9	Si5	B5	367	367	1	16	179	95	96	.	3.5
19	9	La5	A5	358	358	1	16	179	95	96	.	3.625
20	9	Sol5	G5	349	349	1	16	179	95	96	.	3.75
21	9	Fa5#4	F5#4	344	344	1	16	179	95	96	.	3.875
22	9	Mi5	E5	336	336	1	16	179	95	96	.	4
23	9	Re5	D5	327	327	1	8	357	95	96	.	4.25
24	9	Si5	B5	367	367	1	16	179	95	96	.	4.375
25	9	Do6	C6	371	371	1	16	179	95	96	.	4.5
26	9	Si5	B5	367	367	1	16	179	95	96	.	4.625
27	9	La5	A5	358	358	1	16	179	95	96	.	4.75
28	9	La5	A5	358	358	1	16	179	95	96	.	4.875
29	9	Sol5	G5	349	349	1	16	179	95	96	.	5
30	9	Sol5	G5	349	349	1	16	179	95	96	.	5.125
31	9	Fa5#4	F5#4	344	344	1	16	179	95	96	.	5.25
32	9	Fa5#4	F5#4	344	344	1	16	179	95	96	.	5.375
33	9	Mi5	E5	336	336	1	16	179	95	96	.	5.5
34	9	Mi5	E5	336	336	1	4	714	95	96	.	6
35	53			0	0	0	0	0	0	0		6
36	9			-1	-1	1	8	357	100	0	.	6.25
37	9	Fa5#4	F5#4	344	344	1	16	179	95	96	.	6.375
38	9	Sol5	G5	349	349	1	8	357	95	96	.	6.625
39	9	Fa5#4	F5#4	344	344	1	16	179	95	96	.	6.75
40	9	Sol5	G5	349	349	1	8	357	95	96	.	7
41	9	Sol5	G5	349	349	1	16	179	95	96	.	7.125
42	9	Si5b4	B5b4	363	363	1	16	179	95	96	.	7.25
43	9	La5	A5	358	358	1	16	179	95	96	.	7.375
44	9	Sol5	G5	349	349	1	16	179	95	96	.	7.5
45	9	Fa5	F5	340	340	1	16	179	95	96	.	7.625
46	9	Mi5	E5	336	336	1	16	179	95	96	.	7.75
47	9	Re5	D5	327	327	1	8	357	95	96	.	8
48	9			-1	-1	1	8	357	100	0	.	8.25
49	9	Mi5	E5	336	336	1	16	179	95	96	.	8.375
50	9	Fa5	F5	340	340	1	8	357	95	96	.	8.625
51	9	Mi5	E5	336	336	1	16	179	95	96	.	8.75
52	9	Fa5	F5	340	340	1	8	357	95	96	.	9
53	9	Fa5	F5	340	340	1	16	179	95	96	.	9.125
54	9	La5	A5	358	358	1	16	179	95	96	.	9.25
55	9	Sol5	G5	349	349	1	16	179	95	96	.	9.375
56	9	Fa5	F5	340	340	1	16	179	95	96	.	9.5
57	9	Mi5	E5	336	336	1	16	179	95	96	.	9.625
58	9	Re5	D5	327	327	1	16	179	95	96	.	9.75
59	9	Do5#4	C5#4	322	322	1	8	357	95	96	.	10
60	53			0	0	0	0	0	0	0		10
61	9			-1	-1	1	8	357	100	0	.	10.25
62	9	Mi5	E5	336	336	1	16	179	95	96	.	10.375
63	9	Fa5	F5	340	340	1	16	179	95	96	.	10.5
64	9	Mi5	E5	336	336	1	16	179	95	96	.	10.625
65	9	Fa5	F5	340	340	1	16	179	95	96	.	10.75
66	9	Mi5	E5	336	336	1	16	179	95	96	.	10.875
67	9	Re5	D5	327	327	1	16	179	95	96	.	11
68	9	Re5	D5	327	327	3	32	268	95	96	.	11.1875
69	9	Do5#4	C5#4	322	322	1	32	89	95	96	.	11.25
70	9	Re5	D5	327	327	1	16	179	95	96	.	11.375
71	9	Mi5	E5	336	336	1	16	179	95	96	.	11.5
72	9	Re5	D5	327	327	1	16	179	95	96	.	11.625
73	9	Mi5	E5	336	336	1	16	179	95	96	.	11.75
74	9	Re5	D5	327	327	1	16	179	95	96	.	11.875
75	9	Do5#4	C5#4	322	322	1	16	179	95	96	.	12
76	9			-1	-1	1	8	357	100	0	.	12.25
77	9	Mi5	E5	336	336	1	16	179	95	96	.	12.375
78	9	Fa5	F5	340	340	1	16	179	95	96	.	12.5
79	9	Mi5	E5	336	336	1	16	179	95	96	.	12.625
80	9	Fa5	F5	340	340	1	16	179	95	96	.	12.75
81	9	Mi5	E5	336	336	1	16	179	95	96	.	12.875
82	9	Re5	D5	327	327	1	16	179	95	96	.	13
83	9	Re5	D5	327	327	3	32	268	95	96	.	13.1875
84	9	Do5#4	C5#4	322	322	1	32	89	95	96	.	13.25
85	9	Re5	D5	327	327	1	16	179	95	96	.	13.375
86	9	Mi5	E5	336	336	1	16	179	95	96	.	13.5
87	9	Re5	D5	327	327	1	16	179	95	96	.	13.625
88	9	Mi5	E5	336	336	1	16	179	95	96	.	13.75
89	9	Re5	D5	327	327	1	16	179	95	96	.	13.875
90	9	Do5#4	C5#4	322	322	1	16	179	95	96	.	14
91	53			0	0	0	0	0	0	0		14
92	9			-1	-1	1	8	357	100	0	.	14.25
93	9	Sol5	G5	349	349	1	16	179	95	96	.	14.375
94	9	Sol5	G5	349	349	1	16	179	95	96	.	14.5
95	9	Sol5	G5	349	349	1	8	357	95	96	.	14.75
96	9	Fa5	F5	340	340	1	16	179	95	96	.	14.875
97	9	Mi5	E5	336	336	1	16	179	95	96	.	15
98	9	Fa5	F5	340	340	1	16	179	95	96	.	15.125
99	9	Mi5	E5	336	336	1	16	179	95	96	.	15.25
100	9	Re5	D5	327	327	1	16	179	95	96	.	15.375
101	9	Mi5	E5	336	336	1	16	179	95	96	.	15.5
102	9	Re5	D5	327	327	1	8	357	95	96	.	15.75
103	9	Do5#4	C5#4	322	322	1	8	357	95	96	.	16
104	9	Re5	D5	327	327	1	16	179	95	96	.	16.125
105	9	Do5#4	C5#4	322	322	1	16	179	95	96	.	16.25
106	9	Si4b4	B4b4	310	310	1	16	179	95	96	.	16.375
107	9	Do5#4	C5#4	322	322	1	16	179	95	96	.	16.5
108	9	Si4b4	B4b4	310	310	1	8	357	95	96	.	16.75
109	9	La4	A4	305	305	1	8	357	95	96	.	17
110	9	La4	A4	305	305	1	8	357	95	96	.	17.25
111	9	Si4b4	B4b4	310	310	1	16	179	95	96	.	17.375
112	9	Do5#4	C5#4	322	322	1	16	179	95	96	.	17.5
113	9	Re5	D5	327	327	1	16	179	95	96	.	17.625
114	9	Mi5	E5	336	336	1	16	179	95	96	.	17.75
115	9	Fa5#4	F5#4	344	344	1	16	179	95	96	.	17.875
116	9	Sol5	G5	349	349	1	16	179	95	96	.	18
117	9	La5	A5	358	358	1	4	714	95	96	.	18.5
118	53			0	0	0	0	0	0	0		18.5
119	9	Fa5#4	F5#4	344	344	1	16	179	99	96	Sa	18.625
120	9	Sol5	G5	349	349	1	16	179	95	96		18.75
121	9	La5	A5	358	358	1	8	357	95	96	rı 	19
122	9	La5	A5	358	358	1	4	714	95	96	kur	19.5
123	9	La5	A5	358	358	1	4	714	95	96	de	20
124	9	Fa5#4	F5#4	344	344	1	16	179	99	96	lem 	20.125
125	9	Sol5	G5	349	349	1	16	179	99	96		20.25
126	9	La5	A5	358	358	1	8	357	95	96		20.5
127	9	La5	A5	358	358	1	4	714	95	96	sa	21
128	9	La5	A5	358	358	1	16	179	99	96	rı  	21.125
129	9	Sol5	G5	349	349	1	16	179	99	96		21.25
130	9	Sol5	G5	349	349	1	16	179	99	96		21.375
131	9	Fa5#4	F5#4	344	344	1	16	179	99	96		21.5
132	9	Sol5	G5	349	349	1	4	714	95	96		22
133	9	Sol5	G5	349	349	1	16	179	95	96	SAZ 	22.125
134	9	Fa5#4	F5#4	344	344	1	16	179	95	96	.	22.25
135	9	Mi5	E5	336	336	1	16	179	95	96	.	22.375
136	9	Re5	D5	327	327	1	16	179	95	96	.	22.5
137	53			0	0	0	0	0	0	0		22.5
138	9	Fa5#4	F5#4	344	344	1	16	179	99	96	Dağ	22.625
139	9	Sol5	G5	349	349	1	16	179	95	96		22.75
140	9	La5	A5	358	358	1	8	357	95	96	la	23
141	9	La5	A5	358	358	1	4	714	95	96	ra 	23.5
142	9	La5	A5	358	358	1	4	714	95	96	sal	24
143	9	Fa5#4	F5#4	344	344	1	16	179	99	96	dım 	24.125
144	9	Sol5	G5	349	349	1	16	179	99	96		24.25
145	9	La5	A5	358	358	1	8	357	95	96		24.5
146	9	La5	A5	358	358	3	16	536	99	96	yâ	24.875
147	9	Si5	B5	367	367	1	16	179	95	96		25
148	9	La5	A5	358	358	1	16	179	99	96	ri  	25.125
149	9	Sol5	G5	349	349	1	16	179	99	96		25.25
150	9	Sol5	G5	349	349	1	16	179	99	96		25.375
151	9	Fa5#4	F5#4	344	344	1	16	179	99	96		25.5
152	9	Sol5	G5	349	349	1	4	714	95	96		26
153	9	Sol5	G5	349	349	1	16	179	95	96	SAZ 	26.125
154	9	Fa5#4	F5#4	344	344	1	16	179	95	96	.	26.25
155	9	Mi5	E5	336	336	1	16	179	95	96	.	26.375
156	9	Re5	D5	327	327	1	16	179	95	96	.	26.5
157	53			0	0	0	0	0	0	0		26.5
158	9	Fa5#4	F5#4	344	344	1	16	179	99	96	Dağ	26.625
159	9	Sol5	G5	349	349	1	16	179	95	96		26.75
160	9	La5	A5	358	358	1	8	357	95	96	lar 	27
161	9	La5	A5	358	358	1	4	714	95	96	kur	27.5
162	9	La5	A5	358	358	1	4	714	95	96	bâ	28
163	9	Fa5#4	F5#4	344	344	1	16	179	99	96	nın 	28.125
164	9	Sol5	G5	349	349	1	16	179	99	96		28.25
165	9	La5	A5	358	358	1	8	357	95	96		28.5
166	9	La5	A5	358	358	1	4	714	95	96	o	29
167	9	La5	A5	358	358	1	16	179	99	96	lam 	29.125
168	9	Sol5	G5	349	349	1	16	179	99	96		29.25
169	9	Sol5	G5	349	349	1	16	179	99	96		29.375
170	9	Fa5#4	F5#4	344	344	1	16	179	95	96		29.5
171	9	La5	A5	358	358	1	8	357	95	96	a	29.75
172	9	Sol5	G5	349	349	1	8	357	100	96	man  	30
173	9	Sol5	G5	349	349	1	2	1428	100	96		31
174	9	Sol5	G5	349	349	1	2	1428	99	96		32
175	53			0	0	0	0	0	0	0		32
176	9	La5	A5	358	358	1	16	179	99	96		32.125
177	9	Fa5#4	F5#4	344	344	1	16	179	99	96		32.25
178	9	Sol5	G5	349	349	1	16	179	99	96		32.375
179	9	Mi5	E5	336	336	1	16	179	99	96		32.5
180	9	Fa5	F5	340	340	1	4	714	99	96		33
181	9	Sol5	G5	349	349	1	16	179	99	96		33.125
182	9	Mi5	E5	336	336	1	16	179	99	96		33.25
183	9	Fa5	F5	340	340	1	16	179	99	96		33.375
184	9	Re5	D5	327	327	1	16	179	99	96		33.5
185	9	Mi5	E5	336	336	1	4	714	99	96		34
186	9	Fa5	F5	340	340	1	16	179	99	96		34.125
187	9	Re5	D5	327	327	1	16	179	99	96		34.25
188	9	Mi5	E5	336	336	1	16	179	99	96		34.375
189	9	Do5#4	C5#4	322	322	1	16	179	99	96		34.5
190	9	Re5	D5	327	327	1	4	714	99	96		35
191	9	Sol5	G5	349	349	1	4	714	95	96		35.5
192	53			0	0	0	0	0	0	0		35.5
193	9	Sol5	G5	349	349	1	8	357	95	96	Tez 	35.75
194	9	Sol5	G5	349	349	1	8	357	95	96	gön	36
195	9	Sol5	G5	349	349	1	16	179	99	96	der 	36.125
196	9	Fa5	F5	340	340	1	16	179	99	96		36.25
197	9	Fa5	F5	340	340	1	16	179	99	96		36.375
198	9	Mi5	E5	336	336	1	16	179	95	96		36.5
199	9	Fa5	F5	340	340	1	16	179	99	96	naz	36.625
200	9	Mi5	E5	336	336	1	16	179	99	96		36.75
201	9	Re5	D5	327	327	1	16	179	99	96		36.875
202	9	Mi5	E5	336	336	1	16	179	95	96		37
203	9	Re5	D5	327	327	1	16	179	99	96	lı 	37.125
204	9	Do5#4	C5#4	322	322	1	8	357	99	96		37.375
205	9	Re5	D5	327	327	1	16	179	95	96		37.5
206	9	Do5#4	C5#4	322	322	1	16	179	99	96	yâ	37.625
207	9	Si4b4	B4b4	310	310	1	16	179	99	96		37.75
208	9	Si4b4	B4b4	310	310	1	16	179	99	96		37.875
209	9	La4	A4	305	305	1	16	179	95	96		38
210	9	La4	A4	305	305	1	4	714	95	96	ri  	38.5
211	9	La4	A4	305	305	1	16	179	95	96	SAZ 	38.625
212	9	Si4b4	B4b4	310	310	1	16	179	95	96	.	38.75
213	9	Do5#4	C5#4	322	322	1	16	179	95	96	.	38.875
214	9	Re5	D5	327	327	1	16	179	95	96	.	39
215	9	Mi5	E5	336	336	1	4	714	95	96	.	39.5
216	53			0	0	0	0	0	0	0		39.5
217	9	Do5#4	C5#4	322	322	1	8	357	95	96	Yan	39.75
218	9	Re5	D5	327	327	1	8	357	95	96	dım 	40
219	9	Mi5	E5	336	336	1	2	1428	99	96	hey 	41
220	9	La5	A5	358	358	1	2	1429	100	96		42
221	9	La5	A5	358	358	1	2	1429	99	96		43
222	53			0	0	0	0	0	0	0		43
223	9	Si5	B5	367	367	1	16	179	99	96		43.125
224	9	Sol5	G5	349	349	1	16	179	99	96		43.25
225	9	La5	A5	358	358	1	16	179	99	96		43.375
226	9	Fa5#4	F5#4	344	344	1	16	179	99	96		43.5
227	9	Sol5	G5	349	349	1	4	714	99	96		44
228	9	La5	A5	358	358	1	16	179	99	96		44.125
229	9	Fa5#4	F5#4	344	344	1	16	179	99	96		44.25
230	9	Sol5	G5	349	349	1	16	179	99	96		44.375
231	9	Mi5	E5	336	336	1	16	179	99	96		44.5
232	9	Fa5	F5	340	340	1	4	714	99	96		45
233	9	Sol5	G5	349	349	1	16	179	99	96		45.125
234	9	Mi5	E5	336	336	1	16	179	99	96		45.25
235	9	Fa5	F5	340	340	1	16	179	99	96		45.375
236	9	Re5	D5	327	327	1	16	179	99	96		45.5
237	9	Mi5	E5	336	336	1	4	714	99	96		46
238	9	Fa5	F5	340	340	1	16	179	99	96		46.125
239	9	Re5	D5	327	327	1	16	179	99	96		46.25
240	9	Mi5	E5	336	336	1	16	179	99	96		46.375
241	9	Do5#4	C5#4	322	322	1	16	179	99	96		46.5
242	9	Re5	D5	327	327	1	8	357	99	96		46.75
243	9	Mi5	E5	336	336	1	16	179	99	96		46.875
244	9	Fa5#4	F5#4	344	344	1	16	179	99	96		47
245	9	Sol5	G5	349	349	1	4	714	95	96		47.5
246	53			0	0	0	0	0	0	0		47.5
247	9	Sol5	G5	349	349	1	8	357	95	96	val	47.75
248	9	Sol5	G5	349	349	1	8	357	95	96	lah 	48
249	9	Sol5	G5	349	349	1	16	179	99	96	yan	48.125
250	9	Fa5	F5	340	340	1	16	179	99	96		48.25
251	9	Fa5	F5	340	340	1	16	179	99	96		48.375
252	9	Mi5	E5	336	336	1	16	179	95	96		48.5
253	9	Fa5	F5	340	340	1	16	179	99	96	dım 	48.625
254	9	Mi5	E5	336	336	1	16	179	99	96		48.75
255	9	Re5	D5	327	327	1	16	179	99	96		48.875
256	9	Mi5	E5	336	336	1	16	179	95	96		49
257	9	Re5	D5	327	327	1	16	179	99	96	es	49.125
258	9	Do5#4	C5#4	322	322	1	8	357	99	96		49.375
259	9	Re5	D5	327	327	1	16	179	95	96		49.5
260	9	Do5#4	C5#4	322	322	1	16	179	99	96	me	49.625
261	9	Si4b4	B4b4	310	310	1	16	179	99	96		49.75
262	9	Si4b4	B4b4	310	310	1	16	179	99	96		49.875
263	9	La4	A4	305	305	1	16	179	95	96		50
264	9	La4	A4	305	305	1	4	714	95	96	rim  	50.5
265	9			-1	-1	1	4	714	100	0		51
266	53			0	0	0	0	0	0	0		51
267	9	Mi5	E5	336	336	1	16	179	95	96	Ben_	51.125
268	9	Fa5	F5	340	340	1	8	357	95	96	es	51.375
269	9	Mi5	E5	336	336	1	16	179	95	96	me	51.5
270	9	Fa5	F5	340	340	1	8	357	95	96	ri 	51.75
271	9			-1	-1	1	8	357	100	0		52
272	9	Fa5	F5	340	340	1	8	357	95	96	fın	52.25
273	9	Mi5	E5	336	336	1	16	179	95	96	dık_	52.375
274	9	Fa5	F5	340	340	1	16	179	95	96	i	52.5
275	9	Mi5	E5	336	336	1	4	714	95	96	le  	53
276	9	Mi5	E5	336	336	1	16	179	95	96	Ben_	53.125
277	9	Fa5	F5	340	340	1	8	357	95	96	es	53.375
278	9	Mi5	E5	336	336	1	16	179	95	96	me	53.5
279	9	Fa5	F5	340	340	1	8	357	95	96	ri 	53.75
280	9			-1	-1	1	8	357	100	0		54
281	9	Fa5	F5	340	340	1	8	357	95	96	fıs	54.25
282	9	Mi5	E5	336	336	1	16	179	95	96	tık_	54.375
283	9	Fa5	F5	340	340	1	16	179	95	96	i	54.5
284	9	Mi5	E5	336	336	1	4	714	95	96	le  	55
285	53			0	0	0	0	0	0	0		55
286	9	Sol5	G5	349	349	1	16	179	95	96	Ben_	55.125
287	9	La5	A5	358	358	3	16	536	95	96	es	55.5
288	9	La5	A5	358	358	1	8	357	95	96	me	55.75
289	9	La5	A5	358	358	1	8	357	95	96	ri 	56
290	9	Sol5	G5	349	349	1	8	357	95	96	bâ	56.25
291	9	Fa5	F5	340	340	1	8	357	95	96	dem_	56.5
292	9	Mi5	E5	336	336	1	8	357	95	96	i	56.75
293	9	Re5	D5	327	327	1	8	357	95	96	le 	57
294	9	Do5#4	C5#4	322	322	3	16	536	99	96	bes	57.375
295	9	Re5	D5	327	327	1	16	179	95	96		57.5
296	9	Do5#4	C5#4	322	322	1	16	179	99	96	le	57.625
297	9	Si4b4	B4b4	310	310	1	16	179	99	96		57.75
298	9	Si4b4	B4b4	310	310	1	16	179	99	96		57.875
299	9	La4	A4	305	305	1	16	179	95	96		58
300	9	La4	A4	305	305	1	4	714	95	96	rim  	58.5
301	9			-1	-1	1	4	714	100	0		59
302	53			0	0	0	0	0	0	0		59
303	9	Mi5	E5	336	336	1	16	179	95	96	Ben_	59.125
304	9	Fa5	F5	340	340	1	8	357	95	96	es	59.375
305	9	Mi5	E5	336	336	1	16	179	95	96	me	59.5
306	9	Fa5	F5	340	340	1	8	357	95	96	ri 	59.75
307	9			-1	-1	1	8	357	100	0		60
308	9	Fa5	F5	340	340	1	8	357	95	96	fın	60.25
309	9	Mi5	E5	336	336	1	16	179	95	96	dık_	60.375
310	9	Fa5	F5	340	340	1	16	179	95	96	i	60.5
311	9	Mi5	E5	336	336	1	4	714	95	96	le  	61
312	9	Mi5	E5	336	336	1	16	179	95	96	Ben_	61.125
313	9	Fa5	F5	340	340	1	8	357	95	96	es	61.375
314	9	Mi5	E5	336	336	1	16	179	95	96	me	61.5
315	9	Fa5	F5	340	340	1	8	357	95	96	ri 	61.75
316	9			-1	-1	1	8	357	100	0		62
317	9	Fa5	F5	340	340	1	8	357	95	96	fıs	62.25
318	9	Mi5	E5	336	336	1	16	179	95	96	tık_	62.375
319	9	Fa5	F5	340	340	1	16	179	95	96	i	62.5
320	9	Mi5	E5	336	336	1	4	714	95	96	le  	63
321	53			0	0	0	0	0	0	0		63
322	9	Sol5	G5	349	349	1	16	179	95	96	Ben_	63.125
323	9	La5	A5	358	358	3	16	536	95	96	es	63.5
324	9	La5	A5	358	358	1	8	357	95	96	me	63.75
325	9	La5	A5	358	358	1	8	357	95	96	ri 	64
326	9	Sol5	G5	349	349	1	8	357	95	96	bâ	64.25
327	9	Fa5	F5	340	340	1	8	357	95	96	dem_	64.5
328	9	Mi5	E5	336	336	1	8	357	95	96	i	64.75
329	9	Re5	D5	327	327	1	8	357	95	96	le 	65
330	9	Do5#4	C5#4	322	322	3	16	536	99	96	bes	65.375
331	9	Re5	D5	327	327	1	16	179	95	96		65.5
332	9	Do5#4	C5#4	322	322	1	16	179	99	96	le	65.625
333	9	Si4b4	B4b4	310	310	1	16	179	99	96		65.75
334	9	Si4b4	B4b4	310	310	1	16	179	99	96		65.875
335	9	La4	A4	305	305	1	16	179	95	96		66
336	9	La4	A4	305	305	1	4	714	95	96	rim  	66.5
337	9			-1	-1	1	4	714	100	0		67
338	53			0	0	0	0	0	0	0		67
339	9			-1	-1	1	8	357	100	0		67.25
340	9	La5	A5	358	358	1	16	179	95	96	ARANAĞME 	67.375
341	9	Si5	B5	367	367	1	16	179	95	96	.	67.5
342	9	La5	A5	358	358	1	8	357	95	96	.	67.75
343	9	Sol5	G5	349	349	1	8	357	95	96	.	68
344	9	La5	A5	358	358	3	16	536	95	96	.	68.375
345	9	Do6	C6	371	371	1	16	179	95	96	.	68.5
346	9	Si5	B5	367	367	1	16	179	95	96	.	68.625
347	9	La5	A5	358	358	1	16	179	95	96	.	68.75
348	9	Sol5	G5	349	349	1	16	179	95	96	.	68.875
349	9	Fa5#4	F5#4	344	344	1	16	179	95	96	.	69
350	9	Mi5	E5	336	336	1	8	357	95	96	.	69.25
351	9	Sol5	G5	349	349	1	16	179	95	96	.	69.375
352	9	La5	A5	358	358	1	16	179	95	96	.	69.5
353	9	Sol5	G5	349	349	1	8	357	95	96	.	69.75
354	9	Fa5#4	F5#4	344	344	1	8	357	95	96	.	70
355	9	Sol5	G5	349	349	3	16	536	95	96	.	70.375
356	9	Si5	B5	367	367	1	16	179	95	96	.	70.5
357	9	La5	A5	358	358	1	16	179	95	96	.	70.625
358	9	Sol5	G5	349	349	1	16	179	95	96	.	70.75
359	9	Fa5#4	F5#4	344	344	1	16	179	95	96	.	70.875
360	9	Mi5	E5	336	336	1	16	179	95	96	.	71
361	9	Re5	D5	327	327	1	8	357	95	96	.	71.25
362	9	Si5	B5	367	367	1	16	179	95	96	.	71.375
363	9	Do6	C6	371	371	1	16	179	95	96	.	71.5
364	9	Si5	B5	367	367	1	16	179	95	96	.	71.625
365	9	La5	A5	358	358	1	16	179	95	96	.	71.75
366	9	La5	A5	358	358	1	16	179	95	96	.	71.875
367	9	Sol5	G5	349	349	1	16	179	95	96	.	72
368	9	Sol5	G5	349	349	1	16	179	95	96	.	72.125
369	9	Fa5#4	F5#4	344	344	1	16	179	95	96	.	72.25
370	9	Fa5#4	F5#4	344	344	1	16	179	95	96	.	72.375
371	9	Mi5	E5	336	336	1	16	179	95	96	.	72.5
372	9	Mi5	E5	336	336	1	4	714	95	96	.	73
373	53			0	0	0	0	0	0	0		73
374	9			-1	-1	1	8	357	100	0	.	73.25
375	9	Fa5#4	F5#4	344	344	1	16	179	95	96	.	73.375
376	9	Sol5	G5	349	349	1	8	357	95	96	.	73.625
377	9	Fa5#4	F5#4	344	344	1	16	179	95	96	.	73.75
378	9	Sol5	G5	349	349	1	8	357	95	96	.	74
379	9	Sol5	G5	349	349	1	16	179	95	96	.	74.125
380	9	Si5b4	B5b4	363	363	1	16	179	95	96	.	74.25
381	9	La5	A5	358	358	1	16	179	95	96	.	74.375
382	9	Sol5	G5	349	349	1	16	179	95	96	.	74.5
383	9	Fa5	F5	340	340	1	16	179	95	96	.	74.625
384	9	Mi5	E5	336	336	1	16	179	95	96	.	74.75
385	9	Re5	D5	327	327	1	8	357	95	96	.	75
386	9			-1	-1	1	8	357	100	0	.	75.25
387	9	Mi5	E5	336	336	1	16	179	95	96	.	75.375
388	9	Fa5	F5	340	340	1	8	357	95	96	.	75.625
389	9	Mi5	E5	336	336	1	16	179	95	96	.	75.75
390	9	Fa5	F5	340	340	1	8	357	95	96	.	76
391	9	Fa5	F5	340	340	1	16	179	95	96	.	76.125
392	9	La5	A5	358	358	1	16	179	95	96	.	76.25
393	9	Sol5	G5	349	349	1	16	179	95	96	.	76.375
394	9	Fa5	F5	340	340	1	16	179	95	96	.	76.5
395	9	Mi5	E5	336	336	1	16	179	95	96	.	76.625
396	9	Re5	D5	327	327	1	16	179	95	96	.	76.75
397	9	Do5#4	C5#4	322	322	1	8	357	95	96	.	77
398	53			0	0	0	0	0	0	0		77
399	9			-1	-1	1	8	357	100	0	.	77.25
400	9	Mi5	E5	336	336	1	16	179	95	96	.	77.375
401	9	Fa5	F5	340	340	1	16	179	95	96	.	77.5
402	9	Mi5	E5	336	336	1	16	179	95	96	.	77.625
403	9	Fa5	F5	340	340	1	16	179	95	96	.	77.75
404	9	Mi5	E5	336	336	1	16	179	95	96	.	77.875
405	9	Re5	D5	327	327	1	16	179	95	96	.	78
406	9	Re5	D5	327	327	3	32	268	95	96	.	78.1875
407	9	Do5#4	C5#4	322	322	1	32	89	95	96	.	78.25
408	9	Re5	D5	327	327	1	16	179	95	96	.	78.375
409	9	Mi5	E5	336	336	1	16	179	95	96	.	78.5
410	9	Re5	D5	327	327	1	16	179	95	96	.	78.625
411	9	Mi5	E5	336	336	1	16	179	95	96	.	78.75
412	9	Re5	D5	327	327	1	16	179	95	96	.	78.875
413	9	Do5#4	C5#4	322	322	1	16	179	95	96	.	79
414	9			-1	-1	1	8	357	100	0	.	79.25
415	9	Mi5	E5	336	336	1	16	179	95	96	.	79.375
416	9	Fa5	F5	340	340	1	16	179	95	96	.	79.5
417	9	Mi5	E5	336	336	1	16	179	95	96	.	79.625
418	9	Fa5	F5	340	340	1	16	179	95	96	.	79.75
419	9	Mi5	E5	336	336	1	16	179	95	96	.	79.875
420	9	Re5	D5	327	327	1	16	179	95	96	.	80
421	9	Re5	D5	327	327	3	32	268	95	96	.	80.1875
422	9	Do5#4	C5#4	322	322	1	32	89	95	96	.	80.25
423	9	Re5	D5	327	327	1	16	179	95	96	.	80.375
424	9	Mi5	E5	336	336	1	16	179	95	96	.	80.5
425	9	Re5	D5	327	327	1	16	179	95	96	.	80.625
426	9	Mi5	E5	336	336	1	16	179	95	96	.	80.75
427	9	Re5	D5	327	327	1	16	179	95	96	.	80.875
428	9	Do5#4	C5#4	322	322	1	16	179	95	96	.	81
429	53			0	0	0	0	0	0	0		81
430	9			-1	-1	1	8	357	100	0	.	81.25
431	9	Sol5	G5	349	349	1	16	179	95	96	.	81.375
432	9	Sol5	G5	349	349	1	16	179	95	96	.	81.5
433	9	Sol5	G5	349	349	1	8	357	95	96	.	81.75
434	9	Fa5	F5	340	340	1	16	179	95	96	.	81.875
435	9	Mi5	E5	336	336	1	16	179	95	96	.	82
436	9	Fa5	F5	340	340	1	16	179	95	96	.	82.125
437	9	Mi5	E5	336	336	1	16	179	95	96	.	82.25
438	9	Re5	D5	327	327	1	16	179	95	96	.	82.375
439	9	Mi5	E5	336	336	1	16	179	95	96	.	82.5
440	9	Re5	D5	327	327	1	8	357	95	96	.	82.75
441	9	Do5#4	C5#4	322	322	1	8	357	95	96	.	83
442	9	Re5	D5	327	327	1	16	179	95	96	.	83.125
443	9	Do5#4	C5#4	322	322	1	16	179	95	96	.	83.25
444	9	Si4b4	B4b4	310	310	1	16	179	95	96	.	83.375
445	9	Do5#4	C5#4	322	322	1	16	179	95	96	.	83.5
446	9	Si4b4	B4b4	310	310	1	8	357	95	96	.	83.75
447	9	La4	A4	305	305	1	8	357	95	96	.	84
448	9	La4	A4	305	305	1	8	357	95	96	.	84.25
449	9	Si4b4	B4b4	310	310	1	16	179	95	96	.	84.375
450	9	Do5#4	C5#4	322	322	1	16	179	95	96	.	84.5
451	9	Re5	D5	327	327	1	16	179	95	96	.	84.625
452	9	Mi5	E5	336	336	1	16	179	95	96	.	84.75
453	9	Fa5#4	F5#4	344	344	1	16	179	95	96	.	84.875
454	9	Sol5	G5	349	349	1	16	179	95	96	.	85
455	9	La5	A5	358	358	1	4	714	95	96	.	85.5
456	53			0	0	0	0	0	0	0		85.5
457	9	Fa5#4	F5#4	344	344	1	16	179	99	96	Sa	85.625
458	9	Sol5	G5	349	349	1	16	179	95	96		85.75
459	9	La5	A5	358	358	1	8	357	95	96	rı 	86
460	9	La5	A5	358	358	1	4	714	95	96	kur	86.5
461	9	La5	A5	358	358	1	4	714	95	96	de	87
462	9	Fa5#4	F5#4	344	344	1	16	179	99	96	lem 	87.125
463	9	Sol5	G5	349	349	1	16	179	99	96		87.25
464	9	La5	A5	358	358	1	8	357	95	96		87.5
465	9	La5	A5	358	358	1	4	714	95	96	sa	88
466	9	La5	A5	358	358	1	16	179	99	96	rı  	88.125
467	9	Sol5	G5	349	349	1	16	179	99	96		88.25
468	9	Sol5	G5	349	349	1	16	179	99	96		88.375
469	9	Fa5#4	F5#4	344	344	1	16	179	99	96		88.5
470	9	Sol5	G5	349	349	1	4	714	95	96		89
471	9	Sol5	G5	349	349	1	16	179	95	96	SAZ 	89.125
472	9	Fa5#4	F5#4	344	344	1	16	179	95	96	.	89.25
473	9	Mi5	E5	336	336	1	16	179	95	96	.	89.375
474	9	Re5	D5	327	327	1	16	179	95	96	.	89.5
475	53			0	0	0	0	0	0	0		89.5
476	9	Fa5#4	F5#4	344	344	1	16	179	99	96	Dağ	89.625
477	9	Sol5	G5	349	349	1	16	179	95	96		89.75
478	9	La5	A5	358	358	1	8	357	95	96	la	90
479	9	La5	A5	358	358	1	4	714	95	96	ra 	90.5
480	9	La5	A5	358	358	1	4	714	95	96	sal	91
481	9	Fa5#4	F5#4	344	344	1	16	179	99	96	dım 	91.125
482	9	Sol5	G5	349	349	1	16	179	99	96		91.25
483	9	La5	A5	358	358	1	8	357	95	96		91.5
484	9	La5	A5	358	358	3	16	536	99	96	yâ	91.875
485	9	Si5	B5	367	367	1	16	179	95	96		92
486	9	La5	A5	358	358	1	16	179	99	96	ri  	92.125
487	9	Sol5	G5	349	349	1	16	179	99	96		92.25
488	9	Sol5	G5	349	349	1	16	179	99	96		92.375
489	9	Fa5#4	F5#4	344	344	1	16	179	99	96		92.5
490	9	Sol5	G5	349	349	1	4	714	95	96		93
491	9	Sol5	G5	349	349	1	16	179	95	96	SAZ 	93.125
492	9	Fa5#4	F5#4	344	344	1	16	179	95	96	.	93.25
493	9	Mi5	E5	336	336	1	16	179	95	96	.	93.375
494	9	Re5	D5	327	327	1	16	179	95	96	.	93.5
495	53			0	0	0	0	0	0	0		93.5
496	9	Fa5#4	F5#4	344	344	1	16	179	99	96	Dağ	93.625
497	9	Sol5	G5	349	349	1	16	179	95	96		93.75
498	9	La5	A5	358	358	1	8	357	95	96	lar 	94
499	9	La5	A5	358	358	1	4	714	95	96	kur	94.5
500	9	La5	A5	358	358	1	4	714	95	96	bâ	95
501	9	Fa5#4	F5#4	344	344	1	16	179	99	96	nın 	95.125
502	9	Sol5	G5	349	349	1	16	179	99	96		95.25
503	9	La5	A5	358	358	1	8	357	95	96		95.5
504	9	La5	A5	358	358	1	4	714	95	96	o	96
505	9	La5	A5	358	358	1	16	179	99	96	lam 	96.125
506	9	Sol5	G5	349	349	1	16	179	99	96		96.25
507	9	Sol5	G5	349	349	1	16	179	99	96		96.375
508	9	Fa5#4	F5#4	344	344	1	16	179	95	96		96.5
509	9	La5	A5	358	358	1	8	357	95	96	a	96.75
510	9	Sol5	G5	349	349	1	8	357	100	96	man  	97
511	9	Sol5	G5	349	349	1	2	1428	100	96		98
512	9	Sol5	G5	349	349	1	2	1428	99	96		99
513	53			0	0	0	0	0	0	0		99
514	9	La5	A5	358	358	1	16	179	99	96		99.125
515	9	Fa5#4	F5#4	344	344	1	16	179	99	96		99.25
516	9	Sol5	G5	349	349	1	16	179	99	96		99.375
517	9	Mi5	E5	336	336	1	16	179	99	96		99.5
518	9	Fa5	F5	340	340	1	4	714	99	96		100
519	9	Sol5	G5	349	349	1	16	179	99	96		100.125
520	9	Mi5	E5	336	336	1	16	179	99	96		100.25
521	9	Fa5	F5	340	340	1	16	179	99	96		100.375
522	9	Re5	D5	327	327	1	16	179	99	96		100.5
523	9	Mi5	E5	336	336	1	4	714	99	96		101
524	9	Fa5	F5	340	340	1	16	179	99	96		101.125
525	9	Re5	D5	327	327	1	16	179	99	96		101.25
526	9	Mi5	E5	336	336	1	16	179	99	96		101.375
527	9	Do5#4	C5#4	322	322	1	16	179	99	96		101.5
528	9	Re5	D5	327	327	1	4	714	99	96		102
529	9	Sol5	G5	349	349	1	4	714	95	96		102.5
530	53			0	0	0	0	0	0	0		102.5
531	9	Sol5	G5	349	349	1	8	357	95	96	Tez 	102.75
532	9	Sol5	G5	349	349	1	8	357	95	96	gön	103
533	9	Sol5	G5	349	349	1	16	179	99	96	der 	103.125
534	9	Fa5	F5	340	340	1	16	179	99	96		103.25
535	9	Fa5	F5	340	340	1	16	179	99	96		103.375
536	9	Mi5	E5	336	336	1	16	179	95	96		103.5
537	9	Fa5	F5	340	340	1	16	179	99	96	naz	103.625
538	9	Mi5	E5	336	336	1	16	179	99	96		103.75
539	9	Re5	D5	327	327	1	16	179	99	96		103.875
540	9	Mi5	E5	336	336	1	16	179	95	96		104
541	9	Re5	D5	327	327	1	16	179	99	96	lı 	104.125
542	9	Do5#4	C5#4	322	322	1	8	357	99	96		104.375
543	9	Re5	D5	327	327	1	16	179	95	96		104.5
544	9	Do5#4	C5#4	322	322	1	16	179	99	96	yâ	104.625
545	9	Si4b4	B4b4	310	310	1	16	179	99	96		104.75
546	9	Si4b4	B4b4	310	310	1	16	179	99	96		104.875
547	9	La4	A4	305	305	1	16	179	95	96		105
548	9	La4	A4	305	305	1	4	714	95	96	ri  	105.5
549	9	La4	A4	305	305	1	16	179	95	96	SAZ 	105.625
550	9	Si4b4	B4b4	310	310	1	16	179	95	96	.	105.75
551	9	Do5#4	C5#4	322	322	1	16	179	95	96	.	105.875
552	9	Re5	D5	327	327	1	16	179	95	96	.	106
553	9	Mi5	E5	336	336	1	4	714	95	96	.	106.5
554	53			0	0	0	0	0	0	0		106.5
555	9	Do5#4	C5#4	322	322	1	8	357	95	96	Yan	106.75
556	9	Re5	D5	327	327	1	8	357	95	96	dım 	107
557	9	Mi5	E5	336	336	1	2	1428	99	96	hey 	108
558	9	La5	A5	358	358	1	2	1429	100	96		109
559	9	La5	A5	358	358	1	2	1429	99	96		110
560	53			0	0	0	0	0	0	0		110
561	9	Si5	B5	367	367	1	16	179	99	96		110.125
562	9	Sol5	G5	349	349	1	16	179	99	96		110.25
563	9	La5	A5	358	358	1	16	179	99	96		110.375
564	9	Fa5#4	F5#4	344	344	1	16	179	99	96		110.5
565	9	Sol5	G5	349	349	1	4	714	99	96		111
566	9	La5	A5	358	358	1	16	179	99	96		111.125
567	9	Fa5#4	F5#4	344	344	1	16	179	99	96		111.25
568	9	Sol5	G5	349	349	1	16	179	99	96		111.375
569	9	Mi5	E5	336	336	1	16	179	99	96		111.5
570	9	Fa5	F5	340	340	1	4	714	99	96		112
571	9	Sol5	G5	349	349	1	16	179	99	96		112.125
572	9	Mi5	E5	336	336	1	16	179	99	96		112.25
573	9	Fa5	F5	340	340	1	16	179	99	96		112.375
574	9	Re5	D5	327	327	1	16	179	99	96		112.5
575	9	Mi5	E5	336	336	1	4	714	99	96		113
576	9	Fa5	F5	340	340	1	16	179	99	96		113.125
577	9	Re5	D5	327	327	1	16	179	99	96		113.25
578	9	Mi5	E5	336	336	1	16	179	99	96		113.375
579	9	Do5#4	C5#4	322	322	1	16	179	99	96		113.5
580	9	Re5	D5	327	327	1	8	357	99	96		113.75
581	9	Mi5	E5	336	336	1	16	179	99	96		113.875
582	9	Fa5#4	F5#4	344	344	1	16	179	99	96		114
583	9	Sol5	G5	349	349	1	4	714	95	96		114.5
584	53			0	0	0	0	0	0	0		114.5
585	9	Sol5	G5	349	349	1	8	357	95	96	val	114.75
586	9	Sol5	G5	349	349	1	8	357	95	96	lah 	115
587	9	Sol5	G5	349	349	1	16	179	99	96	yan	115.125
588	9	Fa5	F5	340	340	1	16	179	99	96		115.25
589	9	Fa5	F5	340	340	1	16	179	99	96		115.375
590	9	Mi5	E5	336	336	1	16	179	95	96		115.5
591	9	Fa5	F5	340	340	1	16	179	99	96	dım 	115.625
592	9	Mi5	E5	336	336	1	16	179	99	96		115.75
593	9	Re5	D5	327	327	1	16	179	99	96		115.875
594	9	Mi5	E5	336	336	1	16	179	95	96		116
595	9	Re5	D5	327	327	1	16	179	99	96	es	116.125
596	9	Do5#4	C5#4	322	322	1	8	357	99	96		116.375
597	9	Re5	D5	327	327	1	16	179	95	96		116.5
598	9	Do5#4	C5#4	322	322	1	16	179	99	96	me	116.625
599	9	Si4b4	B4b4	310	310	1	16	179	99	96		116.75
600	9	Si4b4	B4b4	310	310	1	16	179	99	96		116.875
601	9	La4	A4	305	305	1	16	179	95	96		117
602	9	La4	A4	305	305	1	4	714	95	96	rim  	117.5
603	9			-1	-1	1	4	714	100	0		118
604	53			0	0	0	0	0	0	0		118
605	9	Mi5	E5	336	336	1	16	179	95	96	Ben_	118.125
606	9	Fa5	F5	340	340	1	8	357	95	96	es	118.375
607	9	Mi5	E5	336	336	1	16	179	95	96	me	118.5
608	9	Fa5	F5	340	340	1	8	357	95	96	ri 	118.75
609	9			-1	-1	1	8	357	100	0		119
610	9	Fa5	F5	340	340	1	8	357	95	96	fın	119.25
611	9	Mi5	E5	336	336	1	16	179	95	96	dık_	119.375
612	9	Fa5	F5	340	340	1	16	179	95	96	i	119.5
613	9	Mi5	E5	336	336	1	4	714	95	96	le  	120
614	9	Mi5	E5	336	336	1	16	179	95	96	Ben_	120.125
615	9	Fa5	F5	340	340	1	8	357	95	96	es	120.375
616	9	Mi5	E5	336	336	1	16	179	95	96	me	120.5
617	9	Fa5	F5	340	340	1	8	357	95	96	ri 	120.75
618	9			-1	-1	1	8	357	100	0		121
619	9	Fa5	F5	340	340	1	8	357	95	96	fıs	121.25
620	9	Mi5	E5	336	336	1	16	179	95	96	tık_	121.375
621	9	Fa5	F5	340	340	1	16	179	95	96	i	121.5
622	9	Mi5	E5	336	336	1	4	714	95	96	le  	122
623	53			0	0	0	0	0	0	0		122
624	9	Sol5	G5	349	349	1	16	179	95	96	Ben_	122.125
625	9	La5	A5	358	358	3	16	536	95	96	es	122.5
626	9	La5	A5	358	358	1	8	357	95	96	me	122.75
627	9	La5	A5	358	358	1	8	357	95	96	ri 	123
628	9	Sol5	G5	349	349	1	8	357	95	96	bâ	123.25
629	9	Fa5	F5	340	340	1	8	357	95	96	dem_	123.5
630	9	Mi5	E5	336	336	1	8	357	95	96	i	123.75
631	9	Re5	D5	327	327	1	8	357	95	96	le 	124
632	9	Do5#4	C5#4	322	322	3	16	536	99	96	bes	124.375
633	9	Re5	D5	327	327	1	16	179	95	96		124.5
634	9	Do5#4	C5#4	322	322	1	16	179	99	96	le	124.625
635	9	Si4b4	B4b4	310	310	1	16	179	99	96		124.75
636	9	Si4b4	B4b4	310	310	1	16	179	99	96		124.875
637	9	La4	A4	305	305	1	16	179	95	96		125
638	9	La4	A4	305	305	1	4	714	95	96	rim  	125.5
639	9			-1	-1	1	4	714	100	0		126
640	53			0	0	0	0	0	0	0		126
641	9	Mi5	E5	336	336	1	16	179	95	96	Ben_	126.125
642	9	Fa5	F5	340	340	1	8	357	95	96	es	126.375
643	9	Mi5	E5	336	336	1	16	179	95	96	me	126.5
644	9	Fa5	F5	340	340	1	8	357	95	96	ri 	126.75
645	9			-1	-1	1	8	357	100	0		127
646	9	Fa5	F5	340	340	1	8	357	95	96	fın	127.25
647	9	Mi5	E5	336	336	1	16	179	95	96	dık_	127.375
648	9	Fa5	F5	340	340	1	16	179	95	96	i	127.5
649	9	Mi5	E5	336	336	1	4	714	95	96	le  	128
650	9	Mi5	E5	336	336	1	16	179	95	96	Ben_	128.125
651	9	Fa5	F5	340	340	1	8	357	95	96	es	128.375
652	9	Mi5	E5	336	336	1	16	179	95	96	me	128.5
653	9	Fa5	F5	340	340	1	8	357	95	96	ri 	128.75
654	9			-1	-1	1	8	357	100	0		129
655	9	Fa5	F5	340	340	1	8	357	95	96	fıs	129.25
656	9	Mi5	E5	336	336	1	16	179	95	96	tık_	129.375
657	9	Fa5	F5	340	340	1	16	179	95	96	i	129.5
658	9	Mi5	E5	336	336	1	4	714	95	96	le  	130
659	53			0	0	0	0	0	0	0		130
660	9	Sol5	G5	349	349	1	16	179	95	96	Ben_	130.125
661	9	La5	A5	358	358	3	16	536	95	96	es	130.5
662	9	La5	A5	358	358	1	8	357	95	96	me	130.75
663	9	La5	A5	358	358	1	8	357	95	96	ri 	131
664	9	Sol5	G5	349	349	1	8	357	95	96	bâ	131.25
665	9	Fa5	F5	340	340	1	8	357	95	96	dem_	131.5
666	9	Mi5	E5	336	336	1	8	357	95	96	i	131.75
667	9	Re5	D5	327	327	1	8	357	95	96	le 	132
668	9	Do5#4	C5#4	322	322	3	16	536	99	96	bes	132.375
669	9	Re5	D5	327	327	1	16	179	95	96		132.5
670	9	Do5#4	C5#4	322	322	1	16	179	99	96	le	132.625
671	9	Si4b4	B4b4	310	310	1	16	179	99	96		132.75
672	9	Si4b4	B4b4	310	310	1	16	179	99	96		132.875
673	9	La4	A4	305	305	1	16	179	95	96		133
674	9	La4	A4	305	305	1	4	714	95	96	rim  	133.5
675	9			-1	-1	1	4	714	100	0		134
676	53			0	0	0	0	0	0	0		134
