Sýra	Kod	Nota53	NotaAE	Koma53	KomaAE	Pay	Payda	Ms	LNS	Bas	Soz1	Offset
1	9	Sol4	G4	296	296	1	4	909	95	96	1. HANE	0.2
2	9	Sol5	G5	349	349	1	8	455	95	96		0.3
3	9	Sol5	G5	349	349	1	16	227	95	96		0.35
4	9	La5b5	A5b5	353	353	1	16	227	95	90		0.4
5	9	Sol5	G5	349	349	1	16	227	95	96		0.45
6	9	Fa5	F5	340	340	1	16	227	95	90		0.5
7	9	Mi5b5	E5b5	331	331	3	32	341	95	96		0.575
8	9	Re5	D5	327	327	1	32	114	95	90		0.6
9	9	Mi5b5	E5b5	331	331	1	16	227	95	96		0.65
10	9	Fa5	F5	340	340	1	16	227	95	90		0.7
11	9	Sol5	G5	349	349	1	4	909	95	96		0.9
12	9			-1	-1	1	8	455	100	0		1
13	9	Sol5	G5	349	349	1	8	455	95	96		1.1
14	9	La5b5	A5b5	353	353	1	8	455	95	96		1.2
15	9	Do6	C6	371	371	1	8	455	95	96		1.3
16	9	Si5b5	B5b5	362	362	3	16	682	95	96		1.45
17	9	La5b5	A5b5	353	353	1	16	227	95	90		1.5
18	9	Sol5	G5	349	349	3	16	682	95	96		1.65
19	9	Fa5	F5	340	340	1	16	227	95	90		1.7
20	9	Sol5	G5	349	349	1	16	227	95	96		1.75
21	9	Fa5	F5	340	340	1	16	227	95	90		1.8
22	9	Mi5b5	E5b5	331	331	1	16	227	95	96		1.85
23	9	Re5	D5	327	327	1	16	227	95	90		1.9
24	9	Mi5b5	E5b5	331	331	1	16	227	95	96		1.95
25	9	Do5	C5	318	318	1	16	227	95	90		2
26	53			0	0	0	0	0	0	0		2
27	9	Si4b5	B4b5	309	309	3	16	682	95	96		2.15
28	9	Mi5b5	E5b5	331	331	1	16	227	95	90		2.2
29	9	Re5	D5	327	327	1	16	227	95	96		2.25
30	9	Fa5	F5	340	340	1	16	227	95	90		2.3
31	9	Mi5b5	E5b5	331	331	3	16	682	95	96		2.45
32	9	Sol5	G5	349	349	1	16	227	95	90		2.5
33	9	Fa5	F5	340	340	3	16	682	95	96		2.65
34	9	La5b5	A5b5	353	353	1	16	227	95	90		2.7
35	9	Sol5	G5	349	349	1	4	909	95	96		2.9
36	9	Fa5	F5	340	340	1	16	227	95	96		2.95
37	9	Mi5b5	E5b5	331	331	1	16	227	95	90		3
38	9	Mi5b5	E5b5	331	331	3	16	682	95	96		3.15
39	9	Do6	C6	371	371	1	16	227	95	90		3.2
40	9	Si5b5	B5b5	362	362	1	16	227	95	96		3.25
41	9	La5b5	A5b5	353	353	1	16	227	95	90		3.3
42	9	Sol5	G5	349	349	3	16	682	95	96		3.45
43	9	Fa5	F5	340	340	1	16	227	95	90		3.5
44	9	Mi5b5	E5b5	331	331	1	16	227	95	96		3.55
45	9	Re5	D5	327	327	1	16	227	95	90		3.6
46	9	Mi5b5	E5b5	331	331	1	16	227	95	96		3.65
47	9	Fa5	F5	340	340	1	16	227	95	90		3.7
48	9	Sol5	G5	349	349	1	4	909	95	96		3.9
49	9			-1	-1	1	8	455	100	0		4
50	53			0	0	0	0	0	0	0		4
51	9	La5b5	A5b5	353	353	1	8	455	95	96	TESLÝM	4.1
52	9	Sol5	G5	349	349	1	8	455	95	96		4.2
53	9	Fa5	F5	340	340	1	8	455	95	96		4.3
54	9	Mi5b5	E5b5	331	331	3	16	682	95	96		4.45
55	9	Re5	D5	327	327	1	16	227	95	90		4.5
56	9	Do5	C5	318	318	1	16	227	95	96		4.55
57	9	Si4b5	B4b5	309	309	1	16	227	95	90		4.6
58	9	Do5	C5	318	318	1	16	227	95	96		4.65
59	9	Re5	D5	327	327	1	16	227	95	90		4.7
60	9	Mi5b5	E5b5	331	331	1	4	909	95	96		4.9
61	9			-1	-1	1	8	455	100	0		5
62	9	Re5	D5	327	327	1	8	455	95	96		5.1
63	9	Mi5b5	E5b5	331	331	1	8	455	95	96		5.2
64	9	Sol5	G5	349	349	1	8	455	95	96		5.3
65	9	Fa5	F5	340	340	3	16	682	95	96		5.45
66	9	Re5	D5	327	327	1	16	227	95	90		5.5
67	9	Mi5b5	E5b5	331	331	1	16	227	95	96		5.55
68	9	Re5	D5	327	327	1	16	227	95	90		5.6
69	9	Mi5b5	E5b5	331	331	1	16	227	95	96		5.65
70	9	Do5	C5	318	318	1	16	227	95	90		5.7
71	9	Re5	D5	327	327	1	4	909	95	96		5.9
72	9			-1	-1	1	8	455	100	0		6
73	53			0	0	0	0	0	0	0		6
74	9	Sol4	G4	296	296	1	4	909	95	96		6.2
75	9	Mi5b5	E5b5	331	331	1	8	455	95	96		6.3
76	9	Re5	D5	327	327	3	16	682	95	96		6.45
77	9	Do5	C5	318	318	1	16	227	95	90		6.5
78	9	Do5	C5	318	318	3	32	341	95	96		6.575
79	9	Mi5b5	E5b5	331	331	1	32	114	95	90		6.6
80	9	Re5	D5	327	327	1	16	227	95	96		6.65
81	9	Do5	C5	318	318	1	16	227	95	90		6.7
82	9	Do5	C5	318	318	1	4	909	95	96		6.9
83	9			-1	-1	1	8	455	100	0		7
84	9	Si4b5	B4b5	309	309	1	16	227	95	96		7.05
85	9	Do5	C5	318	318	1	16	227	95	90		7.1
86	9	Re5	D5	327	327	1	16	227	95	96		7.15
87	9	Mi5b5	E5b5	331	331	1	16	227	95	90		7.2
88	9	Re5	D5	327	327	1	16	227	95	96		7.25
89	9	Do5	C5	318	318	1	16	227	95	90		7.3
90	9	Si4b5	B4b5	309	309	1	16	227	95	96		7.35
91	9	Re5	D5	327	327	1	16	227	95	90		7.4
92	9	Do5	C5	318	318	1	16	227	95	96		7.45
93	9	Si4b5	B4b5	309	309	1	16	227	95	90		7.5
94	9	Si4b5	B4b5	309	309	1	16	227	95	96		7.55
95	9	La4b5	A4b5	300	300	1	16	227	95	90		7.6
96	9	La4b5	A4b5	300	300	1	16	227	95	96		7.65
97	9	Sol4	G4	296	296	1	16	227	95	90		7.7
98	9	Si4b5	B4b5	309	309	1	16	227	95	96		7.75
99	9	Do5	C5	318	318	1	16	227	95	90		7.8
100	9	Re5	D5	327	327	1	16	227	95	96		7.85
101	9	Mi5b5	E5b5	331	331	1	16	227	95	90		7.9
102	9	Fa5	F5	340	340	1	16	227	95	96		7.95
103	9	Sol5	G5	349	349	1	16	227	95	90		8
104	53			0	0	0	0	0	0	0		8
105	9	La5b5	A5b5	353	353	1	8	455	95	96	TESLÝM	8.1
106	9	Sol5	G5	349	349	1	8	455	95	96		8.2
107	9	Fa5	F5	340	340	1	8	455	95	96		8.3
108	9	Mi5b5	E5b5	331	331	3	16	682	95	96		8.45
109	9	Re5	D5	327	327	1	16	227	95	90		8.5
110	9	Do5	C5	318	318	1	16	227	95	96		8.55
111	9	Si4b5	B4b5	309	309	1	16	227	95	90		8.6
112	9	Do5	C5	318	318	1	16	227	95	96		8.65
113	9	Re5	D5	327	327	1	16	227	95	90		8.7
114	9	Mi5b5	E5b5	331	331	1	4	909	95	96		8.9
115	9			-1	-1	1	8	455	100	0		9
116	9	Re5	D5	327	327	1	8	455	95	96		9.1
117	9	Mi5b5	E5b5	331	331	1	8	455	95	96		9.2
118	9	Sol5	G5	349	349	1	8	455	95	96		9.3
119	9	Fa5	F5	340	340	3	16	682	95	96		9.45
120	9	Re5	D5	327	327	1	16	227	95	90		9.5
121	9	Mi5b5	E5b5	331	331	1	16	227	95	96		9.55
122	9	Re5	D5	327	327	1	16	227	95	90		9.6
123	9	Mi5b5	E5b5	331	331	1	16	227	95	96		9.65
124	9	Do5	C5	318	318	1	16	227	95	90		9.7
125	9	Re5	D5	327	327	1	4	909	95	96		9.9
126	9			-1	-1	1	8	455	100	0		10
127	53			0	0	0	0	0	0	0		10
128	9	Sol4	G4	296	296	1	4	909	95	96		10.2
129	9	Mi5b5	E5b5	331	331	1	8	455	95	96		10.3
130	9	Re5	D5	327	327	3	16	682	95	96		10.45
131	9	Do5	C5	318	318	1	16	227	95	90		10.5
132	9	Do5	C5	318	318	3	32	341	95	96		10.575
133	9	Mi5b5	E5b5	331	331	1	32	114	95	90		10.6
134	9	Re5	D5	327	327	1	16	227	95	96		10.65
135	9	Do5	C5	318	318	1	16	227	95	90		10.7
136	9	Do5	C5	318	318	1	4	909	95	96		10.9
137	9			-1	-1	1	8	455	100	0		11
138	9	Si4b5	B4b5	309	309	1	16	227	95	96		11.05
139	9	Do5	C5	318	318	1	16	227	95	90		11.1
140	9	Re5	D5	327	327	1	16	227	95	96		11.15
141	9	Mi5b5	E5b5	331	331	1	16	227	95	90		11.2
142	9	Re5	D5	327	327	1	16	227	95	96		11.25
143	9	Do5	C5	318	318	1	16	227	95	90		11.3
144	9	Si4b5	B4b5	309	309	1	16	227	95	96		11.35
145	9	Re5	D5	327	327	1	16	227	95	90		11.4
146	9	Do5	C5	318	318	1	16	227	95	96		11.45
147	9	Si4b5	B4b5	309	309	1	16	227	95	90		11.5
148	9	Si4b5	B4b5	309	309	1	16	227	95	96		11.55
149	9	La4b5	A4b5	300	300	1	16	227	95	90		11.6
150	9	La4b5	A4b5	300	300	1	16	227	95	96		11.65
151	9	Sol4	G4	296	296	1	16	227	95	90		11.7
152	9	Sol4	G4	296	296	1	4	909	95	96		11.9
153	9			-1	-1	1	8	455	100	0		12
154	9	Sol4	G4	296	296	1	4	909	95	96	2. HANE	12.2
155	9	Re5	D5	327	327	1	8	455	95	96		12.3
156	9	Re5	D5	327	327	1	16	227	95	96		12.35
157	9	Mi5b4	E5b4	332	332	1	16	227	95	90		12.4
158	9	Re5	D5	327	327	1	16	227	95	96		12.45
159	9	Do5	C5	318	318	1	16	227	95	90		12.5
160	9	Re5	D5	327	327	1	16	227	95	96		12.55
161	9	Do5	C5	318	318	1	16	227	95	90		12.6
162	9	Si4b1	B4b1	313	313	1	16	227	95	96		12.65
163	9	Do5	C5	318	318	1	16	227	95	90		12.7
164	9	Re5	D5	327	327	1	16	227	95	96		12.75
165	9	Mi5b4	E5b4	332	332	1	16	227	95	90		12.8
166	9	Re5	D5	327	327	1	16	227	95	96		12.85
167	9	Mi5b4	E5b4	332	332	1	16	227	95	90		12.9
168	9	Re5	D5	327	327	1	16	227	95	96		12.95
169	9	Do5	C5	318	318	1	16	227	95	90		13
170	9	Si4b1	B4b1	313	313	1	16	227	95	96		13.05
171	9	Do5	C5	318	318	1	16	227	95	90		13.1
172	9	Re5	D5	327	327	1	16	227	95	96		13.15
173	9	Mi5b4	E5b4	332	332	1	16	227	95	90		13.2
174	9	Re5	D5	327	327	1	16	227	95	96		13.25
175	9	Do5	C5	318	318	1	16	227	95	90		13.3
176	9	Si4b1	B4b1	313	313	3	16	682	95	96		13.45
177	9	Do5	C5	318	318	1	16	227	95	90		13.5
178	9	Si4b1	B4b1	313	313	1	16	227	95	96		13.55
179	9	La4b4	A4b4	301	301	1	16	227	95	90		13.6
180	9	La4b4	A4b4	301	301	1	16	227	95	96		13.65
181	9	Sol4	G4	296	296	1	16	227	95	90		13.7
182	9	Sol4	G4	296	296	1	4	909	95	96		13.9
183	53			0	0	0	0	0	0	0		13.9
184	9	Fa4#4	F4#4	291	291	1	8	455	95	96		14
185	9	Sol4	G4	296	296	1	8	455	95	96		14.1
186	9	La4b4	A4b4	301	301	1	8	455	95	96		14.2
187	9	Si4b1	B4b1	313	313	1	8	455	95	96		14.3
188	9	Do5	C5	318	318	3	16	682	95	96		14.45
189	9	Sol4	G4	296	296	1	16	227	95	90		14.5
190	9	La4b4	A4b4	301	301	1	8	455	95	96		14.6
191	9	Si4b1	B4b1	313	313	1	8	455	95	96		14.7
192	9	Do5	C5	318	318	1	8	455	95	96		14.8
193	9	Re5	D5	327	327	1	8	455	95	96		14.9
194	9	Mi5b4	E5b4	332	332	1	8	455	95	96		15
195	9	Do5	C5	318	318	1	8	455	95	96		15.1
196	9	Re5	D5	327	327	1	8	455	95	96		15.2
197	9	Mi5b4	E5b4	332	332	1	8	455	95	96		15.3
198	9	Fa5#4	F5#4	344	344	3	16	682	95	96		15.45
199	9	Mi5b4	E5b4	332	332	1	16	227	95	90		15.5
200	9	Mi5b4	E5b4	332	332	1	16	227	95	96		15.55
201	9	Si5b1	B5b1	366	366	1	16	227	95	90		15.6
202	9	La5b4	A5b4	354	354	1	16	227	95	96		15.65
203	9	Sol5	G5	349	349	1	16	227	95	90		15.7
204	9	Sol5	G5	349	349	1	4	909	95	96		15.9
205	9			-1	-1	1	8	455	100	0		16
206	53			0	0	0	0	0	0	0		16
207	9	La5b5	A5b5	353	353	1	8	455	95	96	TESLÝM	16.1
208	9	Sol5	G5	349	349	1	8	455	95	96		16.2
209	9	Fa5	F5	340	340	1	8	455	95	96		16.3
210	9	Mi5b5	E5b5	331	331	3	16	682	95	96		16.45
211	9	Re5	D5	327	327	1	16	227	95	90		16.5
212	9	Do5	C5	318	318	1	16	227	95	96		16.55
213	9	Si4b5	B4b5	309	309	1	16	227	95	90		16.6
214	9	Do5	C5	318	318	1	16	227	95	96		16.65
215	9	Re5	D5	327	327	1	16	227	95	90		16.7
216	9	Mi5b5	E5b5	331	331	1	4	909	95	96		16.9
217	9			-1	-1	1	8	455	100	0		17
218	9	Re5	D5	327	327	1	8	455	95	96		17.1
219	9	Mi5b5	E5b5	331	331	1	8	455	95	96		17.2
220	9	Sol5	G5	349	349	1	8	455	95	96		17.3
221	9	Fa5	F5	340	340	3	16	682	95	96		17.45
222	9	Re5	D5	327	327	1	16	227	95	90		17.5
223	9	Mi5b5	E5b5	331	331	1	16	227	95	96		17.55
224	9	Re5	D5	327	327	1	16	227	95	90		17.6
225	9	Mi5b5	E5b5	331	331	1	16	227	95	96		17.65
226	9	Do5	C5	318	318	1	16	227	95	90		17.7
227	9	Re5	D5	327	327	1	4	909	95	96		17.9
228	9			-1	-1	1	8	455	100	0		18
229	53			0	0	0	0	0	0	0		18
230	9	Sol4	G4	296	296	1	4	909	95	96		18.2
231	9	Mi5b5	E5b5	331	331	1	8	455	95	96		18.3
232	9	Re5	D5	327	327	3	16	682	95	96		18.45
233	9	Do5	C5	318	318	1	16	227	95	90		18.5
234	9	Do5	C5	318	318	3	32	341	95	96		18.575
235	9	Mi5b5	E5b5	331	331	1	32	114	95	90		18.6
236	9	Re5	D5	327	327	1	16	227	95	96		18.65
237	9	Do5	C5	318	318	1	16	227	95	90		18.7
238	9	Do5	C5	318	318	1	4	909	95	96		18.9
239	9			-1	-1	1	8	455	100	0		19
240	9	Si4b5	B4b5	309	309	1	16	227	95	96		19.05
241	9	Do5	C5	318	318	1	16	227	95	90		19.1
242	9	Re5	D5	327	327	1	16	227	95	96		19.15
243	9	Mi5b5	E5b5	331	331	1	16	227	95	90		19.2
244	9	Re5	D5	327	327	1	16	227	95	96		19.25
245	9	Do5	C5	318	318	1	16	227	95	90		19.3
246	9	Si4b5	B4b5	309	309	1	16	227	95	96		19.35
247	9	Re5	D5	327	327	1	16	227	95	90		19.4
248	9	Do5	C5	318	318	1	16	227	95	96		19.45
249	9	Si4b5	B4b5	309	309	1	16	227	95	90		19.5
250	9	Si4b5	B4b5	309	309	1	16	227	95	96		19.55
251	9	La4b5	A4b5	300	300	1	16	227	95	90		19.6
252	9	La4b5	A4b5	300	300	1	16	227	95	96		19.65
253	9	Sol4	G4	296	296	1	16	227	95	90		19.7
254	9	Si4b5	B4b5	309	309	1	16	227	95	96		19.75
255	9	Do5	C5	318	318	1	16	227	95	90		19.8
256	9	Re5	D5	327	327	1	16	227	95	96		19.85
257	9	Mi5b5	E5b5	331	331	1	16	227	95	90		19.9
258	9	Fa5	F5	340	340	1	16	227	95	96		19.95
259	9	Sol5	G5	349	349	1	16	227	95	90		20
260	53			0	0	0	0	0	0	0		20
261	9	La5b5	A5b5	353	353	1	8	455	95	96	TESLÝM	20.1
262	9	Sol5	G5	349	349	1	8	455	95	96		20.2
263	9	Fa5	F5	340	340	1	8	455	95	96		20.3
264	9	Mi5b5	E5b5	331	331	3	16	682	95	96		20.45
265	9	Re5	D5	327	327	1	16	227	95	90		20.5
266	9	Do5	C5	318	318	1	16	227	95	96		20.55
267	9	Si4b5	B4b5	309	309	1	16	227	95	90		20.6
268	9	Do5	C5	318	318	1	16	227	95	96		20.65
269	9	Re5	D5	327	327	1	16	227	95	90		20.7
270	9	Mi5b5	E5b5	331	331	1	4	909	95	96		20.9
271	9			-1	-1	1	8	455	100	0		21
272	9	Re5	D5	327	327	1	8	455	95	96		21.1
273	9	Mi5b5	E5b5	331	331	1	8	455	95	96		21.2
274	9	Sol5	G5	349	349	1	8	455	95	96		21.3
275	9	Fa5	F5	340	340	3	16	682	95	96		21.45
276	9	Re5	D5	327	327	1	16	227	95	90		21.5
277	9	Mi5b5	E5b5	331	331	1	16	227	95	96		21.55
278	9	Re5	D5	327	327	1	16	227	95	90		21.6
279	9	Mi5b5	E5b5	331	331	1	16	227	95	96		21.65
280	9	Do5	C5	318	318	1	16	227	95	90		21.7
281	9	Re5	D5	327	327	1	4	909	95	96		21.9
282	9			-1	-1	1	8	455	100	0		22
283	53			0	0	0	0	0	0	0		22
284	9	Sol4	G4	296	296	1	4	909	95	96		22.2
285	9	Mi5b5	E5b5	331	331	1	8	455	95	96		22.3
286	9	Re5	D5	327	327	3	16	682	95	96		22.45
287	9	Do5	C5	318	318	1	16	227	95	90		22.5
288	9	Do5	C5	318	318	3	32	341	95	96		22.575
289	9	Mi5b5	E5b5	331	331	1	32	114	95	90		22.6
290	9	Re5	D5	327	327	1	16	227	95	96		22.65
291	9	Do5	C5	318	318	1	16	227	95	90		22.7
292	9	Do5	C5	318	318	1	4	909	95	96		22.9
293	9			-1	-1	1	8	455	100	0		23
294	9	Si4b5	B4b5	309	309	1	16	227	95	96		23.05
295	9	Do5	C5	318	318	1	16	227	95	90		23.1
296	9	Re5	D5	327	327	1	16	227	95	96		23.15
297	9	Mi5b5	E5b5	331	331	1	16	227	95	90		23.2
298	9	Re5	D5	327	327	1	16	227	95	96		23.25
299	9	Do5	C5	318	318	1	16	227	95	90		23.3
300	9	Si4b5	B4b5	309	309	1	16	227	95	96		23.35
301	9	Re5	D5	327	327	1	16	227	95	90		23.4
302	9	Do5	C5	318	318	1	16	227	95	96		23.45
303	9	Si4b5	B4b5	309	309	1	16	227	95	90		23.5
304	9	Si4b5	B4b5	309	309	1	16	227	95	96		23.55
305	9	La4b5	A4b5	300	300	1	16	227	95	90		23.6
306	9	La4b5	A4b5	300	300	1	16	227	95	96		23.65
307	9	Sol4	G4	296	296	1	16	227	95	90		23.7
308	9	Sol4	G4	296	296	1	4	909	95	96		23.9
309	9			-1	-1	1	8	455	100	0		24
310	9	Mi5	E5	336	336	1	16	227	95	96	3. HANE	24.05
311	9	Re5	D5	327	327	1	16	227	95	90		24.1
312	9	Mi5	E5	336	336	1	8	455	95	96		24.2
313	9	Do5	C5	318	318	1	8	455	95	96		24.3
314	9	Si4b5	B4b5	309	309	1	4	909	95	96		24.5
315	9	La5b5	A5b5	353	353	1	16	227	95	96		24.55
316	9	Sol5	G5	349	349	1	16	227	95	90		24.6
317	9	La5b5	A5b5	353	353	1	16	227	95	96		24.65
318	9	Fa5	F5	340	340	1	16	227	95	90		24.7
319	9	Sol5	G5	349	349	1	4	909	95	96		24.9
320	9			-1	-1	1	8	455	100	0		25
321	9	Sol5	G5	349	349	1	8	455	95	96		25.1
322	9	La5b5	A5b5	353	353	1	8	455	95	96		25.2
323	9	La5	A5	358	358	1	8	455	95	96		25.3
324	9	Si5b5	B5b5	362	362	3	16	682	95	96		25.45
325	9	Sol5	G5	349	349	1	16	227	95	90		25.5
326	9	La5b5	A5b5	353	353	1	16	227	95	96		25.55
327	9	Sol5	G5	349	349	1	16	227	95	90		25.6
328	9	Fa5	F5	340	340	1	16	227	95	96		25.65
329	9	Mi5b1	E5b1	335	335	1	16	227	95	90		25.7
330	9	Fa5	F5	340	340	1	4	909	95	96		25.9
331	9			-1	-1	1	8	455	100	0		26
332	53			0	0	0	0	0	0	0		26
333	9	Fa5	F5	340	340	1	8	455	95	96		26.1
334	9	Mi5b1	E5b1	335	335	1	8	455	95	96		26.2
335	9	Fa5	F5	340	340	1	8	455	95	96		26.3
336	9	La5b5	A5b5	353	353	3	16	682	95	96		26.45
337	9	Sol5	G5	349	349	1	16	227	95	90		26.5
338	9	Fa5	F5	340	340	3	16	682	95	96		26.65
339	9	Mi5b4	E5b4	332	332	1	16	227	95	90		26.7
340	9	Re5	D5	327	327	1	8	455	95	96		26.8
341	9	Do5#4	C5#4	322	322	1	8	455	95	96		26.9
342	9	Re5	D5	327	327	1	8	455	95	96		27
343	9	Mi5b4	E5b4	332	332	1	4	909	95	96		27.2
344	9	Fa5#4	F5#4	344	344	1	8	455	95	96		27.3
345	9	Sol5	G5	349	349	1	8	455	95	96		27.4
346	9	Fa5#4	F5#4	344	344	1	16	227	95	96		27.45
347	9	Mi5b4	E5b4	332	332	1	16	227	95	90		27.5
348	9	Mi5b4	E5b4	332	332	1	16	227	95	96		27.55
349	9	Si5b1	B5b1	366	366	1	16	227	95	90		27.6
350	9	La5b4	A5b4	354	354	1	16	227	95	96		27.65
351	9	Sol5	G5	349	349	1	16	227	95	90		27.7
352	9	Sol5	G5	349	349	1	4	909	95	96		27.9
353	9			-1	-1	1	8	455	100	0		28
354	9	La5b5	A5b5	353	353	1	8	455	95	96	TESLÝM	28.1
355	9	Sol5	G5	349	349	1	8	455	95	96		28.2
356	9	Fa5	F5	340	340	1	8	455	95	96		28.3
357	9	Mi5b5	E5b5	331	331	3	16	682	95	96		28.45
358	9	Re5	D5	327	327	1	16	227	95	90		28.5
359	9	Do5	C5	318	318	1	16	227	95	96		28.55
360	9	Si4b5	B4b5	309	309	1	16	227	95	90		28.6
361	9	Do5	C5	318	318	1	16	227	95	96		28.65
362	9	Re5	D5	327	327	1	16	227	95	90		28.7
363	9	Mi5b5	E5b5	331	331	1	4	909	95	96		28.9
364	9			-1	-1	1	8	455	100	0		29
365	9	Re5	D5	327	327	1	8	455	95	96		29.1
366	9	Mi5b5	E5b5	331	331	1	8	455	95	96		29.2
367	9	Sol5	G5	349	349	1	8	455	95	96		29.3
368	9	Fa5	F5	340	340	3	16	682	95	96		29.45
369	9	Re5	D5	327	327	1	16	227	95	90		29.5
370	9	Mi5b5	E5b5	331	331	1	16	227	95	96		29.55
371	9	Re5	D5	327	327	1	16	227	95	90		29.6
372	9	Mi5b5	E5b5	331	331	1	16	227	95	96		29.65
373	9	Do5	C5	318	318	1	16	227	95	90		29.7
374	9	Re5	D5	327	327	1	4	909	95	96		29.9
375	9			-1	-1	1	8	455	100	0		30
376	53			0	0	0	0	0	0	0		30
377	9	Sol4	G4	296	296	1	4	909	95	96		30.2
378	9	Mi5b5	E5b5	331	331	1	8	455	95	96		30.3
379	9	Re5	D5	327	327	3	16	682	95	96		30.45
380	9	Do5	C5	318	318	1	16	227	95	90		30.5
381	9	Do5	C5	318	318	3	32	341	95	96		30.575
382	9	Mi5b5	E5b5	331	331	1	32	114	95	90		30.6
383	9	Re5	D5	327	327	1	16	227	95	96		30.65
384	9	Do5	C5	318	318	1	16	227	95	90		30.7
385	9	Do5	C5	318	318	1	4	909	95	96		30.9
386	9			-1	-1	1	8	455	100	0		31
387	9	Si4b5	B4b5	309	309	1	16	227	95	96		31.05
388	9	Do5	C5	318	318	1	16	227	95	90		31.1
389	9	Re5	D5	327	327	1	16	227	95	96		31.15
390	9	Mi5b5	E5b5	331	331	1	16	227	95	90		31.2
391	9	Re5	D5	327	327	1	16	227	95	96		31.25
392	9	Do5	C5	318	318	1	16	227	95	90		31.3
393	9	Si4b5	B4b5	309	309	1	16	227	95	96		31.35
394	9	Re5	D5	327	327	1	16	227	95	90		31.4
395	9	Do5	C5	318	318	1	16	227	95	96		31.45
396	9	Si4b5	B4b5	309	309	1	16	227	95	90		31.5
397	9	Si4b5	B4b5	309	309	1	16	227	95	96		31.55
398	9	La4b5	A4b5	300	300	1	16	227	95	90		31.6
399	9	La4b5	A4b5	300	300	1	16	227	95	96		31.65
400	9	Sol4	G4	296	296	1	16	227	95	90		31.7
401	9	Si4b5	B4b5	309	309	1	16	227	95	96		31.75
402	9	Do5	C5	318	318	1	16	227	95	90		31.8
403	9	Re5	D5	327	327	1	16	227	95	96		31.85
404	9	Mi5b5	E5b5	331	331	1	16	227	95	90		31.9
405	9	Fa5	F5	340	340	1	16	227	95	96		31.95
406	9	Sol5	G5	349	349	1	16	227	95	90		32
407	53			0	0	0	0	0	0	0		32
408	9	La5b5	A5b5	353	353	1	8	455	95	96	TESLÝM	32.1
409	9	Sol5	G5	349	349	1	8	455	95	96		32.2
410	9	Fa5	F5	340	340	1	8	455	95	96		32.3
411	9	Mi5b5	E5b5	331	331	3	16	682	95	96		32.45
412	9	Re5	D5	327	327	1	16	227	95	90		32.5
413	9	Do5	C5	318	318	1	16	227	95	96		32.55
414	9	Si4b5	B4b5	309	309	1	16	227	95	90		32.6
415	9	Do5	C5	318	318	1	16	227	95	96		32.65
416	9	Re5	D5	327	327	1	16	227	95	90		32.7
417	9	Mi5b5	E5b5	331	331	1	4	909	95	96		32.9
418	9			-1	-1	1	8	455	100	0		33
419	9	Re5	D5	327	327	1	8	455	95	96		33.1
420	9	Mi5b5	E5b5	331	331	1	8	455	95	96		33.2
421	9	Sol5	G5	349	349	1	8	455	95	96		33.3
422	9	Fa5	F5	340	340	3	16	682	95	96		33.45
423	9	Re5	D5	327	327	1	16	227	95	90		33.5
424	9	Mi5b5	E5b5	331	331	1	16	227	95	96		33.55
425	9	Re5	D5	327	327	1	16	227	95	90		33.6
426	9	Mi5b5	E5b5	331	331	1	16	227	95	96		33.65
427	9	Do5	C5	318	318	1	16	227	95	90		33.7
428	9	Re5	D5	327	327	1	4	909	95	96		33.9
429	9			-1	-1	1	8	455	100	0		34
430	53			0	0	0	0	0	0	0		34
431	9	Sol4	G4	296	296	1	4	909	95	96		34.2
432	9	Mi5b5	E5b5	331	331	1	8	455	95	96		34.3
433	9	Re5	D5	327	327	3	16	682	95	96		34.45
434	9	Do5	C5	318	318	1	16	227	95	90		34.5
435	9	Do5	C5	318	318	3	32	341	95	96		34.575
436	9	Mi5b5	E5b5	331	331	1	32	114	95	90		34.6
437	9	Re5	D5	327	327	1	16	227	95	96		34.65
438	9	Do5	C5	318	318	1	16	227	95	90		34.7
439	9	Do5	C5	318	318	1	4	909	95	96		34.9
440	9			-1	-1	1	8	455	100	0		35
441	9	Si4b5	B4b5	309	309	1	16	227	95	96		35.05
442	9	Do5	C5	318	318	1	16	227	95	90		35.1
443	9	Re5	D5	327	327	1	16	227	95	96		35.15
444	9	Mi5b5	E5b5	331	331	1	16	227	95	90		35.2
445	9	Re5	D5	327	327	1	16	227	95	96		35.25
446	9	Do5	C5	318	318	1	16	227	95	90		35.3
447	9	Si4b5	B4b5	309	309	1	16	227	95	96		35.35
448	9	Re5	D5	327	327	1	16	227	95	90		35.4
449	9	Do5	C5	318	318	1	16	227	95	96		35.45
450	9	Si4b5	B4b5	309	309	1	16	227	95	90		35.5
451	9	Si4b5	B4b5	309	309	1	16	227	95	96		35.55
452	9	La4b5	A4b5	300	300	1	16	227	95	90		35.6
453	9	La4b5	A4b5	300	300	1	16	227	95	96		35.65
454	9	Sol4	G4	296	296	1	16	227	95	90		35.7
455	9	Sol4	G4	296	296	1	4	909	95	96		35.9
456	9			-1	-1	1	8	455	100	0		36
457	53			0	0	0	0	0	0	0		36
458	51			0	0	6	4	0	90	0	Yürüksemâî (6/4)	36
459	9	Fa5	F5	340	340	3	16	395	95	96	4. HANE	36.125
460	9	Sol5	G5	349	349	1	16	132	95	90		36.16667
461	9	La5b5	A5b5	353	353	1	12	175	95	96		36.22222
462	9	Sol5	G5	349	349	1	12	175	95	90		36.27778
463	9	Fa5	F5	340	340	1	12	175	95	96		36.33333
464	9	Mi5b5	E5b5	331	331	1	12	175	95	96		36.38889
465	9	Re5	D5	327	327	1	12	175	95	90		36.44444
466	9	Do5	C5	318	318	1	12	175	95	96		36.5
467	9	Mi5b1	E5b1	335	335	3	16	395	95	96		36.625
468	9	Fa5	F5	340	340	1	16	132	95	90		36.66667
469	9	Sol5	G5	349	349	1	4	526	95	96		36.83333
470	9			-1	-1	1	4	526	100	0		37
471	9	Sol5	G5	349	349	1	12	175	95	96		37.05556
472	9	La5b4	A5b4	354	354	1	12	175	95	90		37.11111
473	9	Si5b1	B5b1	366	366	1	12	175	95	96		37.16667
474	9	Do6	C6	371	371	1	12	175	95	96		37.22222
475	9	Si5b1	B5b1	366	366	1	12	175	95	90		37.27778
476	9	La5b4	A5b4	354	354	1	12	175	95	96		37.33333
477	9	La5b4	A5b4	354	354	1	12	175	95	96		37.38889
478	9	Sol5	G5	349	349	1	12	175	95	90		37.44444
479	9	Fa5	F5	340	340	1	12	175	95	96		37.5
480	9	Si5b1	B5b1	366	366	1	12	175	95	96		37.55556
481	9	La5b4	A5b4	354	354	1	12	175	95	90		37.61111
482	9	Sol5	G5	349	349	1	12	175	95	96		37.66667
483	9	Sol5	G5	349	349	1	4	526	95	96		37.83333
484	9			-1	-1	1	4	526	100	0		38
485	53			0	0	0	0	0	0	0		38
486	9	Re5	D5	327	327	3	16	395	95	96		38.125
487	9	Mi5b1	E5b1	335	335	1	16	132	95	90		38.16667
488	9	Fa5	F5	340	340	3	16	395	95	96		38.29167
489	9	Mi5b1	E5b1	335	335	1	16	132	95	90		38.33333
490	9	Fa5	F5	340	340	3	16	395	95	96		38.45833
491	9	Mi5b1	E5b1	335	335	1	16	132	95	90		38.5
492	9	Fa5	F5	340	340	3	16	395	95	96		38.625
493	8	La5b5	A5b5	353	353	0	0	0	95	90		38.625
494	9	Sol5	G5	349	349	1	16	132	95	90		38.66667
495	9	La5b5	A5b5	353	353	1	12	175	95	96		38.72222
496	9	Sol5	G5	349	349	1	12	175	95	90		38.77778
497	9	Fa5	F5	340	340	1	12	175	95	96		38.83333
498	9	Mi5b5	E5b5	331	331	1	12	175	95	96		38.88889
499	9	Re5	D5	327	327	1	12	175	95	90		38.94444
500	9	Do5	C5	318	318	1	12	175	95	96		39
501	9	La5b5	A5b5	353	353	1	12	175	95	96		39.05556
502	9	Sol5	G5	349	349	1	12	175	95	90		39.11111
503	9	Fa5	F5	340	340	1	12	175	95	96		39.16667
504	9	Mi5b5	E5b5	331	331	1	12	175	95	96		39.22222
505	9	Re5	D5	327	327	1	12	175	95	90		39.27778
506	9	Do5	C5	318	318	1	12	175	95	96		39.33333
507	9	Si4b5	B4b5	309	309	3	16	395	95	96		39.45833
508	9	Sol4	G4	296	296	1	16	132	95	90		39.5
509	9	La4b5	A4b5	300	300	3	16	395	95	96		39.625
510	9	Fa4	F4	287	287	1	16	132	95	90		39.66667
511	9	Sol4	G4	296	296	1	4	526	95	96		39.83333
512	9			-1	-1	1	4	526	100	0		40
513	53			0	0	0	0	0	0	0		40
514	9	Fa5	F5	340	340	3	16	395	95	96	4. HANE	40.125
515	9	Sol5	G5	349	349	1	16	132	95	90		40.16667
516	9	La5b5	A5b5	353	353	1	12	175	95	96		40.22222
517	9	Sol5	G5	349	349	1	12	175	95	90		40.27778
518	9	Fa5	F5	340	340	1	12	175	95	96		40.33333
519	9	Mi5b5	E5b5	331	331	1	12	175	95	96		40.38889
520	9	Re5	D5	327	327	1	12	175	95	90		40.44444
521	9	Do5	C5	318	318	1	12	175	95	96		40.5
522	9	Mi5b1	E5b1	335	335	3	16	395	95	96		40.625
523	9	Fa5	F5	340	340	1	16	132	95	90		40.66667
524	9	Sol5	G5	349	349	1	4	526	95	96		40.83333
525	9			-1	-1	1	4	526	100	0		41
526	9	Sol5	G5	349	349	1	12	175	95	96		41.05556
527	9	La5b4	A5b4	354	354	1	12	175	95	90		41.11111
528	9	Si5b1	B5b1	366	366	1	12	175	95	96		41.16667
529	9	Do6	C6	371	371	1	12	175	95	96		41.22222
530	9	Si5b1	B5b1	366	366	1	12	175	95	90		41.27778
531	9	La5b4	A5b4	354	354	1	12	175	95	96		41.33333
532	9	La5b4	A5b4	354	354	1	12	175	95	96		41.38889
533	9	Sol5	G5	349	349	1	12	175	95	90		41.44444
534	9	Fa5	F5	340	340	1	12	175	95	96		41.5
535	9	Si5b1	B5b1	366	366	1	12	175	95	96		41.55556
536	9	La5b4	A5b4	354	354	1	12	175	95	90		41.61111
537	9	Sol5	G5	349	349	1	12	175	95	96		41.66667
538	9	Sol5	G5	349	349	1	4	526	95	96		41.83333
539	9			-1	-1	1	4	526	100	0		42
540	53			0	0	0	0	0	0	0		42
541	9	Re5	D5	327	327	3	16	395	95	96		42.125
542	9	Mi5b1	E5b1	335	335	1	16	132	95	90		42.16667
543	9	Fa5	F5	340	340	3	16	395	95	96		42.29167
544	9	Mi5b1	E5b1	335	335	1	16	132	95	90		42.33333
545	9	Fa5	F5	340	340	3	16	395	95	96		42.45833
546	9	Mi5b1	E5b1	335	335	1	16	132	95	90		42.5
547	9	Fa5	F5	340	340	3	16	395	95	96		42.625
548	8	La5b5	A5b5	353	353	0	0	0	95	90		42.625
549	9	Sol5	G5	349	349	1	16	132	95	90		42.66667
550	9	La5b5	A5b5	353	353	1	12	175	95	96		42.72222
551	9	Sol5	G5	349	349	1	12	175	95	90		42.77778
552	9	Fa5	F5	340	340	1	12	175	95	96		42.83333
553	9	Mi5b5	E5b5	331	331	1	12	175	95	96		42.88889
554	9	Re5	D5	327	327	1	12	175	95	90		42.94444
555	9	Do5	C5	318	318	1	12	175	95	96		43
556	9	La5b5	A5b5	353	353	1	12	175	95	96		43.05556
557	9	Sol5	G5	349	349	1	12	175	95	90		43.11111
558	9	Fa5	F5	340	340	1	12	175	95	96		43.16667
559	9	Mi5b5	E5b5	331	331	1	12	175	95	96		43.22222
560	9	Re5	D5	327	327	1	12	175	95	90		43.27778
561	9	Do5	C5	318	318	1	12	175	95	96		43.33333
562	9	Si4b5	B4b5	309	309	3	16	395	95	96		43.45833
563	9	Sol4	G4	296	296	1	16	132	95	90		43.5
564	9	La4b5	A4b5	300	300	3	16	395	95	96		43.625
565	9	Fa4	F4	287	287	1	16	132	95	90		43.66667
566	9	Sol4	G4	296	296	1	4	526	95	96		43.83333
567	9			-1	-1	1	4	526	100	0		44
568	53			0	0	0	0	0	0	0		44
569	9	La5b5	A5b5	353	353	1	12	175	95	96		44.05556
570	9	Sol5	G5	349	349	1	12	175	95	90		44.11111
571	9	Fa5	F5	340	340	1	12	175	95	96		44.16667
572	9	Mi5b5	E5b5	331	331	1	12	175	95	96		44.22222
573	9	Re5	D5	327	327	1	12	175	95	90		44.27778
574	9	Do5	C5	318	318	1	12	175	95	96		44.33333
575	9	Si4b5	B4b5	309	309	1	12	175	95	96		44.38889
576	9	Do5	C5	318	318	1	12	175	95	90		44.44444
577	9	Re5	D5	327	327	1	12	175	95	96		44.5
578	9	Mi5b5	E5b5	331	331	1	12	175	95	96		44.55556
579	9	Re5	D5	327	327	1	12	175	95	90		44.61111
580	9	Fa5	F5	340	340	1	12	175	95	96		44.66667
581	9	Mi5b5	E5b5	331	331	1	4	526	95	96		44.83333
582	9			-1	-1	1	4	526	100	0		45
583	9	Re5	D5	327	327	3	16	395	95	96		45.125
584	9	Mi5b5	E5b5	331	331	1	16	132	95	90		45.16667
585	9	Mi5b1	E5b1	335	335	3	16	395	95	96		45.29167
586	9	Fa5	F5	340	340	1	16	132	95	90		45.33333
587	9	Fa5#4	F5#4	344	344	3	16	395	95	96		45.45833
588	9	Sol5	G5	349	349	1	16	132	95	90		45.5
589	9	La5b4	A5b4	354	354	1	12	175	95	96		45.55556
590	9	Sol5	G5	349	349	1	12	175	95	90		45.61111
591	9	Fa5#4	F5#4	344	344	1	12	175	95	96		45.66667
592	53			0	0	0	0	0	0	0		45.66667
593	9	Sol5	G5	349	349	3	8	789	95	96		45.91667
594	9	Do6	C6	371	371	1	8	263	95	96		46
595	9	Do6	C6	371	371	3	16	395	95	96		46.125
596	9	Si5b5	B5b5	362	362	1	16	132	95	90		46.16667
597	9	La5b5	A5b5	353	353	3	16	395	95	96		46.29167
598	9	Sol5	G5	349	349	1	16	132	95	90		46.33333
599	9	Fa5	F5	340	340	3	16	395	95	96		46.45833
600	9	Mi5b5	E5b5	331	331	1	16	132	95	90		46.5
601	8	Fa5	F5	340	340	0	0	0	95	90		46.5
602	9	Re5	D5	327	327	3	16	395	95	96		46.625
603	9	Mi5b5	E5b5	331	331	1	16	132	95	90		46.66667
604	9	Do5	C5	318	318	3	8	789	95	96		46.91667
605	9	Si4b5	B4b5	309	309	1	8	263	95	96		47
606	9	Si4b5	B4b5	309	309	1	12	175	95	96		47.05556
607	9	Do5	C5	318	318	1	12	175	95	90		47.11111
608	9	Re5	D5	327	327	1	12	175	95	96		47.16667
609	9	Mi5b5	E5b5	331	331	1	12	175	95	96		47.22222
610	9	Re5	D5	327	327	1	12	175	95	90		47.27778
611	9	Do5	C5	318	318	1	12	175	95	96		47.33333
612	9	Si4b5	B4b5	309	309	3	16	395	95	96		47.45833
613	9	La4b5	A4b5	300	300	1	16	132	95	90		47.5
614	9	La4b5	A4b5	300	300	3	16	395	95	96		47.625
615	9	Sol4	G4	296	296	1	16	132	95	90		47.66667
616	9	Sol4	G4	296	296	1	4	526	95	96		47.83333
617	9			-1	-1	1	4	526	100	0		48
618	53			0	0	0	0	0	0	0		48
619	9	La5b5	A5b5	353	353	1	12	175	95	96		48.05556
620	9	Sol5	G5	349	349	1	12	175	95	90		48.11111
621	9	Fa5	F5	340	340	1	12	175	95	96		48.16667
622	9	Mi5b5	E5b5	331	331	1	12	175	95	96		48.22222
623	9	Re5	D5	327	327	1	12	175	95	90		48.27778
624	9	Do5	C5	318	318	1	12	175	95	96		48.33333
625	9	Si4b5	B4b5	309	309	1	12	175	95	96		48.38889
626	9	Do5	C5	318	318	1	12	175	95	90		48.44444
627	9	Re5	D5	327	327	1	12	175	95	96		48.5
628	9	Mi5b5	E5b5	331	331	1	12	175	95	96		48.55556
629	9	Re5	D5	327	327	1	12	175	95	90		48.61111
630	9	Fa5	F5	340	340	1	12	175	95	96		48.66667
631	9	Mi5b5	E5b5	331	331	1	4	526	95	96		48.83333
632	9			-1	-1	1	4	526	100	0		49
633	9	Re5	D5	327	327	3	16	395	95	96		49.125
634	9	Mi5b5	E5b5	331	331	1	16	132	95	90		49.16667
635	9	Mi5b1	E5b1	335	335	3	16	395	95	96		49.29167
636	9	Fa5	F5	340	340	1	16	132	95	90		49.33333
637	9	Fa5#4	F5#4	344	344	3	16	395	95	96		49.45833
638	9	Sol5	G5	349	349	1	16	132	95	90		49.5
639	9	La5b4	A5b4	354	354	1	12	175	95	96		49.55556
640	9	Sol5	G5	349	349	1	12	175	95	90		49.61111
641	9	Fa5#4	F5#4	344	344	1	12	175	95	96		49.66667
642	53			0	0	0	0	0	0	0		49.66667
643	9	Sol5	G5	349	349	3	8	789	95	96		49.91667
644	9	Do6	C6	371	371	1	8	263	95	96		50
645	9	Do6	C6	371	371	3	16	395	95	96		50.125
646	9	Si5b5	B5b5	362	362	1	16	132	95	90		50.16667
647	9	La5b5	A5b5	353	353	3	16	395	95	96		50.29167
648	9	Sol5	G5	349	349	1	16	132	95	90		50.33333
649	9	Fa5	F5	340	340	3	16	395	95	96		50.45833
650	9	Mi5b5	E5b5	331	331	1	16	132	95	90		50.5
651	8	Fa5	F5	340	340	0	0	0	95	90		50.5
652	9	Re5	D5	327	327	3	16	395	95	96		50.625
653	9	Mi5b5	E5b5	331	331	1	16	132	95	90		50.66667
654	9	Do5	C5	318	318	3	8	789	95	96		50.91667
655	9	Si4b5	B4b5	309	309	1	8	263	95	96		51
656	9	Si4b5	B4b5	309	309	1	12	175	95	96		51.05556
657	9	Do5	C5	318	318	1	12	175	95	90		51.11111
658	9	Re5	D5	327	327	1	12	175	95	96		51.16667
659	9	Mi5b5	E5b5	331	331	1	12	175	95	96		51.22222
660	9	Re5	D5	327	327	1	12	175	95	90		51.27778
661	9	Do5	C5	318	318	1	12	175	95	96		51.33333
662	9	Si4b5	B4b5	309	309	3	16	395	95	96		51.45833
663	9	La4b5	A4b5	300	300	1	16	132	95	90		51.5
664	9	La4b5	A4b5	300	300	3	16	395	95	96		51.625
665	9	Sol4	G4	296	296	1	16	132	95	90		51.66667
666	9	Sol4	G4	296	296	1	4	526	95	96		51.83333
667	9			-1	-1	1	4	526	100	0		52
668	53			0	0	0	0	0	0	0		52
669	51			0	0	10	8	0	30	0		52
670	9	La5b5	A5b5	353	353	1	8	455	95	96	TESLÝM	52.1
671	9	Sol5	G5	349	349	1	8	455	95	96		52.2
672	9	Fa5	F5	340	340	1	8	455	95	96		52.3
673	9	Mi5b5	E5b5	331	331	3	16	682	95	96		52.45
674	9	Re5	D5	327	327	1	16	227	95	90		52.5
675	9	Do5	C5	318	318	1	16	227	95	96		52.55
676	9	Si4b5	B4b5	309	309	1	16	227	95	90		52.6
677	9	Do5	C5	318	318	1	16	227	95	96		52.65
678	9	Re5	D5	327	327	1	16	227	95	90		52.7
679	9	Mi5b5	E5b5	331	331	1	4	909	95	96		52.9
680	9			-1	-1	1	8	455	100	0		53
681	9	Re5	D5	327	327	1	8	455	95	96		53.1
682	9	Mi5b5	E5b5	331	331	1	8	455	95	96		53.2
683	9	Sol5	G5	349	349	1	8	455	95	96		53.3
684	9	Fa5	F5	340	340	3	16	682	95	96		53.45
685	9	Re5	D5	327	327	1	16	227	95	90		53.5
686	9	Mi5b5	E5b5	331	331	1	16	227	95	96		53.55
687	9	Re5	D5	327	327	1	16	227	95	90		53.6
688	9	Mi5b5	E5b5	331	331	1	16	227	95	96		53.65
689	9	Do5	C5	318	318	1	16	227	95	90		53.7
690	9	Re5	D5	327	327	1	4	909	95	96		53.9
691	9			-1	-1	1	8	455	100	0		54
692	53			0	0	0	0	0	0	0		54
693	9	Sol4	G4	296	296	1	4	909	95	96		54.2
694	9	Mi5b5	E5b5	331	331	1	8	455	95	96		54.3
695	9	Re5	D5	327	327	3	16	682	95	96		54.45
696	9	Do5	C5	318	318	1	16	227	95	90		54.5
697	9	Do5	C5	318	318	3	32	341	95	96		54.575
698	9	Mi5b5	E5b5	331	331	1	32	114	95	90		54.6
699	9	Re5	D5	327	327	1	16	227	95	96		54.65
700	9	Do5	C5	318	318	1	16	227	95	90		54.7
701	9	Do5	C5	318	318	1	4	909	95	96		54.9
702	9			-1	-1	1	8	455	100	0		55
703	9	Si4b5	B4b5	309	309	1	16	227	95	96		55.05
704	9	Do5	C5	318	318	1	16	227	95	90		55.1
705	9	Re5	D5	327	327	1	16	227	95	96		55.15
706	9	Mi5b5	E5b5	331	331	1	16	227	95	90		55.2
707	9	Re5	D5	327	327	1	16	227	95	96		55.25
708	9	Do5	C5	318	318	1	16	227	95	90		55.3
709	9	Si4b5	B4b5	309	309	1	16	227	95	96		55.35
710	9	Re5	D5	327	327	1	16	227	95	90		55.4
711	9	Do5	C5	318	318	1	16	227	95	96		55.45
712	9	Si4b5	B4b5	309	309	1	16	227	95	90		55.5
713	9	Si4b5	B4b5	309	309	1	16	227	95	96		55.55
714	9	La4b5	A4b5	300	300	1	16	227	95	90		55.6
715	9	La4b5	A4b5	300	300	1	16	227	95	96		55.65
716	9	Sol4	G4	296	296	1	16	227	95	90		55.7
717	9	Si4b5	B4b5	309	309	1	16	227	95	96		55.75
718	9	Do5	C5	318	318	1	16	227	95	90		55.8
719	9	Re5	D5	327	327	1	16	227	95	96		55.85
720	9	Mi5b5	E5b5	331	331	1	16	227	95	90		55.9
721	9	Fa5	F5	340	340	1	16	227	95	96		55.95
722	9	Sol5	G5	349	349	1	16	227	95	90		56
723	53			0	0	0	0	0	0	0		56
724	9	La5b5	A5b5	353	353	1	8	455	95	96	TESLÝM	56.1
725	9	Sol5	G5	349	349	1	8	455	95	96		56.2
726	9	Fa5	F5	340	340	1	8	455	95	96		56.3
727	9	Mi5b5	E5b5	331	331	3	16	682	95	96		56.45
728	9	Re5	D5	327	327	1	16	227	95	90		56.5
729	9	Do5	C5	318	318	1	16	227	95	96		56.55
730	9	Si4b5	B4b5	309	309	1	16	227	95	90		56.6
731	9	Do5	C5	318	318	1	16	227	95	96		56.65
732	9	Re5	D5	327	327	1	16	227	95	90		56.7
733	9	Mi5b5	E5b5	331	331	1	4	909	95	96		56.9
734	9			-1	-1	1	8	455	100	0		57
735	9	Re5	D5	327	327	1	8	455	95	96		57.1
736	9	Mi5b5	E5b5	331	331	1	8	455	95	96		57.2
737	9	Sol5	G5	349	349	1	8	455	95	96		57.3
738	9	Fa5	F5	340	340	3	16	682	95	96		57.45
739	9	Re5	D5	327	327	1	16	227	95	90		57.5
740	9	Mi5b5	E5b5	331	331	1	16	227	95	96		57.55
741	9	Re5	D5	327	327	1	16	227	95	90		57.6
742	9	Mi5b5	E5b5	331	331	1	16	227	95	96		57.65
743	9	Do5	C5	318	318	1	16	227	95	90		57.7
744	9	Re5	D5	327	327	1	4	909	95	96		57.9
745	9			-1	-1	1	8	455	100	0		58
746	53			0	0	0	0	0	0	0		58
747	9	Sol4	G4	296	296	1	4	909	95	96		58.2
748	9	Mi5b5	E5b5	331	331	1	8	455	95	96		58.3
749	9	Re5	D5	327	327	3	16	682	95	96		58.45
750	9	Do5	C5	318	318	1	16	227	95	90		58.5
751	9	Do5	C5	318	318	3	32	341	95	96		58.575
752	9	Mi5b5	E5b5	331	331	1	32	114	95	90		58.6
753	9	Re5	D5	327	327	1	16	227	95	96		58.65
754	9	Do5	C5	318	318	1	16	227	95	90		58.7
755	9	Do5	C5	318	318	1	4	909	95	96		58.9
756	9			-1	-1	1	8	455	100	0		59
757	9	Si4b5	B4b5	309	309	1	16	227	95	96		59.05
758	9	Do5	C5	318	318	1	16	227	95	90		59.1
759	9	Re5	D5	327	327	1	16	227	95	96		59.15
760	9	Mi5b5	E5b5	331	331	1	16	227	95	90		59.2
761	9	Re5	D5	327	327	1	16	227	95	96		59.25
762	9	Do5	C5	318	318	1	16	227	95	90		59.3
763	9	Si4b5	B4b5	309	309	1	16	227	95	96		59.35
764	9	Re5	D5	327	327	1	16	227	95	90		59.4
765	9	Do5	C5	318	318	1	16	227	95	96		59.45
766	9	Si4b5	B4b5	309	309	1	16	227	95	90		59.5
767	9	Si4b5	B4b5	309	309	1	16	227	95	96		59.55
768	9	La4b5	A4b5	300	300	1	16	227	95	90		59.6
769	9	La4b5	A4b5	300	300	1	16	227	95	96		59.65
770	9	Sol4	G4	296	296	1	16	227	95	90		59.7
771	9	Sol4	G4	296	296	1	4	909	95	96		59.9
772	9			-1	-1	1	8	455	100	0		60
