Sýra	Kod	Nota53	NotaAE	Koma53	KomaAE	Pay	Payda	Ms	LNS	Bas	Soz1	Offset
1	9	Re4	D4	274	274	1	16	167	95	96	ARANAÐME	0.0625
2	9	Mi4	E4	283	283	1	16	167	95	96	.	0.125
3	9	Fa4#3	F4#4	290	291	1	16	167	95	96	.	0.1875
4	9	Sol4	G4	296	296	1	16	167	95	96	.	0.25
5	9	La4	A4	305	305	1	16	167	95	96	.	0.3125
6	9	Si4b2	B4b1	312	313	1	16	167	95	96	.	0.375
7	9	Do5	C5	318	318	1	16	167	95	96	.	0.4375
8	9	Re5	D5	327	327	1	16	167	95	96	.	0.5
9	9	Do5	C5	318	318	3	8	1000	95	96	.	0.875
10	9	Si4b2	B4b1	312	313	1	8	333	95	96	.	1
11	9	Si4b2	B4b1	312	313	1	16	167	95	96	.	1.0625
12	9	Do5	C5	318	318	1	16	167	95	96	.	1.125
13	9	Si4b2	B4b1	312	313	1	16	167	95	96	.	1.1875
14	9	La4	A4	305	305	1	16	167	95	96	.	1.25
15	9	Sol4	G4	296	296	1	8	333	95	96	.	1.375
16	9	Si4b2	B4b1	312	313	1	8	333	95	96	.	1.5
17	9	La4	A4	305	305	1	16	167	95	96	.	1.5625
18	9	Si4b2	B4b1	312	313	1	16	167	95	96	.	1.625
19	9	La4	A4	305	305	1	16	167	95	96	.	1.6875
20	9	Sol4	G4	296	296	1	16	167	95	96	.	1.75
21	9	Fa4#3	F4#4	290	291	1	16	167	95	96	.	1.8125
22	9	Mi4	E4	283	283	1	16	167	95	96	.	1.875
23	9	Re4	D4	274	274	1	8	333	95	96	.	2
24	53			0	0	0	0	0	0	0		2
25	9	Re4	D4	274	274	1	16	167	95	96	.	2.0625
26	9	Mi4	E4	283	283	1	16	167	95	96	.	2.125
27	9	Fa4#3	F4#4	290	291	1	16	167	95	96	.	2.1875
28	9	Sol4	G4	296	296	1	16	167	95	96	.	2.25
29	9	La4	A4	305	305	1	16	167	95	96	.	2.3125
30	9	Si4b2	B4b1	312	313	1	16	167	95	96	.	2.375
31	9	Do5	C5	318	318	1	16	167	95	96	.	2.4375
32	9	Re5	D5	327	327	1	16	167	95	96	.	2.5
33	9	Do5	C5	318	318	3	8	1000	95	96	.	2.875
34	9	Si4b2	B4b1	312	313	1	8	333	95	96	.	3
35	9	Si4b2	B4b1	312	313	1	16	167	95	96	.	3.0625
36	9	Do5	C5	318	318	1	16	167	95	96	.	3.125
37	9	Si4b2	B4b1	312	313	1	16	167	95	96	.	3.1875
38	9	La4	A4	305	305	1	16	167	95	96	.	3.25
39	9	Sol4	G4	296	296	1	8	333	95	96	.	3.375
40	9	Si4b2	B4b1	312	313	1	8	333	95	96	.	3.5
41	9	La4	A4	305	305	1	4	667	95	96	.	3.75
42	9			-1	-1	1	4	667	100	0		4
43	53			0	0	0	0	0	0	0		4
44	9	Re4	D4	274	274	1	16	167	95	96	ARANAÐME	4.0625
45	9	Mi4	E4	283	283	1	16	167	95	96	.	4.125
46	9	Fa4#3	F4#4	290	291	1	16	167	95	96	.	4.1875
47	9	Sol4	G4	296	296	1	16	167	95	96	.	4.25
48	9	La4	A4	305	305	1	16	167	95	96	.	4.3125
49	9	Si4b2	B4b1	312	313	1	16	167	95	96	.	4.375
50	9	Do5	C5	318	318	1	16	167	95	96	.	4.4375
51	9	Re5	D5	327	327	1	16	167	95	96	.	4.5
52	9	Do5	C5	318	318	3	8	1000	95	96	.	4.875
53	9	Si4b2	B4b1	312	313	1	8	333	95	96	.	5
54	9	Si4b2	B4b1	312	313	1	16	167	95	96	.	5.0625
55	9	Do5	C5	318	318	1	16	167	95	96	.	5.125
56	9	Si4b2	B4b1	312	313	1	16	167	95	96	.	5.1875
57	9	La4	A4	305	305	1	16	167	95	96	.	5.25
58	9	Sol4	G4	296	296	1	8	333	95	96	.	5.375
59	9	Si4b2	B4b1	312	313	1	8	333	95	96	.	5.5
60	9	La4	A4	305	305	1	16	167	95	96	.	5.5625
61	9	Si4b2	B4b1	312	313	1	16	167	95	96	.	5.625
62	9	La4	A4	305	305	1	16	167	95	96	.	5.6875
63	9	Sol4	G4	296	296	1	16	167	95	96	.	5.75
64	9	Fa4#3	F4#4	290	291	1	16	167	95	96	.	5.8125
65	9	Mi4	E4	283	283	1	16	167	95	96	.	5.875
66	9	Re4	D4	274	274	1	8	333	95	96	.	6
67	53			0	0	0	0	0	0	0		6
68	9	Re4	D4	274	274	1	16	167	95	96	.	6.0625
69	9	Mi4	E4	283	283	1	16	167	95	96	.	6.125
70	9	Fa4#3	F4#4	290	291	1	16	167	95	96	.	6.1875
71	9	Sol4	G4	296	296	1	16	167	95	96	.	6.25
72	9	La4	A4	305	305	1	16	167	95	96	.	6.3125
73	9	Si4b2	B4b1	312	313	1	16	167	95	96	.	6.375
74	9	Do5	C5	318	318	1	16	167	95	96	.	6.4375
75	9	Re5	D5	327	327	1	16	167	95	96	.	6.5
76	9	Do5	C5	318	318	3	8	1000	95	96	.	6.875
77	9	Si4b2	B4b1	312	313	1	8	333	95	96	.	7
78	9	Si4b2	B4b1	312	313	1	16	167	95	96	.	7.0625
79	9	Do5	C5	318	318	1	16	167	95	96	.	7.125
80	9	Si4b2	B4b1	312	313	1	16	167	95	96	.	7.1875
81	9	La4	A4	305	305	1	16	167	95	96	.	7.25
82	9	Sol4	G4	296	296	1	8	333	95	96	.	7.375
83	9	Si4b2	B4b1	312	313	1	8	333	95	96	.	7.5
84	9	La4	A4	305	305	1	4	667	95	96	.	7.75
85	9	Re5	D5	327	327	1	16	167	95	96	.	7.8125
86	9	Mi5	E5	336	336	1	16	167	95	96	.	7.875
87	9	Fa5#3	F5#4	343	344	1	16	167	95	96	.	7.9375
88	9	Sol5	G5	349	349	1	16	167	95	96	.	8
89	53			0	0	0	0	0	0	0		8
90	9	La5	A5	358	358	1	4	667	95	96	.	8.25
91	9	Fa5#3	F5#4	343	344	1	8	333	95	96	Ça	8.375
92	9	Sol5	G5	349	349	1	8	333	95	96	yýr 	8.5
93	9	La5	A5	358	358	1	4	667	95	96	in	8.75
94	9	La5	A5	358	358	1	4	667	95	96	ce 	9
95	9			-1	-1	1	8	333	100	0		9.125
96	9	Sol5	G5	349	349	1	16	167	99	96	bi	9.1875
97	9	Fa5#3	F5#4	343	344	1	16	167	99	96		9.25
98	9	Sol5	G5	349	349	1	8	333	95	96		9.375
99	9	La5	A5	358	358	1	8	333	95	96	çe	9.5
100	9	Sol5	G5	349	349	1	8	333	99	96	me	9.625
101	9	Fa5	F5	340	340	1	8	333	95	96		9.75
102	9	Mi5	E5	336	336	1	8	333	99	96	dim  	9.875
103	9	Re5	D5	327	327	1	8	333	100	96		10
104	9	Re5	D5	327	327	2	8	667	95	96		10.25
105	53			0	0	0	0	0	0	0		10.25
106	9	Fa5#3	F5#4	343	344	1	8	333	95	96	Ça	10.375
107	9	Sol5	G5	349	349	1	8	333	95	96	yýr 	10.5
108	9	La5	A5	358	358	1	4	667	95	96	in	10.75
109	9	La5	A5	358	358	1	4	667	95	96	ce 	11
110	53			0	0	0	0	0	0	0		11
111	9			-1	-1	1	8	333	100	0		11.125
112	9	Sol5	G5	349	349	1	16	167	99	96	bi	11.1875
113	9	Fa5	F5	340	340	1	16	167	99	96		11.25
114	9	Sol5	G5	349	349	1	8	333	95	96		11.375
115	9	La5	A5	358	358	1	8	333	95	96	çe	11.5
116	9	Sol5	G5	349	349	1	8	333	99	96	me	11.625
117	9	Fa5	F5	340	340	1	8	333	95	96		11.75
118	9	Mi5	E5	336	336	1	8	333	99	96	dim  	11.875
119	9	Re5	D5	327	327	1	8	333	100	96		12
120	9	Re5	D5	327	327	2	8	667	95	96		12.25
121	53			0	0	0	0	0	0	0		12.25
122	9	Mi5	E5	336	336	1	8	333	95	96	So	12.375
123	9	Fa5	F5	340	340	1	8	333	95	96	ðuk 	12.5
124	9	Fa5	F5	340	340	3	16	500	99	96	su	12.6875
125	9	Mi5	E5	336	336	1	16	167	95	96		12.75
126	9	Mi5	E5	336	336	3	16	500	99	96	lar 	12.9375
127	9	Re5	D5	327	327	1	16	167	95	96		13
128	9	Do5	C5	318	318	1	8	333	95	96	i	13.125
129	9	Re5	D5	327	327	1	4	667	99	96	çe	13.375
130	9	Si4b2	B4b1	312	313	1	8	333	95	96		13.5
131	9	Do5	C5	318	318	1	16	167	99	96	me	13.5625
132	9	Si4b2	B4b1	312	313	1	16	167	99	96		13.625
133	9	Do5	C5	318	318	1	16	167	99	96		13.6875
134	9	Re5	D5	327	327	1	16	167	95	96		13.75
135	9	Si4b2	B4b1	312	313	1	8	333	99	96	dim  	13.875
136	9	La4	A4	305	305	1	8	333	100	96		14
137	9	La4	A4	305	305	2	8	667	95	96		14.25
138	53			0	0	0	0	0	0	0		14.25
139	9	Sol5	G5	349	349	1	8	333	95	96	So	14.375
140	9	La5	A5	358	358	1	8	333	95	96	ðuk 	14.5
141	9	Sol5	G5	349	349	1	8	333	99	96	su	14.625
142	9	Fa5	F5	340	340	1	8	333	95	96		14.75
143	9	Mi5	E5	336	336	3	16	500	99	96	lar 	14.9375
144	9	Re5	D5	327	327	1	16	167	95	96		15
145	9	Do5	C5	318	318	1	8	333	95	96	i	15.125
146	9	Re5	D5	327	327	1	4	666	99	96	çe	15.375
147	9	Si4b2	B4b1	312	313	1	8	333	95	96		15.5
148	9	Do5	C5	318	318	1	16	167	99	96	me	15.5625
149	9	Si4b2	B4b1	312	313	1	16	167	99	96		15.625
150	9	Do5	C5	318	318	1	16	167	99	96		15.6875
151	9	Re5	D5	327	327	1	16	167	95	96		15.75
152	9	Si4b2	B4b1	312	313	3	16	500	99	96	dim  	15.9375
153	9	La4	A4	305	305	1	16	167	99	96		16
154	9	La4	A4	305	305	1	4	667	95	96		16.25
155	53			0	0	0	0	0	0	0		16.25
156	9	Fa5#3	F5#4	343	344	1	8	333	95	96	Ba	16.375
157	9	Sol5	G5	349	349	1	8	333	95	96	na 	16.5
158	9	La5	A5	358	358	1	4	667	95	96	yâr	16.75
159	9	La5	A5	358	358	1	4	667	95	96	dan 	17
160	9			-1	-1	1	8	333	100	0		17.125
161	9	Sol5	G5	349	349	1	16	167	99	96	geç 	17.1875
162	9	Fa5#3	F5#4	343	344	1	16	167	99	96		17.25
163	9	Sol5	G5	349	349	1	8	333	95	96		17.375
164	9	La5	A5	358	358	1	8	333	95	96	di	17.5
165	9	Sol5	G5	349	349	1	8	333	99	96	yor	17.625
166	9	Fa5	F5	340	340	1	8	333	95	96		17.75
167	9	Mi5	E5	336	336	1	8	333	99	96	lar  	17.875
168	9	Re5	D5	327	327	1	8	333	100	96		18
169	9	Re5	D5	327	327	2	8	667	95	96		18.25
170	53			0	0	0	0	0	0	0		18.25
171	9	Fa5#3	F5#4	343	344	1	8	333	95	96	Ba	18.375
172	9	Sol5	G5	349	349	1	8	333	95	96	na 	18.5
173	9	La5	A5	358	358	1	4	667	95	96	yâr	18.75
174	9	La5	A5	358	358	1	4	667	95	96	dan 	19
175	9			-1	-1	1	8	333	100	0		19.125
176	9	Sol5	G5	349	349	1	16	167	99	96	geç 	19.1875
177	9	Fa5#3	F5#4	343	344	1	16	167	99	96		19.25
178	9	Sol5	G5	349	349	1	8	333	95	96		19.375
179	9	La5	A5	358	358	1	8	333	95	96	di	19.5
180	9	Sol5	G5	349	349	1	8	333	99	96	yor	19.625
181	9	Fa5	F5	340	340	1	8	333	95	96		19.75
182	9	Mi5	E5	336	336	1	8	333	99	96	lar  	19.875
183	9	Re5	D5	327	327	1	8	333	95	96		20
184	9	Re5	D5	327	327	2	8	667	95	96		20.25
185	53			0	0	0	0	0	0	0		20.25
186	9	Mi5	E5	336	336	1	8	333	95	96	Yâr 	20.375
187	9	Fa5	F5	340	340	1	8	333	95	96	tat	20.5
188	9	Fa5	F5	340	340	3	16	500	99	96	lý	20.6875
189	9	Mi5	E5	336	336	1	16	167	95	96		20.75
190	9	Mi5	E5	336	336	3	16	500	99	96	dýr 	20.9375
191	9	Re5	D5	327	327	1	16	167	95	96		21
192	9	Do5	C5	318	318	1	8	333	95	96	ge	21.125
193	9	Re5	D5	327	327	1	4	666	99	96	çe	21.375
194	9	Si4b2	B4b1	312	313	1	8	333	95	96		21.5
195	9	Do5	C5	318	318	1	16	167	99	96	me	21.5625
196	9	Si4b2	B4b1	312	313	1	16	167	99	96		21.625
197	9	Do5	C5	318	318	1	16	167	99	96		21.6875
198	9	Re5	D5	327	327	1	16	167	95	96		21.75
199	9	Si4b2	B4b1	312	313	1	8	333	99	96	dim  	21.875
200	9	La4	A4	305	305	1	8	333	100	96		22
201	9	La4	A4	305	305	2	8	667	95	96		22.25
202	53			0	0	0	0	0	0	0		22.25
203	9	Sol5	G5	349	349	1	8	333	95	96	Yâr 	22.375
204	9	La5	A5	358	358	1	8	333	95	96	tat	22.5
205	9	Sol5	G5	349	349	1	8	333	99	96	lý	22.625
206	9	Fa5	F5	340	340	1	8	333	95	96		22.75
207	9	Mi5	E5	336	336	1	8	333	99	96	dýr 	22.875
208	9	Re5	D5	327	327	1	8	333	95	96		23
209	9	Do5	C5	318	318	1	8	333	95	96	ge	23.125
210	9	Re5	D5	327	327	1	4	667	99	96	çe	23.375
211	9	Si4b2	B4b1	312	313	1	8	333	95	96		23.5
212	9	Do5	C5	318	318	1	16	167	99	96	me	23.5625
213	9	Si4b2	B4b1	312	313	1	16	167	99	96		23.625
214	9	Do5	C5	318	318	1	16	167	99	96		23.6875
215	9	Re5	D5	327	327	1	16	167	95	96		23.75
216	9	Si4b2	B4b1	312	313	3	16	500	99	96	dim  	23.9375
217	9	La4	A4	305	305	1	16	167	95	96		24
218	53			0	0	0	0	0	0	0		24
219	9	Sol4	G4	296	296	1	8	333	95	96	O	24.125
220	9	Sol4	G4	296	296	1	8	333	95	96	lur 	24.25
221	9	La4	A4	305	305	1	8	333	95	96	de	24.375
222	9	Si4b2	B4b1	312	313	1	8	333	95	96	sin	24.5
223	9	Do5	C5	318	318	1	4	667	99	96	ler 	24.75
224	9	Si4b2	B4b1	312	313	1	8	333	99	96		24.875
225	9	La4	A4	305	305	1	8	333	95	96		25
226	9	La4	A4	305	305	1	8	333	95	96	ol	25.125
227	9	Si4b2	B4b1	312	313	1	16	167	99	96	maz 	25.1875
228	9	La4	A4	305	305	1	16	167	95	96		25.25
229	9	Sol4	G4	296	296	1	8	333	95	96	de	25.375
230	9	Si4b2	B4b1	312	313	1	16	167	99	96	sin	25.4375
231	9	La4	A4	305	305	1	16	167	95	96		25.5
232	9	La4	A4	305	305	1	4	667	95	96	ler  	25.75
233	9			-1	-1	1	4	667	100	0		26
234	53			0	0	0	0	0	0	0		26
235	9	Sol4	G4	296	296	1	8	333	95	96	Her	26.125
236	9	Sol4	G4	296	296	1	8	333	95	96	kes 	26.25
237	9	La4	A4	305	305	1	8	333	95	96	be	26.375
238	9	Si4b2	B4b1	312	313	1	8	333	95	96	ni 	26.5
239	9	Do5	C5	318	318	1	8	333	95	96	sa	26.625
240	9	Do5	C5	318	318	1	8	333	99	96	na 	26.75
241	9	Si4b2	B4b1	312	313	3	16	500	99	96		26.9375
242	9	La4	A4	305	305	1	16	167	95	96		27
243	9	La4	A4	305	305	1	8	333	95	96	vur	27.125
244	9	Si4b2	B4b1	312	313	1	16	167	99	96	gun 	27.1875
245	9	La4	A4	305	305	1	16	167	95	96		27.25
246	9	Sol4	G4	296	296	1	8	333	95	96	de	27.375
247	9	Si4b2	B4b1	312	313	1	16	167	99	96	sin	27.4375
248	9	La4	A4	305	305	1	16	167	95	96		27.5
249	9	La4	A4	305	305	1	4	667	95	96	ler  	27.75
250	9			-1	-1	1	4	667	100	0		28
251	53			0	0	0	0	0	0	0		28
252	9	Sol4	G4	296	296	1	8	333	95	96	Me	28.125
253	9	Sol4	G4	296	296	1	8	333	95	96	ram 	28.25
254	9	La4	A4	305	305	1	8	333	95	96	bað	28.375
255	9	Si4b2	B4b1	312	313	1	8	333	95	96	la	28.5
256	9	Do5	C5	318	318	1	8	333	95	96	rýn	28.625
257	9	Do5	C5	318	318	1	8	333	99	96	da 	28.75
258	9	Si4b2	B4b1	312	313	1	8	333	99	96		28.875
259	9	La4	A4	305	305	1	8	333	95	96		29
260	9	La4	A4	305	305	1	8	333	95	96	kal	29.125
261	9	Si4b2	B4b1	312	313	1	16	167	99	96	dý 	29.1875
262	9	La4	A4	305	305	1	16	167	95	96		29.25
263	9	Sol4	G4	296	296	1	8	333	95	96	de	29.375
264	9	Si4b2	B4b1	312	313	1	16	167	99	96	sin	29.4375
265	9	La4	A4	305	305	1	16	167	95	96		29.5
266	9	La4	A4	305	305	1	4	667	95	96	ler  	29.75
267	9			-1	-1	1	4	667	100	0		30
268	53			0	0	0	0	0	0	0		30
269	9	Sol4	G4	296	296	1	8	333	95	96	O	30.125
270	9	Sol4	G4	296	296	1	8	333	95	96	lur 	30.25
271	9	La4	A4	305	305	1	8	333	95	96	de	30.375
272	9	Si4b2	B4b1	312	313	1	8	333	95	96	sin	30.5
273	9	Do5	C5	318	318	1	4	667	99	96	ler 	30.75
274	9	Si4b2	B4b1	312	313	1	8	333	99	96		30.875
275	9	La4	A4	305	305	1	8	333	95	96		31
276	9	La4	A4	305	305	1	8	333	95	96	ol	31.125
277	9	Si4b2	B4b1	312	313	1	16	167	99	96	maz 	31.1875
278	9	La4	A4	305	305	1	16	167	95	96		31.25
279	9	Sol4	G4	296	296	1	8	333	95	96	de	31.375
280	9	Si4b2	B4b1	312	313	1	16	167	99	96	sin	31.4375
281	9	La4	A4	305	305	1	16	167	95	96		31.5
282	9	La4	A4	305	305	1	4	667	95	96	ler  	31.75
283	9			-1	-1	1	4	667	100	0		32
284	53			0	0	0	0	0	0	0		32
285	9	Sol4	G4	296	296	1	8	333	95	96	Her	32.125
286	9	Sol4	G4	296	296	1	8	333	95	96	kes 	32.25
287	9	La4	A4	305	305	1	8	333	95	96	be	32.375
288	9	Si4b2	B4b1	312	313	1	8	333	95	96	ni 	32.5
289	9	Do5	C5	318	318	1	8	333	95	96	sa	32.625
290	9	Do5	C5	318	318	1	8	333	99	96	na 	32.75
291	9	Si4b2	B4b1	312	313	3	16	500	99	96		32.9375
292	9	La4	A4	305	305	1	16	167	95	96		33
293	9	La4	A4	305	305	1	8	333	95	96	vur	33.125
294	9	Si4b2	B4b1	312	313	1	16	167	99	96	gun 	33.1875
295	9	La4	A4	305	305	1	16	167	95	96		33.25
296	9	Sol4	G4	296	296	1	8	333	95	96	de	33.375
297	9	Si4b2	B4b1	312	313	1	16	167	99	96	sin	33.4375
298	9	La4	A4	305	305	1	16	167	95	96		33.5
299	9	La4	A4	305	305	1	4	667	95	96	ler  	33.75
300	9			-1	-1	1	4	667	100	0		34
301	53			0	0	0	0	0	0	0		34
302	9	Sol4	G4	296	296	1	8	333	95	96	Me	34.125
303	9	Sol4	G4	296	296	1	8	333	95	96	ram 	34.25
304	9	La4	A4	305	305	1	8	333	95	96	bað	34.375
305	9	Si4b2	B4b1	312	313	1	8	333	95	96	la	34.5
306	9	Do5	C5	318	318	1	8	333	95	96	rýn	34.625
307	9	Do5	C5	318	318	1	8	333	99	96	da 	34.75
308	9	Si4b2	B4b1	312	313	1	8	333	99	96		34.875
309	9	La4	A4	305	305	1	8	333	95	96		35
310	9	La4	A4	305	305	1	8	333	95	96	kal	35.125
311	9	Si4b2	B4b1	312	313	1	16	167	99	96	dý 	35.1875
312	9	La4	A4	305	305	1	16	167	95	96		35.25
313	9	Sol4	G4	296	296	1	8	333	95	96	de	35.375
314	9	Si4b2	B4b1	312	313	1	16	167	99	96	sin	35.4375
315	9	La4	A4	305	305	1	16	167	95	96		35.5
316	9	La4	A4	305	305	1	4	667	95	96	ler  	35.75
317	9			-1	-1	1	4	667	100	0		36
318	53			0	0	0	0	0	0	0		36
319	9	Re4	D4	274	274	1	16	167	95	96	ARANAÐME	36.0625
320	9	Mi4	E4	283	283	1	16	167	95	96	.	36.125
321	9	Fa4#3	F4#4	290	291	1	16	167	95	96	.	36.1875
322	9	Sol4	G4	296	296	1	16	167	95	96	.	36.25
323	9	La4	A4	305	305	1	16	167	95	96	.	36.3125
324	9	Si4b2	B4b1	312	313	1	16	167	95	96	.	36.375
325	9	Do5	C5	318	318	1	16	167	95	96	.	36.4375
326	9	Re5	D5	327	327	1	16	167	95	96	.	36.5
327	9	Do5	C5	318	318	3	8	1000	95	96	.	36.875
328	9	Si4b2	B4b1	312	313	1	8	333	95	96	.	37
329	9	Si4b2	B4b1	312	313	1	16	167	95	96	.	37.0625
330	9	Do5	C5	318	318	1	16	167	95	96	.	37.125
331	9	Si4b2	B4b1	312	313	1	16	167	95	96	.	37.1875
332	9	La4	A4	305	305	1	16	167	95	96	.	37.25
333	9	Sol4	G4	296	296	1	8	333	95	96	.	37.375
334	9	Si4b2	B4b1	312	313	1	8	333	95	96	.	37.5
335	9	La4	A4	305	305	1	16	167	95	96	.	37.5625
336	9	Si4b2	B4b1	312	313	1	16	167	95	96	.	37.625
337	9	La4	A4	305	305	1	16	167	95	96	.	37.6875
338	9	Sol4	G4	296	296	1	16	167	95	96	.	37.75
339	9	Fa4#3	F4#4	290	291	1	16	167	95	96	.	37.8125
340	9	Mi4	E4	283	283	1	16	167	95	96	.	37.875
341	9	Re4	D4	274	274	1	8	333	95	96	.	38
342	53			0	0	0	0	0	0	0		38
343	9	Re4	D4	274	274	1	16	167	95	96	.	38.0625
344	9	Mi4	E4	283	283	1	16	167	95	96	.	38.125
345	9	Fa4#3	F4#4	290	291	1	16	167	95	96	.	38.1875
346	9	Sol4	G4	296	296	1	16	167	95	96	.	38.25
347	9	La4	A4	305	305	1	16	167	95	96	.	38.3125
348	9	Si4b2	B4b1	312	313	1	16	167	95	96	.	38.375
349	9	Do5	C5	318	318	1	16	167	95	96	.	38.4375
350	9	Re5	D5	327	327	1	16	167	95	96	.	38.5
351	9	Do5	C5	318	318	3	8	1000	95	96	.	38.875
352	9	Si4b2	B4b1	312	313	1	8	333	95	96	.	39
353	9	Si4b2	B4b1	312	313	1	16	167	95	96	.	39.0625
354	9	Do5	C5	318	318	1	16	167	95	96	.	39.125
355	9	Si4b2	B4b1	312	313	1	16	167	95	96	.	39.1875
356	9	La4	A4	305	305	1	16	167	95	96	.	39.25
357	9	Sol4	G4	296	296	1	8	333	95	96	.	39.375
358	9	Si4b2	B4b1	312	313	1	8	333	95	96	.	39.5
359	9	La4	A4	305	305	1	4	667	95	96	.	39.75
360	9			-1	-1	1	4	667	100	0		40
361	53			0	0	0	0	0	0	0		40
362	9	Re4	D4	274	274	1	16	167	95	96	ARANAÐME	40.0625
363	9	Mi4	E4	283	283	1	16	167	95	96	.	40.125
364	9	Fa4#3	F4#4	290	291	1	16	167	95	96	.	40.1875
365	9	Sol4	G4	296	296	1	16	167	95	96	.	40.25
366	9	La4	A4	305	305	1	16	167	95	96	.	40.3125
367	9	Si4b2	B4b1	312	313	1	16	167	95	96	.	40.375
368	9	Do5	C5	318	318	1	16	167	95	96	.	40.4375
369	9	Re5	D5	327	327	1	16	167	95	96	.	40.5
370	9	Do5	C5	318	318	3	8	1000	95	96	.	40.875
371	9	Si4b2	B4b1	312	313	1	8	333	95	96	.	41
372	9	Si4b2	B4b1	312	313	1	16	167	95	96	.	41.0625
373	9	Do5	C5	318	318	1	16	167	95	96	.	41.125
374	9	Si4b2	B4b1	312	313	1	16	167	95	96	.	41.1875
375	9	La4	A4	305	305	1	16	167	95	96	.	41.25
376	9	Sol4	G4	296	296	1	8	333	95	96	.	41.375
377	9	Si4b2	B4b1	312	313	1	8	333	95	96	.	41.5
378	9	La4	A4	305	305	1	16	167	95	96	.	41.5625
379	9	Si4b2	B4b1	312	313	1	16	167	95	96	.	41.625
380	9	La4	A4	305	305	1	16	167	95	96	.	41.6875
381	9	Sol4	G4	296	296	1	16	167	95	96	.	41.75
382	9	Fa4#3	F4#4	290	291	1	16	167	95	96	.	41.8125
383	9	Mi4	E4	283	283	1	16	167	95	96	.	41.875
384	9	Re4	D4	274	274	1	8	333	95	96	.	42
385	53			0	0	0	0	0	0	0		42
386	9	Re4	D4	274	274	1	16	167	95	96	.	42.0625
387	9	Mi4	E4	283	283	1	16	167	95	96	.	42.125
388	9	Fa4#3	F4#4	290	291	1	16	167	95	96	.	42.1875
389	9	Sol4	G4	296	296	1	16	167	95	96	.	42.25
390	9	La4	A4	305	305	1	16	167	95	96	.	42.3125
391	9	Si4b2	B4b1	312	313	1	16	167	95	96	.	42.375
392	9	Do5	C5	318	318	1	16	167	95	96	.	42.4375
393	9	Re5	D5	327	327	1	16	167	95	96	.	42.5
394	9	Do5	C5	318	318	3	8	1000	95	96	.	42.875
395	9	Si4b2	B4b1	312	313	1	8	333	95	96	.	43
396	9	Si4b2	B4b1	312	313	1	16	167	95	96	.	43.0625
397	9	Do5	C5	318	318	1	16	167	95	96	.	43.125
398	9	Si4b2	B4b1	312	313	1	16	167	95	96	.	43.1875
399	9	La4	A4	305	305	1	16	167	95	96	.	43.25
400	9	Sol4	G4	296	296	1	8	333	95	96	.	43.375
401	9	Si4b2	B4b1	312	313	1	8	333	95	96	.	43.5
402	9	La4	A4	305	305	1	4	667	95	96	.	43.75
403	9	Re5	D5	327	327	1	16	167	95	96	.	43.8125
404	9	Mi5	E5	336	336	1	16	167	95	96	.	43.875
405	9	Fa5#3	F5#4	343	344	1	16	167	95	96	.	43.9375
406	9	Sol5	G5	349	349	1	16	167	95	96	.	44
407	53			0	0	0	0	0	0	0		44
408	9	La5	A5	358	358	1	4	667	95	96	.	44.25
409	9	Fa5#3	F5#4	343	344	1	8	333	95	96	Ça	44.375
410	9	Sol5	G5	349	349	1	8	333	95	96	yýr 	44.5
411	9	La5	A5	358	358	1	4	667	95	96	in	44.75
412	9	La5	A5	358	358	1	4	667	95	96	ce 	45
413	9			-1	-1	1	8	333	100	0		45.125
414	9	Sol5	G5	349	349	1	16	167	99	96	bi	45.1875
415	9	Fa5#3	F5#4	343	344	1	16	167	99	96		45.25
416	9	Sol5	G5	349	349	1	8	333	95	96		45.375
417	9	La5	A5	358	358	1	8	333	95	96	çe	45.5
418	9	Sol5	G5	349	349	1	8	333	99	96	me	45.625
419	9	Fa5	F5	340	340	1	8	333	95	96		45.75
420	9	Mi5	E5	336	336	1	8	333	99	96	dim  	45.875
421	9	Re5	D5	327	327	1	8	333	100	96		46
422	9	Re5	D5	327	327	2	8	667	95	96		46.25
423	53			0	0	0	0	0	0	0		46.25
424	9	Fa5#3	F5#4	343	344	1	8	333	95	96	Ça	46.375
425	9	Sol5	G5	349	349	1	8	333	95	96	yýr 	46.5
426	9	La5	A5	358	358	1	4	667	95	96	in	46.75
427	9	La5	A5	358	358	1	4	667	95	96	ce 	47
428	53			0	0	0	0	0	0	0		47
429	9			-1	-1	1	8	333	100	0		47.125
430	9	Sol5	G5	349	349	1	16	167	99	96	bi	47.1875
431	9	Fa5	F5	340	340	1	16	167	99	96		47.25
432	9	Sol5	G5	349	349	1	8	333	95	96		47.375
433	9	La5	A5	358	358	1	8	333	95	96	çe	47.5
434	9	Sol5	G5	349	349	1	8	333	99	96	me	47.625
435	9	Fa5	F5	340	340	1	8	333	95	96		47.75
436	9	Mi5	E5	336	336	1	8	333	99	96	dim  	47.875
437	9	Re5	D5	327	327	1	8	333	100	96		48
438	9	Re5	D5	327	327	2	8	667	95	96		48.25
439	53			0	0	0	0	0	0	0		48.25
440	9	Mi5	E5	336	336	1	8	333	95	96	So	48.375
441	9	Fa5	F5	340	340	1	8	333	95	96	ðuk 	48.5
442	9	Fa5	F5	340	340	3	16	500	99	96	su	48.6875
443	9	Mi5	E5	336	336	1	16	167	95	96		48.75
444	9	Mi5	E5	336	336	3	16	500	99	96	lar 	48.9375
445	9	Re5	D5	327	327	1	16	167	95	96		49
446	9	Do5	C5	318	318	1	8	333	95	96	i	49.125
447	9	Re5	D5	327	327	1	4	667	99	96	çe	49.375
448	9	Si4b2	B4b1	312	313	1	8	333	95	96		49.5
449	9	Do5	C5	318	318	1	16	167	99	96	me	49.5625
450	9	Si4b2	B4b1	312	313	1	16	167	99	96		49.625
451	9	Do5	C5	318	318	1	16	167	99	96		49.6875
452	9	Re5	D5	327	327	1	16	167	95	96		49.75
453	9	Si4b2	B4b1	312	313	1	8	333	99	96	dim  	49.875
454	9	La4	A4	305	305	1	8	333	100	96		50
455	9	La4	A4	305	305	2	8	667	95	96		50.25
456	53			0	0	0	0	0	0	0		50.25
457	9	Sol5	G5	349	349	1	8	333	95	96	So	50.375
458	9	La5	A5	358	358	1	8	333	95	96	ðuk 	50.5
459	9	Sol5	G5	349	349	1	8	333	99	96	su	50.625
460	9	Fa5	F5	340	340	1	8	333	95	96		50.75
461	9	Mi5	E5	336	336	3	16	500	99	96	lar 	50.9375
462	9	Re5	D5	327	327	1	16	167	95	96		51
463	9	Do5	C5	318	318	1	8	333	95	96	i	51.125
464	9	Re5	D5	327	327	1	4	666	99	96	çe	51.375
465	9	Si4b2	B4b1	312	313	1	8	333	95	96		51.5
466	9	Do5	C5	318	318	1	16	167	99	96	me	51.5625
467	9	Si4b2	B4b1	312	313	1	16	167	99	96		51.625
468	9	Do5	C5	318	318	1	16	167	99	96		51.6875
469	9	Re5	D5	327	327	1	16	167	95	96		51.75
470	9	Si4b2	B4b1	312	313	3	16	500	99	96	dim  	51.9375
471	9	La4	A4	305	305	1	16	167	99	96		52
472	9	La4	A4	305	305	1	4	667	95	96		52.25
473	53			0	0	0	0	0	0	0		52.25
474	9	Fa5#3	F5#4	343	344	1	8	333	95	96	Ba	52.375
475	9	Sol5	G5	349	349	1	8	333	95	96	na 	52.5
476	9	La5	A5	358	358	1	4	667	95	96	yâr	52.75
477	9	La5	A5	358	358	1	4	667	95	96	dan 	53
478	9			-1	-1	1	8	333	100	0		53.125
479	9	Sol5	G5	349	349	1	16	167	99	96	geç 	53.1875
480	9	Fa5#3	F5#4	343	344	1	16	167	99	96		53.25
481	9	Sol5	G5	349	349	1	8	333	95	96		53.375
482	9	La5	A5	358	358	1	8	333	95	96	di	53.5
483	9	Sol5	G5	349	349	1	8	333	99	96	yor	53.625
484	9	Fa5	F5	340	340	1	8	333	95	96		53.75
485	9	Mi5	E5	336	336	1	8	333	99	96	lar  	53.875
486	9	Re5	D5	327	327	1	8	333	100	96		54
487	9	Re5	D5	327	327	2	8	667	95	96		54.25
488	53			0	0	0	0	0	0	0		54.25
489	9	Fa5#3	F5#4	343	344	1	8	333	95	96	Ba	54.375
490	9	Sol5	G5	349	349	1	8	333	95	96	na 	54.5
491	9	La5	A5	358	358	1	4	667	95	96	yâr	54.75
492	9	La5	A5	358	358	1	4	667	95	96	dan 	55
493	9			-1	-1	1	8	333	100	0		55.125
494	9	Sol5	G5	349	349	1	16	167	99	96	geç 	55.1875
495	9	Fa5#3	F5#4	343	344	1	16	167	99	96		55.25
496	9	Sol5	G5	349	349	1	8	333	95	96		55.375
497	9	La5	A5	358	358	1	8	333	95	96	di	55.5
498	9	Sol5	G5	349	349	1	8	333	99	96	yor	55.625
499	9	Fa5	F5	340	340	1	8	333	95	96		55.75
500	9	Mi5	E5	336	336	1	8	333	99	96	lar  	55.875
501	9	Re5	D5	327	327	1	8	333	95	96		56
502	9	Re5	D5	327	327	2	8	667	95	96		56.25
503	53			0	0	0	0	0	0	0		56.25
504	9	Mi5	E5	336	336	1	8	333	95	96	Yâr 	56.375
505	9	Fa5	F5	340	340	1	8	333	95	96	tat	56.5
506	9	Fa5	F5	340	340	3	16	500	99	96	lý	56.6875
507	9	Mi5	E5	336	336	1	16	167	95	96		56.75
508	9	Mi5	E5	336	336	3	16	500	99	96	dýr 	56.9375
509	9	Re5	D5	327	327	1	16	167	95	96		57
510	9	Do5	C5	318	318	1	8	333	95	96	ge	57.125
511	9	Re5	D5	327	327	1	4	666	99	96	çe	57.375
512	9	Si4b2	B4b1	312	313	1	8	333	95	96		57.5
513	9	Do5	C5	318	318	1	16	167	99	96	me	57.5625
514	9	Si4b2	B4b1	312	313	1	16	167	99	96		57.625
515	9	Do5	C5	318	318	1	16	167	99	96		57.6875
516	9	Re5	D5	327	327	1	16	167	95	96		57.75
517	9	Si4b2	B4b1	312	313	1	8	333	99	96	dim  	57.875
518	9	La4	A4	305	305	1	8	333	100	96		58
519	9	La4	A4	305	305	2	8	667	95	96		58.25
520	53			0	0	0	0	0	0	0		58.25
521	9	Sol5	G5	349	349	1	8	333	95	96	Yâr 	58.375
522	9	La5	A5	358	358	1	8	333	95	96	tat	58.5
523	9	Sol5	G5	349	349	1	8	333	99	96	lý	58.625
524	9	Fa5	F5	340	340	1	8	333	95	96		58.75
525	9	Mi5	E5	336	336	1	8	333	99	96	dýr 	58.875
526	9	Re5	D5	327	327	1	8	333	95	96		59
527	9	Do5	C5	318	318	1	8	333	95	96	ge	59.125
528	9	Re5	D5	327	327	1	4	667	99	96	çe	59.375
529	9	Si4b2	B4b1	312	313	1	8	333	95	96		59.5
530	9	Do5	C5	318	318	1	16	167	99	96	me	59.5625
531	9	Si4b2	B4b1	312	313	1	16	167	99	96		59.625
532	9	Do5	C5	318	318	1	16	167	99	96		59.6875
533	9	Re5	D5	327	327	1	16	167	95	96		59.75
534	9	Si4b2	B4b1	312	313	3	16	500	99	96	dim  	59.9375
535	9	La4	A4	305	305	1	16	167	95	96		60
536	53			0	0	0	0	0	0	0		60
537	9	Sol4	G4	296	296	1	8	333	95	96	O	60.125
538	9	Sol4	G4	296	296	1	8	333	95	96	lur 	60.25
539	9	La4	A4	305	305	1	8	333	95	96	de	60.375
540	9	Si4b2	B4b1	312	313	1	8	333	95	96	sin	60.5
541	9	Do5	C5	318	318	1	4	667	99	96	ler 	60.75
542	9	Si4b2	B4b1	312	313	1	8	333	99	96		60.875
543	9	La4	A4	305	305	1	8	333	95	96		61
544	9	La4	A4	305	305	1	8	333	95	96	ol	61.125
545	9	Si4b2	B4b1	312	313	1	16	167	99	96	maz 	61.1875
546	9	La4	A4	305	305	1	16	167	95	96		61.25
547	9	Sol4	G4	296	296	1	8	333	95	96	de	61.375
548	9	Si4b2	B4b1	312	313	1	16	167	99	96	sin	61.4375
549	9	La4	A4	305	305	1	16	167	95	96		61.5
550	9	La4	A4	305	305	1	4	667	95	96	ler  	61.75
551	9			-1	-1	1	4	667	100	0		62
552	53			0	0	0	0	0	0	0		62
553	9	Sol4	G4	296	296	1	8	333	95	96	Her	62.125
554	9	Sol4	G4	296	296	1	8	333	95	96	kes 	62.25
555	9	La4	A4	305	305	1	8	333	95	96	be	62.375
556	9	Si4b2	B4b1	312	313	1	8	333	95	96	ni 	62.5
557	9	Do5	C5	318	318	1	8	333	95	96	sa	62.625
558	9	Do5	C5	318	318	1	8	333	99	96	na 	62.75
559	9	Si4b2	B4b1	312	313	3	16	500	99	96		62.9375
560	9	La4	A4	305	305	1	16	167	95	96		63
561	9	La4	A4	305	305	1	8	333	95	96	vur	63.125
562	9	Si4b2	B4b1	312	313	1	16	167	99	96	gun 	63.1875
563	9	La4	A4	305	305	1	16	167	95	96		63.25
564	9	Sol4	G4	296	296	1	8	333	95	96	de	63.375
565	9	Si4b2	B4b1	312	313	1	16	167	99	96	sin	63.4375
566	9	La4	A4	305	305	1	16	167	95	96		63.5
567	9	La4	A4	305	305	1	4	667	95	96	ler  	63.75
568	9			-1	-1	1	4	667	100	0		64
569	53			0	0	0	0	0	0	0		64
570	9	Sol4	G4	296	296	1	8	333	95	96	Me	64.125
571	9	Sol4	G4	296	296	1	8	333	95	96	ram 	64.25
572	9	La4	A4	305	305	1	8	333	95	96	bað	64.375
573	9	Si4b2	B4b1	312	313	1	8	333	95	96	la	64.5
574	9	Do5	C5	318	318	1	8	333	95	96	rýn	64.625
575	9	Do5	C5	318	318	1	8	333	99	96	da 	64.75
576	9	Si4b2	B4b1	312	313	1	8	333	99	96		64.875
577	9	La4	A4	305	305	1	8	333	95	96		65
578	9	La4	A4	305	305	1	8	333	95	96	kal	65.125
579	9	Si4b2	B4b1	312	313	1	16	167	99	96	dý 	65.1875
580	9	La4	A4	305	305	1	16	167	95	96		65.25
581	9	Sol4	G4	296	296	1	8	333	95	96	de	65.375
582	9	Si4b2	B4b1	312	313	1	16	167	99	96	sin	65.4375
583	9	La4	A4	305	305	1	16	167	95	96		65.5
584	9	La4	A4	305	305	1	4	667	95	96	ler  	65.75
585	9			-1	-1	1	4	667	100	0		66
586	53			0	0	0	0	0	0	0		66
587	9	Sol4	G4	296	296	1	8	333	95	96	O	66.125
588	9	Sol4	G4	296	296	1	8	333	95	96	lur 	66.25
589	9	La4	A4	305	305	1	8	333	95	96	de	66.375
590	9	Si4b2	B4b1	312	313	1	8	333	95	96	sin	66.5
591	9	Do5	C5	318	318	1	4	667	99	96	ler 	66.75
592	9	Si4b2	B4b1	312	313	1	8	333	99	96		66.875
593	9	La4	A4	305	305	1	8	333	95	96		67
594	9	La4	A4	305	305	1	8	333	95	96	ol	67.125
595	9	Si4b2	B4b1	312	313	1	16	167	99	96	maz 	67.1875
596	9	La4	A4	305	305	1	16	167	95	96		67.25
597	9	Sol4	G4	296	296	1	8	333	95	96	de	67.375
598	9	Si4b2	B4b1	312	313	1	16	167	99	96	sin	67.4375
599	9	La4	A4	305	305	1	16	167	95	96		67.5
600	9	La4	A4	305	305	1	4	667	95	96	ler  	67.75
601	9			-1	-1	1	4	667	100	0		68
602	53			0	0	0	0	0	0	0		68
603	9	Sol4	G4	296	296	1	8	333	95	96	Her	68.125
604	9	Sol4	G4	296	296	1	8	333	95	96	kes 	68.25
605	9	La4	A4	305	305	1	8	333	95	96	be	68.375
606	9	Si4b2	B4b1	312	313	1	8	333	95	96	ni 	68.5
607	9	Do5	C5	318	318	1	8	333	95	96	sa	68.625
608	9	Do5	C5	318	318	1	8	333	99	96	na 	68.75
609	9	Si4b2	B4b1	312	313	3	16	500	99	96		68.9375
610	9	La4	A4	305	305	1	16	167	95	96		69
611	9	La4	A4	305	305	1	8	333	95	96	vur	69.125
612	9	Si4b2	B4b1	312	313	1	16	167	99	96	gun 	69.1875
613	9	La4	A4	305	305	1	16	167	95	96		69.25
614	9	Sol4	G4	296	296	1	8	333	95	96	de	69.375
615	9	Si4b2	B4b1	312	313	1	16	167	99	96	sin	69.4375
616	9	La4	A4	305	305	1	16	167	95	96		69.5
617	9	La4	A4	305	305	1	4	667	95	96	ler  	69.75
618	9			-1	-1	1	4	667	100	0		70
619	53			0	0	0	0	0	0	0		70
620	9	Sol4	G4	296	296	1	8	333	95	96	Me	70.125
621	9	Sol4	G4	296	296	1	8	333	95	96	ram 	70.25
622	9	La4	A4	305	305	1	8	333	95	96	bað	70.375
623	9	Si4b2	B4b1	312	313	1	8	333	95	96	la	70.5
624	9	Do5	C5	318	318	1	8	333	95	96	rýn	70.625
625	9	Do5	C5	318	318	1	8	333	99	96	da 	70.75
626	9	Si4b2	B4b1	312	313	1	8	333	99	96		70.875
627	9	La4	A4	305	305	1	8	333	95	96		71
628	9	La4	A4	305	305	1	8	333	95	96	kal	71.125
629	9	Si4b2	B4b1	312	313	1	16	167	99	96	dý 	71.1875
630	9	La4	A4	305	305	1	16	167	95	96		71.25
631	9	Sol4	G4	296	296	1	8	333	95	96	de	71.375
632	9	Si4b2	B4b1	312	313	1	16	167	99	96	sin	71.4375
633	9	La4	A4	305	305	1	16	167	95	96		71.5
634	9	La4	A4	305	305	1	4	667	95	96	ler  	71.75
635	9			-1	-1	1	4	667	100	0		72
636	53			0	0	0	0	0	0	0		72
