Sıra	Kod	Nota53	NotaAE	Koma53	KomaAE	Pay	Payda	Ms	LNS	Bas	Soz1	Offset
1	9	Do5	C5	318	318	1	4	833	95	96	1. HANE	0.25
2	9	Re5	D5	327	327	1	2	1667	95	96		0.75
3	9	Do5	C5	318	318	1	12	278	95	96		0.8333333
4	9	Si4b5	B4b5	309	309	1	12	278	95	96		0.9166667
5	9	Do5	C5	318	318	1	12	278	95	96		1
6	9	Si4b5	B4b5	309	309	3	8	1250	95	96		1.375
7	9	Fa5	F5	340	340	1	8	417	95	96		1.5
8	9	Fa5	F5	340	340	1	16	208	95	96		1.5625
9	9	Mi5b1	E5b1	335	335	1	16	208	95	96		1.625
10	9	Fa5	F5	340	340	1	16	208	95	96		1.6875
11	9	Sol5	G5	349	349	1	16	208	95	96		1.75
12	9	Fa5	F5	340	340	1	8	417	95	96		1.875
13	9	Mi5b5	E5b5	331	331	1	8	417	95	96		2
14	9	Mi5b5	E5b5	331	331	1	16	208	95	96		2.0625
15	9	Re5	D5	327	327	1	16	208	95	96		2.125
16	9	Mi5b5	E5b5	331	331	1	16	208	95	96		2.1875
17	9	Fa5	F5	340	340	1	16	208	95	96		2.25
18	9	Mi5b5	E5b5	331	331	1	8	417	95	96		2.375
19	9	Re5	D5	327	327	1	8	417	95	96		2.5
20	9	Re5	D5	327	327	1	16	208	95	96		2.5625
21	9	Do5	C5	318	318	1	16	208	95	96		2.625
22	9	Re5	D5	327	327	1	16	208	95	96		2.6875
23	9	Mi5b5	E5b5	331	331	1	16	208	95	96		2.75
24	9	Re5	D5	327	327	1	8	417	95	96		2.875
25	9	Do5	C5	318	318	1	8	417	95	96		3
26	9	Si4b5	B4b5	309	309	1	8	417	95	96		3.125
27	9	Fa5	F5	340	340	1	16	208	95	96		3.1875
28	9	Mi5b5	E5b5	331	331	1	16	208	95	96		3.25
29	9	Mi5b5	E5b5	331	331	1	16	208	95	96		3.3125
30	9	Re5	D5	327	327	1	16	208	95	96		3.375
31	9	Re5	D5	327	327	1	16	208	95	96		3.4375
32	9	Do5	C5	318	318	1	16	208	95	96		3.5
33	9	Do5	C5	318	318	1	16	208	95	96		3.5625
34	9	Si4b5	B4b5	309	309	1	16	208	95	96		3.625
35	9	Si4b5	B4b5	309	309	1	16	208	95	96		3.6875
36	9	La4	A4	305	305	1	16	208	95	96		3.75
37	9	Si4b5	B4b5	309	309	1	8	417	95	96		3.875
38	9	Do5	C5	318	318	1	8	417	95	96		4
39	9	Si4b5	B4b5	309	309	1	4	833	95	96		4.25
40	53			0	0	0	0	0	0	0		4.25
41	9	Re5	D5	327	327	1	8	417	95	96		4.375
42	9	Mi5b5	E5b5	331	331	1	8	417	95	96		4.5
43	9	Re5	D5	327	327	1	4	833	95	96		4.75
44	9	Do5	C5	318	318	1	8	417	95	96		4.875
45	9	Re5	D5	327	327	1	8	417	95	96		5
46	9	Do5	C5	318	318	1	8	417	95	96		5.125
47	9	Si4b5	B4b5	309	309	1	16	208	95	96		5.1875
48	9	Do5	C5	318	318	1	16	208	95	96		5.25
49	9	Si4b5	B4b5	309	309	1	8	417	95	96		5.375
50	9	La4	A4	305	305	1	16	208	95	96		5.4375
51	9	Si4b5	B4b5	309	309	1	16	208	95	96		5.5
52	9	La4	A4	305	305	1	8	417	95	96		5.625
53	9	Sol4	G4	296	296	1	16	208	95	96		5.6875
54	9	La4	A4	305	305	1	16	208	95	96		5.75
55	9	Sol4	G4	296	296	1	8	417	95	96		5.875
56	9	Fa4#4	F4#4	291	291	1	8	417	95	96		6
57	9	Sol4	G4	296	296	1	8	417	95	96		6.125
58	9	Re5	D5	327	327	1	4	833	95	96		6.375
59	9	Do5	C5	318	318	1	16	208	95	96		6.4375
60	9	Si4b5	B4b5	309	309	1	16	208	95	96		6.5
61	9	La4	A4	305	305	1	16	208	95	96		6.5625
62	9	Sol4	G4	296	296	1	16	208	95	96		6.625
63	9	Fa4#4	F4#4	291	291	1	16	208	95	96		6.6875
64	9	Mi4b5	E4b5	278	278	1	16	208	95	96		6.75
65	9	Re4	D4	274	274	1	4	833	95	96		7
66	9	Re4	D4	274	274	1	8	417	95	96		7.125
67	9	Sol4	G4	296	296	1	4	833	95	96		7.375
68	9	Fa4#4	F4#4	291	291	1	8	417	95	96		7.5
69	9	Sol4	G4	296	296	1	16	208	95	96		7.5625
70	9	La4	A4	305	305	1	16	208	95	96		7.625
71	9	Sol4	G4	296	296	1	16	208	95	96		7.6875
72	9	Fa4#4	F4#4	291	291	1	16	208	95	96		7.75
73	9	Sol4	G4	296	296	1	8	417	95	96		7.875
74	9	La4	A4	305	305	1	8	417	95	96		8
75	9	Si4b5	B4b5	309	309	3	8	1250	95	96		8.375
76	9	La4	A4	305	305	1	8	417	95	96		8.5
77	9	Sol4	G4	296	296	1	4	833	95	96		8.75
78	9	Fa4#4	F4#4	291	291	1	4	833	95	96		9
79	53			0	0	0	0	0	0	0		9
80	9			-1	-1	1	8	417	100	0		9.125
81	9	Si4b5	B4b5	309	309	1	4	833	95	96		9.375
82	9	La4	A4	305	305	1	8	417	95	96		9.5
83	9	Si4b5	B4b5	309	309	3	16	625	95	96		9.6875
84	9	La4	A4	305	305	1	16	208	95	96		9.75
85	9	Si4b5	B4b5	309	309	1	8	417	95	96		9.875
86	9	Do5	C5	318	318	1	8	417	95	96		10
87	9	Re5	D5	327	327	1	16	208	95	96		10.0625
88	9	Do5	C5	318	318	1	16	208	95	96		10.125
89	9	Re5	D5	327	327	1	16	208	95	96		10.1875
90	9	Mi5b5	E5b5	331	331	1	16	208	95	96		10.25
91	9	Re5	D5	327	327	1	8	417	95	96		10.375
92	9	Do5	C5	318	318	1	8	417	95	96		10.5
93	9	Do5	C5	318	318	1	16	208	95	96		10.5625
94	9	Si4b5	B4b5	309	309	1	16	208	95	96		10.625
95	9	Si4b5	B4b5	309	309	1	16	208	95	96		10.6875
96	9	La4	A4	305	305	1	16	208	95	96		10.75
97	9	La4	A4	305	305	1	16	208	95	96		10.8125
98	9	Sol4	G4	296	296	1	16	208	95	96		10.875
99	9	Sol4	G4	296	296	1	16	208	95	96		10.9375
100	9	Fa4#4	F4#4	291	291	1	16	208	95	96		11
101	9	Sol4	G4	296	296	1	4	833	95	96		11.25
102	9	Re5	D5	327	327	1	8	417	95	96		11.375
103	9	Mi5b5	E5b5	331	331	1	8	417	95	96		11.5
104	9	Re5	D5	327	327	1	4	833	95	96		11.75
105	9	Do5	C5	318	318	1	8	417	95	96		11.875
106	9	Re5	D5	327	327	1	8	417	95	96		12
107	9	Do5	C5	318	318	1	8	417	95	96		12.125
108	9	Si4b5	B4b5	309	309	1	16	208	95	96		12.1875
109	9	Do5	C5	318	318	1	16	208	95	96		12.25
110	9	Si4b5	B4b5	309	309	1	8	417	95	96		12.375
111	9	La4	A4	305	305	1	16	208	95	96		12.4375
112	9	Si4b5	B4b5	309	309	1	16	208	95	96		12.5
113	9	La4	A4	305	305	1	8	417	95	96		12.625
114	9	Sol4	G4	296	296	1	16	208	95	96		12.6875
115	9	La4	A4	305	305	1	16	208	95	96		12.75
116	9	Sol4	G4	296	296	1	8	417	95	96		12.875
117	9	Fa4#4	F4#4	291	291	1	8	417	95	96		13
118	9	Sol4	G4	296	296	3	8	1250	95	96		13.375
119	9	Re4	D4	274	274	1	8	417	95	96		13.5
120	9	Mi4b5	E4b5	278	278	1	8	417	95	96		13.625
121	9	Fa4#4	F4#4	291	291	1	8	417	95	96		13.75
122	9	Sol4	G4	296	296	1	4	833	99	96		14
123	53			0	0	0	0	0	0	0		14
124	9	Sol4	G4	296	296	1	2	1667	95	96		14.5
125	9	Re5	D5	327	327	1	8	417	95	96		14.625
126	9	Mi5b5	E5b5	331	331	1	16	208	95	96		14.6875
127	9	Fa5#4	F5#4	344	344	1	16	208	95	96		14.75
128	9	Mi5b5	E5b5	331	331	1	8	417	95	96		14.875
129	9	Fa5#4	F5#4	344	344	1	16	208	95	96		14.9375
130	9	Sol5	G5	349	349	1	16	208	95	96		15
131	9	Fa5#4	F5#4	344	344	1	16	208	95	96		15.0625
132	9	Mi5b5	E5b5	331	331	1	16	208	95	96		15.125
133	9	Re5	D5	327	327	1	4	833	95	96		15.375
134	9	Re5	D5	327	327	1	16	208	95	96		15.4375
135	9	Do5#4	C5#4	322	322	1	16	208	95	96		15.5
136	9	Do5#4	C5#4	322	322	1	2	1667	95	96		16
137	9	Re5	D5	327	327	1	8	417	95	96		16.125
138	9	Mi5b5	E5b5	331	331	1	8	417	95	96		16.25
139	9	Re5	D5	327	327	1	8	417	95	96		16.375
140	9	Mi5b5	E5b5	331	331	1	8	417	95	96		16.5
141	9	Fa5#4	F5#4	344	344	1	8	417	95	96		16.625
142	9	Sol5	G5	349	349	1	8	417	95	96		16.75
143	9	Fa5#4	F5#4	344	344	1	8	417	95	96		16.875
144	9	Mi5b5	E5b5	331	331	1	8	417	95	96		17
145	53			0	0	0	0	0	0	0		17
146	9	Re5	D5	327	327	1	16	208	95	96		17.0625
147	9	Do5#4	C5#4	322	322	1	16	208	95	96		17.125
148	9	Re5	D5	327	327	1	16	208	95	96		17.1875
149	9	Mi5b5	E5b5	331	331	1	16	208	95	96		17.25
150	9	Fa5#4	F5#4	344	344	1	8	417	95	96		17.375
151	9	Sol5	G5	349	349	1	8	417	95	96		17.5
152	9	Fa5#4	F5#4	344	344	1	8	417	95	96		17.625
153	9	La5	A5	358	358	1	8	417	95	96		17.75
154	9	Sol5	G5	349	349	1	4	833	100	96		18
155	9	Sol5	G5	349	349	1	4	833	95	96		18.25
156	9	Fa5#4	F5#4	344	344	1	8	417	95	96		18.375
157	9	Sol5	G5	349	349	1	8	417	95	96		18.5
158	9	La5	A5	358	358	1	8	417	95	96		18.625
159	9	Si5b5	B5b5	362	362	1	8	417	95	96		18.75
160	9	La5	A5	358	358	1	8	417	95	96		18.875
161	9	Sol5	G5	349	349	1	8	417	95	96		19
162	9	La5	A5	358	358	1	8	417	95	96		19.125
163	9	Sol5	G5	349	349	1	8	417	95	96		19.25
164	9	Fa5#4	F5#4	344	344	1	8	417	95	96		19.375
165	9	Mi5b5	E5b5	331	331	1	8	417	95	96		19.5
166	9	Re5	D5	327	327	1	16	208	95	96		19.5625
167	9	Mi5b5	E5b5	331	331	1	16	208	95	96		19.625
168	9	Fa5#4	F5#4	344	344	1	16	208	95	96		19.6875
169	9	Sol5	G5	349	349	1	16	208	95	96		19.75
170	9	La5	A5	358	358	1	16	208	95	96		19.8125
171	9	Sol5	G5	349	349	1	16	208	95	96		19.875
172	9	Fa5#4	F5#4	344	344	1	16	208	95	96		19.9375
173	9	Mi5b5	E5b5	331	331	1	16	208	95	96		20
175	9	Re5	D5	327	327	1	16	208	95	96		20.0625
176	9	Do5#4	C5#4	322	322	1	16	208	95	96		20.125
177	9	Re5	D5	327	327	1	16	208	95	96		20.1875
178	9	Mi5b5	E5b5	331	331	1	16	208	95	96		20.25
179	9	Fa5#4	F5#4	344	344	1	16	208	95	96		20.3125
180	9	Sol5	G5	349	349	1	16	208	95	96		20.375
181	9	La5	A5	358	358	1	16	208	95	96		20.4375
182	9	Si5b5	B5b5	362	362	1	16	208	95	96		20.5
183	9	La5	A5	358	358	1	16	208	95	96		20.5625
184	9	Sol5	G5	349	349	1	16	208	95	96		20.625
185	9	Sol5	G5	349	349	1	16	208	95	96		20.6875
186	9	Fa5#4	F5#4	344	344	1	16	208	95	96		20.75
187	53			0	0	0	0	0	0	0		20.75
189	9	Sol5	G5	349	349	1	16	208	95	96		20.8125
190	9	Fa5#4	F5#4	344	344	1	16	208	95	96		20.875
191	9	Sol5	G5	349	349	1	16	208	95	96	TESLİM	20.9375
192	9	La5	A5	358	358	1	16	208	95	96		21
193	9	Sol5	G5	349	349	1	8	417	95	96		21.125
194	9	Fa5#4	F5#4	344	344	1	8	417	95	96		21.25
195	9	Fa5#4	F5#4	344	344	1	16	208	95	96		21.3125
196	9	Mi5b5	E5b5	331	331	1	16	208	95	96		21.375
197	9	Fa5#4	F5#4	344	344	1	16	208	95	96		21.4375
198	9	Sol5	G5	349	349	1	16	208	95	96		21.5
199	9	Fa5#4	F5#4	344	344	1	8	417	95	96		21.625
200	9	Mi5b5	E5b5	331	331	1	8	417	95	96		21.75
201	9	Mi5b5	E5b5	331	331	1	16	208	95	96		21.8125
202	9	Re5	D5	327	327	1	16	208	95	96		21.875
203	9	Mi5b5	E5b5	331	331	1	16	208	95	96		21.9375
204	9	Fa5#4	F5#4	344	344	1	16	208	95	96		22
205	9	Mi5b5	E5b5	331	331	1	8	417	95	96		22.125
206	9	Re5	D5	327	327	1	8	417	95	96		22.25
207	9	Re5	D5	327	327	1	16	208	95	96		22.3125
208	9	Mi5b5	E5b5	331	331	1	16	208	95	96		22.375
209	9	Re5	D5	327	327	1	16	208	95	96		22.4375
210	9	Do5	C5	318	318	1	16	208	95	96		22.5
211	9	Do5	C5	318	318	1	16	208	95	96		22.5625
212	9	Si4b5	B4b5	309	309	1	16	208	95	96		22.625
213	9	Si4b5	B4b5	309	309	1	16	208	95	96		22.6875
214	9	La4	A4	305	305	1	16	208	95	96		22.75
215	9	Si4b5	B4b5	309	309	1	4	833	95	96		23
216	9	Do5	C5	318	318	1	8	417	95	96		23.125
217	9	Si4b5	B4b5	309	309	1	8	417	95	96		23.25
218	9	Do5	C5	318	318	1	16	208	95	96		23.3125
219	9	Re5	D5	327	327	1	16	208	95	96		23.375
220	9	Mi5b5	E5b5	331	331	1	16	208	95	96		23.4375
221	9	Sol5	G5	349	349	1	16	208	95	96		23.5
222	9	Fa5	F5	340	340	1	8	417	95	96		23.625
223	9	Mi5b5	E5b5	331	331	1	8	417	95	96		23.75
224	9	Re5	D5	327	327	1	8	417	95	96		23.875
225	9	Mi5b5	E5b5	331	331	1	16	208	95	96		23.9375
226	9	Fa5	F5	340	340	1	16	208	95	96		24
227	9	Mi5b5	E5b5	331	331	1	16	208	95	96		24.0625
228	9	Re5	D5	327	327	1	16	208	95	96		24.125
229	9	Do5	C5	318	318	1	8	417	95	96		24.25
230	9	Si4b5	B4b5	309	309	1	4	833	95	96		24.5
231	9	La4	A4	305	305	1	2	1666	95	96		25
232	53			0	0	0	0	0	0	0		25
233	9	Sol4	G4	296	296	3	16	625	95	96		25.1875
234	9	La4	A4	305	305	1	16	208	95	96		25.25
235	9	Si4b5	B4b5	309	309	1	8	417	95	96		25.375
236	9	Do5	C5	318	318	1	8	417	95	96		25.5
237	9	Re5	D5	327	327	1	4	833	95	96		25.75
238	9	Do5	C5	318	318	1	8	417	95	96		25.875
239	9	Si4b5	B4b5	309	309	1	8	417	95	96		26
240	9	La4	A4	305	305	1	8	417	95	96		26.125
241	9	Sol4	G4	296	296	1	8	417	95	96		26.25
242	9	La4	A4	305	305	1	16	208	95	96		26.3125
243	9	Do5	C5	318	318	1	16	208	95	96		26.375
244	9	Si4b5	B4b5	309	309	1	16	208	95	96		26.4375
245	9	La4	A4	305	305	1	16	208	95	96		26.5
246	9	La4	A4	305	305	1	16	208	95	96		26.5625
247	9	Sol4	G4	296	296	1	16	208	95	96		26.625
248	9	Sol4	G4	296	296	1	16	208	95	96		26.6875
249	9	Fa4#4	F4#4	291	291	1	16	208	95	96		26.75
250	9	Sol4	G4	296	296	3	8	1250	95	96	2. Haneye	27.125
251	9	La4	A4	305	305	1	8	417	95	96		27.25
252	53			0	0	0	0	0	0	0		27.25
253	9	Si4b5	B4b5	309	309	1	2	1667	95	96	2. HANE	27.75
254	9	Sol4	G4	296	296	1	12	278	95	96		27.83333
255	9	Fa4	F4	287	287	1	12	278	95	96		27.91667
256	9	Sol4	G4	296	296	1	12	278	95	96		28
257	9	La4	A4	305	305	1	12	278	95	96		28.08333
258	9	Sol4	G4	296	296	1	12	278	95	96		28.16667
259	9	La4	A4	305	305	1	12	278	95	96		28.25
260	9	Si4b5	B4b5	309	309	1	12	278	95	96		28.33333
261	9	La4	A4	305	305	1	12	278	95	96		28.41667
262	9	Si4b5	B4b5	309	309	1	12	278	95	96		28.5
263	9	Re5	D5	327	327	1	8	417	95	96		28.625
264	9	Do5	C5	318	318	1	16	208	95	96		28.6875
265	9	Si4b5	B4b5	309	309	1	16	208	95	96		28.75
266	9	Si4b5	B4b5	309	309	1	4	833	95	96		29
267	9	La4	A4	305	305	1	8	417	95	96		29.125
268	9	Si4b5	B4b5	309	309	1	8	417	95	96		29.25
269	9	La4	A4	305	305	1	4	833	95	96		29.5
270	9	Fa4#4	F4#4	291	291	3	8	1250	95	96		29.875
271	9	Mi4b5	E4b5	278	278	1	16	208	95	96		29.9375
272	9	Re4	D4	274	274	1	16	208	95	96		30
273	9	Re4	D4	274	274	1	16	208	95	96		30.0625
274	9	Mi4b5	E4b5	278	278	1	16	208	95	96		30.125
275	9	Fa4#4	F4#4	291	291	1	16	208	95	96		30.1875
276	9	Sol4	G4	296	296	1	16	208	95	96		30.25
277	9	La4	A4	305	305	1	16	208	95	96		30.3125
278	9	Sol4	G4	296	296	1	16	208	95	96		30.375
279	9	Fa4#4	F4#4	291	291	1	16	208	95	96		30.4375
280	9	Re4	D4	274	274	1	4	833	95	96		30.6875
281	53			0	0	0	0	0	0	0		30.6875
282	9	La4	A4	305	305	1	8	417	95	96		30.8125
283	9	Si4b5	B4b5	309	309	1	8	417	95	96		30.9375
284	9	La4	A4	305	305	1	4	833	95	96		31.1875
285	9	Sol4	G4	296	296	1	4	833	95	96		31.4375
286	9	La4	A4	305	305	1	8	417	95	96		31.5625
287	9	Si4b5	B4b5	309	309	1	16	208	95	96		31.625
288	9	Do5	C5	318	318	1	16	208	95	96		31.6875
289	9	Si4b5	B4b5	309	309	1	8	417	95	96		31.8125
290	9	La4	A4	305	305	1	8	417	95	96		31.9375
291	9	La4	A4	305	305	1	8	417	95	96		32.0625
292	9	Sol4	G4	296	296	1	16	208	95	96		32.125
293	9	La4	A4	305	305	1	16	208	95	96		32.1875
294	9	Sol4	G4	296	296	1	8	417	95	96		32.3125
295	9	Sol4	G4	296	296	3	8	1250	95	96		32.6875
296	9	Fa4#4	F4#4	291	291	1	16	208	95	96		32.75
297	9	Sol4	G4	296	296	1	16	208	95	96		32.8125
298	9	La4	A4	305	305	1	8	417	95	96		32.9375
299	9	Si4b5	B4b5	309	309	1	8	417	95	96		33.0625
300	9	La4	A4	305	305	1	8	417	95	96		33.1875
301	9	Sol4	G4	296	296	1	8	417	95	96		33.3125
302	53			0	0	0	0	0	0	0		33.3125
303	9	Do5	C5	318	318	3	16	625	95	96		33.5
304	9	Si4b5	B4b5	309	309	1	16	208	95	96		33.5625
305	9	La4	A4	305	305	1	8	417	95	96		33.6875
306	9	Sol4	G4	296	296	1	8	417	95	96		33.8125
307	9	Fa4#4	F4#4	291	291	1	8	417	95	96		33.9375
308	9	Mi4b5	E4b5	278	278	1	8	417	95	96		34.0625
309	9	Re4	D4	274	274	1	8	417	95	96		34.1875
311	9	Re4	D4	274	274	1	4	833	95	96		34.4375
312	9	Re4	D4	274	274	1	8	417	95	96		34.5625
313	9	Mi4b5	E4b5	278	278	1	8	417	95	96		34.6875
314	9	Fa4#4	F4#4	291	291	1	4	833	95	96		34.9375
315	9	Sol4	G4	296	296	1	4	833	95	96		35.1875
316	9	La4	A4	305	305	1	8	417	95	96		35.3125
317	9	Sol4	G4	296	296	1	16	208	95	96		35.375
318	9	La4	A4	305	305	1	16	208	95	96		35.4375
319	9	Si4b5	B4b5	309	309	1	8	417	95	96		35.5625
320	9	La4	A4	305	305	1	16	208	95	96		35.625
321	9	Si4b5	B4b5	309	309	1	16	208	95	96		35.6875
322	9	Do5	C5	318	318	1	8	417	95	96		35.8125
323	9	Si4b5	B4b5	309	309	1	16	208	95	96		35.875
324	9	Do5	C5	318	318	1	16	208	95	96		35.9375
325	9	Re5	D5	327	327	1	4	833	99	96		36.1875
326	53			0	0	0	0	0	0	0		36.1875
327	9	Re5	D5	327	327	1	4	833	95	96		36.4375
328	9	Re5	D5	327	327	1	8	417	95	96		36.5625
329	9	Mi5b5	E5b5	331	331	1	8	417	95	96		36.6875
330	9	Re5	D5	327	327	1	4	833	95	96		36.9375
331	9	Do5	C5	318	318	1	8	417	95	96		37.0625
333	9	Do5	C5	318	318	1	8	417	95	96		37.1875
334	9	Si4b5	B4b5	309	309	1	16	208	95	96		37.25
335	9	Do5	C5	318	318	1	16	208	95	96		37.3125
336	9	Si4b5	B4b5	309	309	1	8	417	95	96		37.4375
337	9	La4	A4	305	305	1	16	208	95	96		37.5
338	9	Si4b5	B4b5	309	309	1	16	208	95	96		37.5625
339	9	La4	A4	305	305	1	8	417	95	96		37.6875
340	9	Sol4	G4	296	296	1	16	208	95	96		37.75
341	9	La4	A4	305	305	1	16	208	95	96		37.8125
342	9	Sol4	G4	296	296	1	8	417	95	96		37.9375
343	9	Sol4	G4	296	296	3	8	1250	95	96		38.3125
344	9	La4	A4	305	305	1	16	208	95	96		38.375
345	9	Si4b1	B4b1	313	313	1	16	208	95	96		38.4375
346	53			0	0	0	0	0	0	0		38.4375
347	9	Do5	C5	318	318	1	8	417	95	96		38.5625
348	9	Re5b5	D5b5	322	322	1	4	833	95	96		38.8125
349	9	Do5	C5	318	318	1	8	417	95	96		38.9375
350	9	Do5	C5	318	318	3	16	625	95	96		39.125
351	9	Si4b5	B4b5	309	309	1	16	208	95	96		39.1875
352	9	La4	A4	305	305	1	8	417	95	96		39.3125
353	9	Do5	C5	318	318	1	8	417	95	96		39.4375
354	9	Re5	D5	327	327	1	16	208	95	96		39.5
355	9	Mi5b5	E5b5	331	331	1	16	208	95	96		39.5625
356	9	Re5	D5	327	327	1	8	417	95	96		39.6875
357	9	Do5	C5	318	318	1	8	417	95	96		39.8125
358	9	Si4b5	B4b5	309	309	1	16	208	95	96		39.875
359	9	Do5	C5	318	318	1	16	208	95	96		39.9375
360	9	Si4b5	B4b5	309	309	1	16	208	95	96		40
361	9	La4	A4	305	305	1	16	208	95	96		40.0625
362	9	Re5	D5	327	327	1	8	417	95	96		40.1875
363	9	Mi5b5	E5b5	331	331	1	4	833	95	96		40.4375
364	9	Re5	D5	327	327	1	8	417	95	96		40.5625
365	9	Re5	D5	327	327	3	16	625	95	96		40.75
366	9	Do5	C5	318	318	1	16	208	95	96		40.8125
367	9	Si4b5	B4b5	309	309	1	8	417	95	96		40.9375
368	9	Re5	D5	327	327	1	16	208	95	96		41
369	9	Do5	C5	318	318	1	16	208	95	96		41.0625
370	9	Re5	D5	327	327	1	16	208	95	96		41.125
371	9	Mi5b5	E5b5	331	331	1	16	208	95	96		41.1875
372	9	Re5	D5	327	327	1	8	417	95	96		41.3125
373	9	Do5	C5	318	318	1	8	417	95	96		41.4375
374	9	Si4b5	B4b5	309	309	1	16	208	95	96		41.5
375	9	Do5	C5	318	318	1	16	208	95	96		41.5625
376	9	Si4b5	B4b5	309	309	1	16	208	95	96		41.625
377	9	La4	A4	305	305	1	16	208	95	96		41.6875
379	9	La4	A4	305	305	1	4	833	95	96		41.9375
380	53			0	0	0	0	0	0	0		41.9375
381	9	La5	A5	358	358	1	8	417	95	96		42.0625
382	9	Si5b5	B5b5	362	362	1	8	417	95	96		42.1875
383	9	La5	A5	358	358	1	4	833	95	96		42.4375
384	9	Fa5#4	F5#4	344	344	3	8	1250	95	96		42.8125
385	9	Mi5b5	E5b5	331	331	1	16	208	95	96		42.875
386	9	Re5	D5	327	327	1	16	208	95	96		42.9375
387	9	Re5	D5	327	327	1	16	208	95	96		43
388	9	Mi5b5	E5b5	331	331	1	16	208	95	96		43.0625
389	9	Fa5#4	F5#4	344	344	1	16	208	95	96		43.125
390	9	Sol5	G5	349	349	1	16	208	95	96		43.1875
391	9	La5	A5	358	358	1	16	208	95	96		43.25
392	9	Sol5	G5	349	349	1	16	208	95	96		43.3125
393	9	Mi5b5	E5b5	331	331	1	16	208	95	96		43.375
394	9	Re5	D5	327	327	1	16	208	95	96		43.4375
395	9	Do5#4	C5#4	322	322	1	16	208	95	96		43.5
396	9	Re5	D5	327	327	1	16	208	95	96		43.5625
397	9	Mi5b5	E5b5	331	331	1	16	208	95	96		43.625
398	9	Fa5#4	F5#4	344	344	1	16	208	95	96		43.6875
399	9	Sol5	G5	349	349	1	16	208	95	96		43.75
400	9	La5	A5	358	358	1	16	208	95	96		43.8125
401	9	Si5b5	B5b5	362	362	1	16	208	95	96		43.875
402	9	La5	A5	358	358	1	16	208	95	96		43.9375
403	9	Sol5	G5	349	349	1	16	208	95	96		44
404	9	Sol5	G5	349	349	1	16	208	95	96		44.0625
405	9	Fa5#4	F5#4	344	344	1	16	208	95	96		44.125
406	9	Sol5	G5	349	349	1	4	833	95	96		44.375
407	53			0	0	0	0	0	0	0		44.375
408	9	Sol4	G4	296	296	3	8	1250	95	96	3. Haneye	44.75
409	9	Re5	D5	327	327	1	8	417	95	96		44.875
410	9	Mi5b5	E5b5	331	331	1	8	417	95	96		45
411	9	Fa5#4	F5#4	344	344	1	8	417	95	96		45.125
412	9	Sol5	G5	349	349	1	16	208	95	96	3. HANE	45.1875
413	9	La5	A5	358	358	1	16	208	95	96		45.25
414	9	Sol5	G5	349	349	1	16	208	95	96		45.3125
415	9	Fa5#4	F5#4	344	344	1	16	208	95	96		45.375
416	9	Sol5	G5	349	349	1	8	417	95	96		45.5
417	9	La5	A5	358	358	1	8	417	95	96		45.625
418	9	Sol5	G5	349	349	1	4	833	95	96		45.875
419	9	Sol5	G5	349	349	1	4	833	95	96		46.125
420	9	La5	A5	358	358	1	4	833	95	96		46.375
421	9	Si5b5	B5b5	362	362	1	16	208	95	96		46.4375
422	9	La5	A5	358	358	1	16	208	95	96		46.5
423	9	Si5b5	B5b5	362	362	1	16	208	95	96		46.5625
424	9	Do6	C6	371	371	1	16	208	95	96		46.625
425	9	Si5b5	B5b5	362	362	1	8	417	95	96		46.75
426	9	La5	A5	358	358	1	8	417	95	96		46.875
427	9	La5	A5	358	358	1	8	417	95	96		47
428	9	Sol5	G5	349	349	1	16	208	95	96		47.0625
429	9	La5	A5	358	358	1	16	208	95	96		47.125
430	9	Sol5	G5	349	349	1	8	417	95	96		47.25
431	9	Sol5	G5	349	349	3	8	1250	95	96		47.625
432	53			0	0	0	0	0	0	0		47.625
433	9	Re6	D6	380	380	1	8	417	95	96		47.75
434	9	Do6#4	C6#4	375	375	1	8	417	95	96		47.875
435	9	Mi6b5	E6b5	384	384	1	8	417	95	96		48
436	9	Re6	D6	380	380	1	4	833	95	96		48.25
437	9	Re6	D6	380	380	1	8	417	95	96		48.375
438	9	Mi6b5	E6b5	384	384	1	8	417	95	96		48.5
439	9	Re6	D6	380	380	1	4	833	95	96		48.75
440	9	Do6	C6	371	371	1	8	417	95	96		48.875
441	9	Re6	D6	380	380	1	8	417	95	96		49
442	9	Do6	C6	371	371	1	8	417	95	96		49.125
443	9	Si5b5	B5b5	362	362	1	16	208	95	96		49.1875
444	9	Do6	C6	371	371	1	16	208	95	96		49.25
445	9	Si5b5	B5b5	362	362	1	8	417	95	96		49.375
446	9	La5	A5	358	358	1	16	208	95	96		49.4375
447	9	Si5b5	B5b5	362	362	1	16	208	95	96		49.5
448	9	La5	A5	358	358	1	8	417	95	96		49.625
449	9	Sol5	G5	349	349	1	16	208	95	96		49.6875
450	9	La5	A5	358	358	1	16	208	95	96		49.75
451	9	Sol5	G5	349	349	1	8	417	95	96		49.875
452	9	Sol5	G5	349	349	3	8	1250	95	96		50.25
453	9	Re5	D5	327	327	1	8	417	95	96		50.375
454	9	Mi5b5	E5b5	331	331	1	8	417	95	96		50.5
455	9	Fa5#4	F5#4	344	344	1	8	417	95	96		50.625
456	53			0	0	0	0	0	0	0		50.625
457	9	Sol5	G5	349	349	1	8	417	95	96		50.75
458	9	La5b5	A5b5	353	353	1	8	417	95	96		50.875
459	9	Sol5	G5	349	349	1	8	417	95	96		51
460	9	Fa5	F5	340	340	1	8	417	95	96		51.125
461	9	Fa5	F5	340	340	3	8	1250	95	96		51.5
462	9	Mi5b5	E5b5	331	331	3	8	1250	95	96		51.875
463	9	Fa5	F5	340	340	1	8	417	95	96		52
464	9	Sol5	G5	349	349	3	8	1250	95	96		52.375
465	9	La5b5	A5b5	353	353	1	8	417	95	96		52.5
466	9	Si5b5	B5b5	362	362	3	8	1250	95	96		52.875
467	9	La5b5	A5b5	353	353	1	8	417	95	96		53
468	9	Sol5	G5	349	349	3	8	1250	95	96		53.375
469	9	Fa5	F5	340	340	1	8	417	95	96		53.5
470	9	Si5b5	B5b5	362	362	1	16	208	95	96		53.5625
471	9	La5b5	A5b5	353	353	1	16	208	95	96		53.625
472	9	La5b5	A5b5	353	353	1	16	208	95	96		53.6875
473	9	Sol5	G5	349	349	1	16	208	95	96		53.75
474	9	Sol5	G5	349	349	1	16	208	95	96		53.8125
475	9	Fa5	F5	340	340	1	16	208	95	96		53.875
476	9	Fa5	F5	340	340	1	16	208	95	96		53.9375
477	9	Mi5b5	E5b5	331	331	1	16	208	95	96		54
478	9	Mi5b5	E5b5	331	331	1	16	208	95	96		54.0625
479	9	Re5	D5	327	327	1	16	208	95	96		54.125
480	9	Re5	D5	327	327	1	16	208	95	96		54.1875
481	9	Do5	C5	318	318	1	16	208	95	96		54.25
482	9	Do5	C5	318	318	1	16	208	95	96		54.3125
484	9	Do5	C5	318	318	1	4	833	95	96		54.5625
485	53			0	0	0	0	0	0	0		54.5625
486	9	Si4b5	B4b5	309	309	1	16	208	95	96		54.625
487	9	Do5	C5	318	318	1	16	208	95	96		54.6875
488	9	Si4b5	B4b5	309	309	1	16	208	95	96		54.75
489	9	La4	A4	305	305	1	16	208	95	96		54.8125
490	9	Si4b5	B4b5	309	309	1	8	417	95	96		54.9375
491	9	Do5	C5	318	318	1	8	417	95	96		55.0625
492	9	Re5	D5	327	327	1	4	833	95	96		55.3125
493	9	Do5	C5	318	318	1	8	417	95	96		55.4375
494	9	Si4b5	B4b5	309	309	1	16	208	95	96		55.5
495	9	Do5	C5	318	318	1	16	208	95	96		55.5625
496	9	Si4b5	B4b5	309	309	1	8	417	95	96		55.6875
497	9	La4	A4	305	305	1	16	208	95	96		55.75
498	9	Si4b5	B4b5	309	309	1	16	208	95	96		55.8125
499	9	La4	A4	305	305	1	8	417	95	96		55.9375
500	9	Sol4	G4	296	296	1	16	208	95	96		56
501	9	La4	A4	305	305	1	16	208	95	96		56.0625
502	9	Sol4	G4	296	296	1	8	417	95	96		56.1875
503	9	Fa4#4	F4#4	291	291	1	8	417	95	96		56.3125
504	9	Sol4	G4	296	296	1	16	208	95	96		56.375
505	9	Sol5	G5	349	349	1	8	417	95	96		56.5
506	9	Fa5	F5	340	340	1	16	208	95	96		56.5625
507	9	Mi5b5	E5b5	331	331	1	8	417	95	96		56.6875
508	9	Re5	D5	327	327	1	8	417	95	96		56.8125
509	9	Do5	C5	318	318	1	8	417	95	96		56.9375
510	9	Si4b5	B4b5	309	309	1	8	417	95	96		57.0625
511	9	La4	A4	305	305	1	16	208	95	96		57.125
512	9	Sol4	G4	296	296	1	16	208	95	96		57.1875
513	9	Fa4#4	F4#4	291	291	1	16	208	95	96		57.25
514	9	La4	A4	305	305	3	8	1250	95	96		57.625
515	9	Si4b5	B4b5	309	309	1	8	417	95	96		57.75
516	9	La4	A4	305	305	1	16	208	95	96		57.8125
517	9	Si4b5	B4b5	309	309	1	16	208	95	96		57.875
518	9	La4	A4	305	305	1	16	208	95	96		57.9375
519	9	Sol4	G4	296	296	1	16	208	95	96		58
520	9	Fa4#4	F4#4	291	291	1	8	417	95	96		58.125
521	9	Sol4	G4	296	296	1	8	417	95	96		58.25
522	9	La4	A4	305	305	3	8	1250	95	96		58.625
523	9	Do5	C5	318	318	1	8	417	95	96		58.75
524	9	Si4b5	B4b5	309	309	3	16	625	95	96		58.9375
525	9	La4	A4	305	305	1	16	208	95	96		59
526	9	Sol4	G4	296	296	1	4	833	95	96		59.25
527	53			0	0	0	0	0	0	0		59.25
528	9	Re5	D5	327	327	3	8	1250	95	96		59.625
529	9	Do5	C5	318	318	1	8	417	95	96		59.75
530	9	Si4b5	B4b5	309	309	1	8	417	95	96		59.875
531	9	Do5	C5	318	318	1	8	417	95	96		60
532	9	Re5	D5	327	327	1	8	417	95	96		60.125
533	9	Re5	D5	327	327	1	8	417	95	96		60.25
534	9	Mi5b5	E5b5	331	331	1	8	417	95	96		60.375
535	9	Fa5#4	F5#4	344	344	1	8	417	95	96		60.5
536	9	Sol5	G5	349	349	1	8	417	95	96		60.625
537	9	Fa5#4	F5#4	344	344	1	8	417	95	96		60.75
538	9	La5	A5	358	358	1	8	417	95	96		60.875
540	9	Sol5	G5	349	349	1	4	833	95	96		61.125
541	9	Fa5#4	F5#4	344	344	1	8	417	95	96		61.25
542	9	Sol5	G5	349	349	1	8	417	95	96		61.375
543	9	La5	A5	358	358	1	8	417	95	96		61.5
544	9	Si5b5	B5b5	362	362	1	8	417	95	96		61.625
545	9	La5	A5	358	358	1	8	417	95	96		61.75
546	9	Sol5	G5	349	349	1	8	417	95	96		61.875
547	9	La5	A5	358	358	1	8	417	95	96		62
548	9	Sol5	G5	349	349	1	8	417	95	96		62.125
549	9	Fa5#4	F5#4	344	344	1	8	417	95	96		62.25
550	9	Mi5b5	E5b5	331	331	1	8	417	95	96		62.375
551	9	Re5	D5	327	327	1	16	208	95	96		62.4375
552	9	Mi5b5	E5b5	331	331	1	16	208	95	96		62.5
553	9	Fa5#4	F5#4	344	344	1	16	208	95	96		62.5625
554	9	Sol5	G5	349	349	1	16	208	95	96		62.625
555	9	La5	A5	358	358	1	16	208	95	96		62.6875
556	9	Sol5	G5	349	349	1	16	208	95	96		62.75
557	9	Fa5#4	F5#4	344	344	1	16	208	95	96		62.8125
558	9	Mi5b5	E5b5	331	331	1	16	208	95	96		62.875
559	9	Re5	D5	327	327	1	16	208	95	96		62.9375
560	9	Do5#4	C5#4	322	322	1	16	208	95	96		63
561	9	Re5	D5	327	327	1	16	208	95	96		63.0625
562	9	Mi5b5	E5b5	331	331	1	16	208	95	96		63.125
563	9	Fa5#4	F5#4	344	344	1	16	208	95	96		63.1875
564	9	Sol5	G5	349	349	1	16	208	95	96		63.25
565	9	La5	A5	358	358	1	16	208	95	96		63.3125
566	9	Si5b5	B5b5	362	362	1	16	208	95	96		63.375
567	9	La5	A5	358	358	1	16	208	95	96		63.4375
568	9	Sol5	G5	349	349	1	16	208	95	96		63.5
569	9	Sol5	G5	349	349	1	16	208	95	96		63.5625
570	9	Fa5#4	F5#4	344	344	1	16	208	95	96		63.625
571	9	Sol5	G5	349	349	1	4	833	95	96		63.875
572	53			0	0	0	0	0	0	0		63.875
573	9	Sol4	G4	296	296	3	8	1250	95	96	4. Haneye	64.25
574	9	Fa5#4	F5#4	344	344	1	16	208	95	96		64.3125
575	9	Mi5b5	E5b5	331	331	1	16	208	95	96		64.375
576	9	Re5	D5	327	327	1	16	208	95	96		64.4375
577	9	Do5#4	C5#4	322	322	1	16	208	95	96		64.5
578	9	Si4b5	B4b5	309	309	1	16	208	95	96		64.5625
579	9	Do5#4	C5#4	322	322	1	16	208	95	96		64.625
580	9	Do5#4	C5#4	322	322	1	4	833	95	96	4. HANE	64.875
581	9	Re5	D5	327	327	1	2	1667	95	96		65.375
582	9	Re5	D5	327	327	1	8	417	95	96		65.5
583	9	Mi5b5	E5b5	331	331	1	16	208	95	96		65.5625
584	9	Fa5#4	F5#4	344	344	1	16	208	95	96		65.625
585	9	Mi5b5	E5b5	331	331	1	8	417	95	96		65.75
586	9	Re5	D5	327	327	1	8	417	95	96		65.875
587	9	Re5	D5	327	327	3	16	625	95	96		66.0625
588	9	Do5#4	C5#4	322	322	1	16	208	95	96		66.125
589	9	Si4b5	B4b5	309	309	1	2	1666	95	96		66.625
590	53			0	0	0	0	0	0	0		66.625
591	9	La4	A4	305	305	1	8	417	95	96		66.75
592	9	Si4b5	B4b5	309	309	1	8	417	95	96		66.875
593	9	Do5#4	C5#4	322	322	1	8	417	95	96		67
594	9	Re5	D5	327	327	1	8	417	95	96		67.125
595	9	Si4b5	B4b5	309	309	1	8	417	95	96		67.25
597	9	Re5	D5	327	327	1	8	417	95	96		67.375
598	9	Fa5#4	F5#4	344	344	1	16	208	95	96		67.4375
599	9	Mi5b5	E5b5	331	331	1	16	208	95	96		67.5
600	9	Mi5b5	E5b5	331	331	1	16	208	95	96		67.5625
601	9	Re5	D5	327	327	1	16	208	95	96		67.625
602	9	Re5	D5	327	327	1	16	208	95	96		67.6875
603	9	Do5#4	C5#4	322	322	1	16	208	95	96		67.75
604	9	Do5#4	C5#4	322	322	1	16	208	95	96		67.8125
605	9	Si4b5	B4b5	309	309	1	16	208	95	96		67.875
606	9	Si4b5	B4b5	309	309	1	16	208	95	96		67.9375
607	9	La4	A4	305	305	1	16	208	95	96		68
608	9	La4	A4	305	305	1	2	1666	95	96		68.5
609	53			0	0	0	0	0	0	0		68.5
610	9	La4	A4	305	305	1	8	417	95	96		68.625
611	9	Si4b5	B4b5	309	309	1	8	417	95	96		68.75
612	9	Do5#4	C5#4	322	322	1	4	833	95	96		69
613	9	Re5	D5	327	327	1	4	833	95	96		69.25
614	9	Do5#4	C5#4	322	322	1	8	417	95	96		69.375
615	9	Si4b5	B4b5	309	309	1	8	417	95	96		69.5
616	9	La4	A4	305	305	1	8	417	95	96		69.625
617	9	Sol4	G4	296	296	1	8	417	95	96		69.75
618	9	La4	A4	305	305	1	16	208	95	96		69.8125
619	9	Do5#4	C5#4	322	322	1	16	208	95	96		69.875
620	9	Si4b5	B4b5	309	309	1	16	208	95	96		69.9375
621	9	La4	A4	305	305	1	16	208	95	96		70
622	9	La4	A4	305	305	1	16	208	95	96		70.0625
623	9	Sol4	G4	296	296	1	16	208	95	96		70.125
624	9	Sol4	G4	296	296	1	16	208	95	96		70.1875
626	9	Sol4	G4	296	296	1	16	208	95	96		70.25
627	9	Sol5	G5	349	349	1	8	417	95	96		70.375
628	9	Fa5	F5	340	340	1	16	208	95	96		70.4375
629	9	Mi5b5	E5b5	331	331	1	8	417	95	96		70.5625
630	9	Re5	D5	327	327	1	8	417	95	96		70.6875
631	9	Do5	C5	318	318	1	8	417	95	96		70.8125
632	9	Si4b5	B4b5	309	309	1	8	417	95	96		70.9375
633	9	La4	A4	305	305	1	16	208	95	96		71
634	9	Sol4	G4	296	296	1	16	208	95	96		71.0625
635	9	Fa4#4	F4#4	291	291	1	16	208	95	96		71.125
636	9	La4	A4	305	305	3	8	1250	95	96		71.5
637	9	Si4b5	B4b5	309	309	1	8	417	95	96		71.625
638	9	La4	A4	305	305	1	16	208	95	96		71.6875
639	9	Si4b5	B4b5	309	309	1	16	208	95	96		71.75
640	9	La4	A4	305	305	1	16	208	95	96		71.8125
641	9	Sol4	G4	296	296	1	16	208	95	96		71.875
642	9	Fa4#4	F4#4	291	291	1	8	417	95	96		72
643	9	Sol4	G4	296	296	1	8	417	95	96		72.125
644	9	La4	A4	305	305	3	8	1250	95	96		72.5
645	53			0	0	0	0	0	0	0		72.5
646	9	Do5	C5	318	318	1	8	417	95	96		72.625
647	9	Si4b5	B4b5	309	309	3	16	625	95	96		72.8125
648	9	La4	A4	305	305	1	16	208	95	96		72.875
649	9	Sol4	G4	296	296	1	8	417	95	96		73
650	9	La4	A4	305	305	1	16	208	95	96		73.0625
651	9	Do5	C5	318	318	1	2	1667	95	96		73.5625
652	9	Do5	C5	318	318	1	16	208	95	96		73.625
653	9	Re5	D5	327	327	1	16	208	95	96		73.6875
654	9	Do5	C5	318	318	1	16	208	95	96		73.75
655	9	Si4b5	B4b5	309	309	1	16	208	95	96		73.8125
656	9	La4	A4	305	305	1	8	417	95	96		73.9375
657	9	Do5	C5	318	318	3	16	625	95	96		74.125
658	53			0	0	0	0	0	0	0		74.125
659	9	Mi5b5	E5b5	331	331	1	16	208	95	96		74.1875
660	9	Re5	D5	327	327	1	8	417	95	96		74.3125
661	9	Do5	C5	318	318	1	8	417	95	96		74.4375
662	9	Re5	D5	327	327	1	16	208	95	96		74.5
663	9	Do5	C5	318	318	1	16	208	95	96		74.5625
664	9	Si4b5	B4b5	309	309	1	16	208	95	96		74.625
665	9	La4	A4	305	305	1	16	208	95	96		74.6875
666	9	Sol4	G4	296	296	1	8	417	95	96		74.8125
667	9	La4	A4	305	305	1	8	417	95	96		74.9375
668	9	Fa4#4	F4#4	291	291	1	4	833	95	96		75.1875
669	9	Re4	D4	274	274	1	8	417	95	96		75.3125
670	9	Mi4b5	E4b5	278	278	1	8	417	95	96		75.4375
671	9	Re4	D4	274	274	1	4	833	95	96		75.6875
672	9	La4	A4	305	305	1	16	208	95	96		75.75
673	9	Si4b5	B4b5	309	309	1	16	208	95	96		75.8125
674	9	La4	A4	305	305	1	16	208	95	96		75.875
675	9	La4	A4	305	305	1	8	417	95	96		76
676	9	Fa4#4	F4#4	291	291	1	4	833	95	96		76.25
677	9	Re4	D4	274	274	1	8	417	95	96		76.375
678	9	Mi4b5	E4b5	278	278	1	8	417	95	96		76.5
679	9	Fa4#4	F4#4	291	291	1	8	417	95	96		76.625
680	9	Sol4	G4	296	296	1	8	417	95	96		76.75
681	9	Fa4#4	F4#4	291	291	1	16	208	95	96		76.8125
682	9	Mi4b5	E4b5	278	278	1	16	208	95	96		76.875
683	9	Re4	D4	274	274	1	8	417	95	96		77
684	9	Re5	D5	327	327	1	4	833	95	96		77.25
685	9	Do5	C5	318	318	1	16	208	95	96		77.3125
686	9	Si4b5	B4b5	309	309	1	16	208	95	96		77.375
687	9	La4	A4	305	305	1	16	208	95	96		77.4375
688	9	Sol4	G4	296	296	1	16	208	95	96		77.5
689	9	Fa4#4	F4#4	291	291	1	16	208	95	96		77.5625
690	9	Mi4b5	E4b5	278	278	1	16	208	95	96		77.625
691	9	Re4	D4	274	274	1	4	833	95	96		77.875
692	53			0	0	0	0	0	0	0		77.875
693	9	Re4	D4	274	274	1	2	1667	95	96		78.375
694	9	Mi4b5	E4b5	278	278	1	4	833	95	96		78.625
696	9	Sol4	G4	296	296	1	2	1667	95	96		79.125
697	9	La4	A4	305	305	1	16	208	95	96		79.1875
698	9	Si4b5	B4b5	309	309	1	16	208	95	96		79.25
699	9	La4	A4	305	305	1	16	208	95	96		79.3125
700	9	Sol4	G4	296	296	1	16	208	95	96		79.375
701	9	Fa4#4	F4#4	291	291	1	8	417	95	96		79.5
702	9	Sol4	G4	296	296	1	8	417	95	96		79.625
703	9	La4	A4	305	305	1	2	1667	95	96		80.125
704	9	Si4b5	B4b5	309	309	1	4	833	95	96		80.375
705	9	Do5#4	C5#4	322	322	1	4	833	95	96		80.625
706	9	Re5	D5	327	327	3	8	1250	95	96		81
707	9	Sol5	G5	349	349	1	8	417	95	96		81.125
708	9	Fa5#4	F5#4	344	344	1	8	417	95	96		81.25
709	9	La5	A5	358	358	1	8	417	95	96		81.375
710	9	Sol5	G5	349	349	1	4	833	95	96		81.625
711	9	Fa5#4	F5#4	344	344	1	8	417	95	96		81.75
712	9	Sol5	G5	349	349	1	8	417	95	96		81.875
713	9	La5	A5	358	358	1	8	417	95	96		82
714	9	Si5b5	B5b5	362	362	1	8	417	95	96		82.125
715	9	La5	A5	358	358	1	8	417	95	96		82.25
717	9	La5	A5	358	358	1	8	417	95	96		82.375
718	9	Sol5	G5	349	349	1	8	417	95	96		82.5
719	9	Fa5#4	F5#4	344	344	1	8	417	95	96		82.625
720	9	Mi5b5	E5b5	331	331	1	8	417	95	96		82.75
721	9	Re5	D5	327	327	1	16	208	95	96		82.8125
722	9	Mi5b5	E5b5	331	331	1	16	208	95	96		82.875
723	9	Fa5#4	F5#4	344	344	1	16	208	95	96		82.9375
724	9	Sol5	G5	349	349	1	16	208	95	96		83
725	9	La5	A5	358	358	1	16	208	95	96		83.0625
726	9	Sol5	G5	349	349	1	16	208	95	96		83.125
727	9	Fa5#4	F5#4	344	344	1	16	208	95	96		83.1875
728	9	Mi5b5	E5b5	331	331	1	16	208	95	96		83.25
729	9	Re5	D5	327	327	1	16	208	95	96		83.3125
730	9	Do5#4	C5#4	322	322	1	16	208	95	96		83.375
731	9	Re5	D5	327	327	1	16	208	95	96		83.4375
732	9	Mi5b5	E5b5	331	331	1	16	208	95	96		83.5
733	9	Fa5#4	F5#4	344	344	1	16	208	95	96		83.5625
734	9	Sol5	G5	349	349	1	16	208	95	96		83.625
735	9	La5	A5	358	358	1	16	208	95	96		83.6875
736	9	Si5b5	B5b5	362	362	1	16	208	95	96		83.75
737	9	La5	A5	358	358	1	16	208	95	96		83.8125
738	9	Sol5	G5	349	349	1	16	208	95	96		83.875
739	9	Sol5	G5	349	349	1	16	208	95	96		83.9375
740	9	Fa5#4	F5#4	344	344	1	16	208	95	96		84
741	9	Sol5	G5	349	349	1	4	833	95	96		84.25
742	9	Sol4	G4	296	296	1	1	3334	63	96	Karar	85.25
