Sýra	Kod	Nota53	NotaAE	Koma53	KomaAE	Pay	Payda	Ms	LNS	Bas	Soz1	Offset
1	9	Sol4	G4	296	296	1	2	1429	95	96	Rast 	0.6666667
2	9	Sol4	G4	296	296	1	4	714	95	96	ge	1
3	9	La4	A4	305	305	1	8	357	99	96	ti	1.166667
4	9	Si4b1	B4b1	313	313	1	8	357	95	96		1.333333
5	9	Sol4	G4	296	296	1	2	1429	95	96	rüb 	2
6	9	La4	A4	305	305	1	2	1429	95	96	fend_	2.666667
7	9	Si4b1	B4b1	313	313	1	4	714	95	96	i	3
8	9	Sol4	G4	296	296	1	4	714	95	96	le 	3.333333
9	9	Re5	D5	327	327	1	2	1429	95	96	sey	4
10	9	Si4b1	B4b1	313	313	1	2	1429	95	96	ret	4.666667
11	9	Sol4	G4	296	296	1	4	714	95	96	di 	5
12	9	La4	A4	305	305	1	4	714	95	96	Hü	5.333333
13	9	La4	A4	305	305	1	8	357	99	96	mâ	5.5
14	9	Do5	C5	318	318	1	8	357	99	96		5.666667
15	9	Si4b1	B4b1	313	313	1	8	357	99	96		5.833333
16	9	La4	A4	305	305	1	8	357	95	96		6
17	9	Sol4	G4	296	296	1	2	1429	95	96	yý  	6.666667
18	9	Re4	D4	274	274	1	4	714	95	96	SAZ	7
19	9	Mi4	E4	283	283	1	8	357	95	96	.	7.166667
20	9	Fa4#4	F4#4	291	291	1	8	357	95	96	.	7.333333
21	9	Sol4	G4	296	296	1	2	1429	95	96	.	8
22	53			0	0	0	0	0	0	0		8
23	9	Sol4	G4	296	296	1	2	1429	95	96	Rast 	8.666667
24	9	Sol4	G4	296	296	1	4	714	95	96	ge	9
25	9	La4	A4	305	305	1	8	357	99	96	ti	9.166667
26	9	Si4b1	B4b1	313	313	1	8	357	95	96		9.333333
27	9	Sol4	G4	296	296	1	2	1429	95	96	rüb 	10
28	9	La4	A4	305	305	1	2	1429	95	96	fend_	10.66667
29	9	Si4b1	B4b1	313	313	1	4	714	95	96	i	11
30	9	Sol4	G4	296	296	1	4	714	95	96	le 	11.33333
31	9	Re5	D5	327	327	1	2	1429	95	96	sey	12
32	9	Si4b1	B4b1	313	313	1	2	1429	95	96	ret	12.66667
33	9	Sol4	G4	296	296	1	4	714	95	96	di 	13
34	9	La4	A4	305	305	1	4	714	95	96	Hü	13.33333
35	9	La4	A4	305	305	1	8	357	99	96	mâ	13.5
36	9	Do5	C5	318	318	1	8	357	99	96		13.66667
37	9	Si4b1	B4b1	313	313	1	8	357	99	96		13.83333
38	9	La4	A4	305	305	1	8	357	95	96		14
39	9	Sol4	G4	296	296	3	4	2143	95	96	yý  	15
40	9	Si4b1	B4b1	313	313	1	8	357	95	96	SAZ	15.16667
41	9	Do5	C5	318	318	1	8	357	95	96	.	15.33333
42	9	Re5	D5	327	327	1	2	1429	95	96	.	16
43	9	Re5	D5	327	327	1	2	1429	95	96	Düþ	16.66667
44	9	Re5	D5	327	327	1	4	714	95	96	dü 	17
45	9	Re5	D5	327	327	1	4	714	95	96	o 	17.33333
46	9	Mi5	E5	336	336	1	2	1429	95	96	dem 	18
47	9	Re5	D5	327	327	1	4	714	99	96	ha	18.33333
48	9	Mi5	E5	336	336	1	4	714	95	96		18.66667
49	9	Re5	D5	327	327	1	4	714	95	96	tý	19
50	9	Do5	C5	318	318	1	4	714	95	96	ra 	19.33333
51	9	Si4b1	B4b1	313	313	1	2	1429	95	96	bir 	20
52	9	La4	A4	305	305	1	2	1429	95	96	bes	20.66667
53	9	Sol4	G4	296	296	1	4	714	95	96	te 	21
54	9	La4	A4	305	305	1	4	714	95	96	Re	21.33333
55	9	Si4b1	B4b1	313	313	1	2	1429	95	96	hâ	22
56	9	La4	A4	305	305	1	4	714	99	96	vî  	22.33333
57	9	Sol4	G4	296	296	1	4	714	99	96		22.66667
58	9	Fa4#4	F4#4	291	291	1	4	714	99	96		23
59	9	Mi4	E4	283	283	1	4	714	99	96		23.33333
60	9	Re4	D4	274	274	1	2	1429	95	96		24
61	53			0	0	0	0	0	0	0		24
62	9	Re5	D5	327	327	1	2	1429	95	96	Düþ	24.66667
63	9	Re5	D5	327	327	1	4	714	95	96	dü 	25
64	9	Re5	D5	327	327	1	4	714	95	96	o 	25.33333
65	9	Mi5	E5	336	336	1	2	1429	95	96	dem 	26
66	9	Re5	D5	327	327	1	4	714	99	96	ha	26.33333
67	9	Mi5	E5	336	336	1	4	714	95	96		26.66667
68	9	Re5	D5	327	327	1	4	714	95	96	tý	27
69	9	Do5	C5	318	318	1	4	714	95	96	ra 	27.33333
70	9	Si4b1	B4b1	313	313	1	2	1429	95	96	bir 	28
71	9	La4	A4	305	305	1	2	1429	95	96	bes	28.66667
72	9	Re4	D4	274	274	1	4	714	95	96	te 	29
73	9	Re4	D4	274	274	1	4	714	95	96	Re	29.33333
74	9	Si4b1	B4b1	313	313	1	4	714	99	96	hâ	29.66667
75	9	La4	A4	305	305	1	8	357	99	96		29.83333
76	9	Sol4	G4	296	296	1	8	357	95	96		30
77	9	Sol4	G4	296	296	3	4	2143	95	96	vî  	31
78	9	Do5#4	C5#4	322	322	1	4	714	95	96	SAZ	31.33333
79	9	Re5	D5	327	327	1	2	1429	95	96	.	32
80	9	Re5	D5	327	327	3	8	1071	99	96	Þû	32.5
81	9	Mi5	E5	336	336	1	8	357	95	96		32.66667
82	9	Fa5	F5	340	340	1	8	357	99	96	le 	32.83333
83	9	Mi5	E5	336	336	1	8	357	95	96		33
84	9	Re5	D5	327	327	1	8	357	99	96	ge	33.16667
85	9	Do5#4	C5#4	322	322	1	8	357	95	96		33.33333
86	9	Re5	D5	327	327	3	8	1071	95	96	rek 	33.83333
87	9			-1	-1	1	8	357	100	0		34
88	9	Re5	D5	327	327	1	2	1429	95	96	nað	34.66667
89	9	Re5	D5	327	327	1	4	714	95	96	me_	35
90	9	Re5	D5	327	327	1	4	714	95	96	i 	35.33333
91	9	Re5	D5	327	327	3	16	536	99	96	Nik	35.58333
92	9	Do5#4	C5#4	322	322	1	16	179	99	96		35.66667
93	9	Si4b4	B4b4	310	310	1	16	179	99	96		35.75
94	9	La4	A4	305	305	1	16	179	99	96		35.83333
95	9	Si4b4	B4b4	310	310	1	8	357	95	96		36
96	9	Do5#4	C5#4	322	322	1	2	1429	95	96	rî	36.66667
97	9	Re5	D5	327	327	1	4	714	95	96	ze 	37
98	9	Mi5	E5	336	336	1	8	357	99	96	gi	37.16667
99	9	Fa5	F5	340	340	1	8	357	95	96		37.33333
100	9	Mi5	E5	336	336	1	8	357	99	96	der	37.5
101	9	Re5	D5	327	327	1	4	714	99	96		37.83333
102	9	Do5#4	C5#4	322	322	1	8	357	95	96		38
103	9	Re5	D5	327	327	3	16	536	99	96	ken  	38.25
104	9	Do5#4	C5#4	322	322	1	16	179	99	96		38.33333
105	9	Si4b4	B4b4	310	310	1	8	357	99	96		38.5
106	9	La4	A4	305	305	1	8	357	99	96		38.66667
107	9	Sol4	G4	296	296	1	4	714	99	96		39
108	9	Do5#4	C5#4	322	322	1	4	714	99	96		39.33333
109	9	Re5	D5	327	327	3	8	1071	95	96		39.83333
110	9			-1	-1	1	8	357	100	0		40
111	53			0	0	0	0	0	0	0		40
112	9	Re5	D5	327	327	3	8	1071	99	96	Þû	40.5
113	9	Mi5	E5	336	336	1	8	357	95	96		40.66667
114	9	Fa5	F5	340	340	1	8	357	99	96	le 	40.83333
115	9	Mi5	E5	336	336	1	8	357	95	96		41
116	9	Re5	D5	327	327	1	8	357	99	96	ge	41.16667
117	9	Do5#4	C5#4	322	322	1	8	357	95	96		41.33333
118	9	Re5	D5	327	327	3	8	1071	95	96	rek 	41.83333
119	9			-1	-1	1	8	357	100	0		42
120	9	Re5	D5	327	327	1	2	1429	95	96	nað	42.66667
121	9	Re5	D5	327	327	1	4	714	95	96	me_	43
122	9	Re5	D5	327	327	1	4	714	95	96	i 	43.33333
123	9	Re5	D5	327	327	3	16	536	99	96	Nik	43.58333
124	9	Do5#4	C5#4	322	322	1	16	179	99	96		43.66667
125	9	Si4b4	B4b4	310	310	1	16	179	99	96		43.75
126	9	La4	A4	305	305	1	16	179	99	96		43.83333
127	9	Si4b4	B4b4	310	310	1	8	357	95	96		44
128	9	Do5#4	C5#4	322	322	1	2	1429	95	96	rî	44.66667
129	9	Re5	D5	327	327	1	4	714	95	96	ze 	45
130	9	Mi5	E5	336	336	1	8	357	99	96	gi	45.16667
131	9	Fa5	F5	340	340	1	8	357	95	96		45.33333
132	9	Mi5	E5	336	336	1	8	357	99	96	der	45.5
133	9	Re5	D5	327	327	1	4	714	99	96		45.83333
134	9	Do5#4	C5#4	322	322	1	8	357	95	96		46
135	9	Re5	D5	327	327	3	16	536	99	96	ken  	46.25
136	9	Do5#4	C5#4	322	322	1	16	179	99	96		46.33333
137	9	Si4b4	B4b4	310	310	1	2	1429	99	96		47
138	9	La4	A4	305	305	1	8	357	99	96		47.16667
139	9	Sol4	G4	296	296	1	8	357	99	96		47.33333
140	9	Sol4	G4	296	296	3	8	1071	95	96		47.83333
141	9			-1	-1	1	8	357	100	0		48
142	9	Re5	D5	327	327	1	2	1429	95	96	Var	48.66667
143	9	Re5	D5	327	327	1	4	714	95	96	dý 	49
144	9	Re5	D5	327	327	1	4	714	95	96	gö	49.33333
145	9	Sol5	G5	349	349	1	2	1429	95	96	nül 	50
146	9	Re5	D5	327	327	1	4	714	99	96	Pen	50.33333
147	9	Mi5	E5	336	336	1	4	714	95	96		50.66667
148	9	Re5	D5	327	327	1	4	714	95	96	cü	51
149	9	Do5	C5	318	318	1	4	714	95	96	gâ	51.33333
150	9	Si4b1	B4b1	313	313	1	2	1429	95	96	ha 	52
151	9	La4	A4	305	305	1	2	1429	95	96	et	52.66667
152	9	Sol4	G4	296	296	1	4	714	95	96	di 	53
153	9	La4	A4	305	305	1	4	714	95	96	ka	53.33333
154	9	Si4b1	B4b1	313	313	3	8	1071	99	96	ra	53.83333
155	9	La4	A4	305	305	1	16	179	99	96		53.91667
156	9	Sol4	G4	296	296	1	16	179	95	96		54
157	9	Sol4	G4	296	296	1	4	714	99	96	rý  	54.33333
158	9	La4	A4	305	305	1	4	714	99	96		54.66667
159	9	Si4	B4	314	314	1	4	714	99	96		55
160	9	Do5#4	C5#4	322	322	1	4	714	99	96		55.33333
161	9	Re5	D5	327	327	3	8	1071	95	96		55.83333
162	9			-1	-1	1	8	357	100	0		56
163	53			0	0	0	0	0	0	0		56
164	9	Re5	D5	327	327	1	2	1429	95	96	Var	56.66667
165	9	Re5	D5	327	327	1	4	714	95	96	dý 	57
166	9	Re5	D5	327	327	1	4	714	95	96	gö	57.33333
167	9	Sol5	G5	349	349	1	2	1429	95	96	nül 	58
168	9	Re5	D5	327	327	1	4	714	99	96	Pen	58.33333
169	9	Mi5	E5	336	336	1	4	714	95	96		58.66667
170	9	Re5	D5	327	327	1	4	714	95	96	cü	59
171	9	Do5	C5	318	318	1	4	714	95	96	gâ	59.33333
172	9	Si4b1	B4b1	313	313	1	2	1429	95	96	ha 	60
173	9	La4	A4	305	305	1	2	1429	95	96	et	60.66667
174	9	Sol4	G4	296	296	1	4	714	95	96	di 	61
175	9	La4	A4	305	305	1	4	714	95	96	ka	61.33333
176	9	Si4b1	B4b1	313	313	3	8	1071	99	96	ra	61.83333
177	9	La4	A4	305	305	1	16	179	99	96		61.91667
178	9	Sol4	G4	296	296	1	16	179	95	96		62
179	9	Sol4	G4	296	296	3	4	2143	95	96	rý  	63
180	9	Mi5	E5	336	336	1	8	357	95	96	SAZ	63.16667
181	9	Fa5#5	F5#5	345	345	1	8	357	95	96	.	63.33333
182	9	Sol5	G5	349	349	1	2	1429	95	96	.	64
183	9	Sol5	G5	349	349	1	8	357	99	96	An	64.16666
184	9	Fa5#5	F5#5	345	345	1	8	357	99	96		64.33334
185	9	Mi5	E5	336	336	1	4	714	95	96		64.66666
186	9	Fa5#5	F5#5	345	345	1	4	714	95	96	da 	65
187	9	Sol5	G5	349	349	1	4	714	95	96	du	65.33334
188	9	Sol5	G5	349	349	1	2	1429	95	96	rup 	66
189	9	Sol5	G5	349	349	1	2	1429	95	96	ey	66.66666
190	9	La5	A5	358	358	1	4	714	95	96	le	67
191	9	La5	A5	358	358	1	8	357	99	96	di 	67.16666
192	9	Sol5	G5	349	349	1	8	357	95	96		67.33334
193	9	Sol5	G5	349	349	1	8	357	99	96	Mâ	67.5
194	9	Fa5#5	F5#5	345	345	1	8	357	99	96		67.66666
195	9	Sol5	G5	349	349	1	8	357	99	96		67.83334
196	9	Fa5#5	F5#5	345	345	1	8	357	95	96		68
197	9	Sol5	G5	349	349	1	8	357	99	96	hu	68.16666
198	9	Fa5#5	F5#5	345	345	1	8	357	99	96		68.33334
199	9	Mi5	E5	336	336	1	4	714	95	96		68.66666
200	9	Fa5#5	F5#5	345	345	1	4	714	95	96	ru 	69
201	9	Sol5	G5	349	349	1	4	714	95	96	te	69.33334
202	9	La5	A5	358	358	1	2	1429	95	96	mâ	70
203	9	La5	A5	358	358	1	4	714	99	96	þa 	70.33334
204	9	Sol5	G5	349	349	1	4	714	99	96		70.66666
205	9	Fa5#4	F5#4	344	344	1	4	714	99	96		71
206	9	Mi5	E5	336	336	1	4	714	99	96		71.33334
207	9	Re5	D5	327	327	1	2	1429	95	96		72
208	53			0	0	0	0	0	0	0		72
209	9	Re5	D5	327	327	1	4	714	99	96	yâr 	72.33334
210	9	Do5#4	C5#4	322	322	1	4	714	99	96		72.66666
211	9	Re5	D5	327	327	1	4	714	99	96		73
212	9	Mi5	E5	336	336	1	4	714	99	96		73.33334
213	9	Re5	D5	327	327	1	4	714	99	96		73.66666
214	9	Mi5	E5	336	336	1	4	714	99	96		74
215	9	Fa5#5	F5#5	345	345	1	4	714	99	96		74.33334
216	9	Mi5	E5	336	336	1	4	714	99	96		74.66666
217	9	Fa5#5	F5#5	345	345	1	4	714	99	96		75
218	9	Sol5	G5	349	349	1	4	714	99	96		75.33334
219	9	La5	A5	358	358	3	8	1071	95	96		75.83334
220	9			-1	-1	1	8	357	100	0		76
221	9	Sol5	G5	349	349	1	4	714	99	96	yâ	76.33334
222	9	Do6	C6	371	371	1	4	714	95	96		76.66666
223	9	Do6	C6	371	371	1	8	357	99	96	ri 	76.83334
224	9	Si5	B5	367	367	1	8	357	95	96		77
225	9	Si5	B5	367	367	1	8	357	99	96	te	77.16666
226	9	La5	A5	358	358	1	8	357	95	96		77.33334
227	9	Sol5	G5	349	349	1	8	357	99	96	mâ	77.5
228	9	Fa5#5	F5#5	345	345	1	16	179	99	96		77.58334
229	9	Mi5	E5	336	336	1	16	179	99	96		77.66666
230	9	Fa5#5	F5#5	345	345	1	8	357	99	96		77.83334
231	9	Sol5	G5	349	349	1	8	357	95	96		78
232	9	Fa5#5	F5#5	345	345	1	4	714	99	96	þa  	78.33334
233	9	Sol5	G5	349	349	1	2	1429	100	96		79
234	9	Sol5	G5	349	349	1	2	1429	95	96		79.66666
235	9			-1	-1	1	4	714	100	0		80
236	53			0	0	0	0	0	0	0		80
237	9	Re5	D5	327	327	1	2	1429	95	96	Düm 	80.66666
238	9	Re5	D5	327	327	1	4	714	95	96	de 	81
239	9	Re5	D5	327	327	1	4	714	95	96	re 	81.33334
240	9	Re5	D5	327	327	3	8	1071	95	96	lel 	81.83334
241	9			-1	-1	1	8	357	100	0		82
242	9	Re5	D5	327	327	1	4	714	99	96	lâ 	82.33334
243	9	Mi5	E5	336	336	1	4	714	95	96		82.66666
244	9	Mi5	E5	336	336	1	8	357	99	96	i	82.83334
245	9	Re5	D5	327	327	1	8	357	95	96		83
246	9	Do5	C5	318	318	1	8	357	99	96	le 	83.16666
247	9	Si4b2	B4b1	312	313	1	8	357	95	96		83.33334
248	9	Do5	C5	318	318	1	4	714	99	96	gös	83.66666
249	9	Re5	D5	327	327	1	4	714	95	96		84
250	9	Si4	B4	314	314	1	4	714	99	96	ter	84.33334
251	9	Do5#4	C5#4	322	322	1	4	714	95	96		84.66666
252	9	Re5	D5	327	327	1	4	714	95	96	di 	85
253	9	Do5#4	C5#4	322	322	1	4	714	95	96	Ne	85.33334
254	9	Re5	D5	327	327	1	2	1429	95	96	vâ	86
255	9	Do5	C5	318	318	1	4	714	99	96	yý 	86.33334
256	53			0	0	0	0	0	0	0		86.33334
257	9	Si4b2	B4b1	312	313	1	4	714	99	96		86.66666
258	9	Do5	C5	318	318	1	4	714	99	96		87
259	9	Re5	D5	327	327	1	4	714	99	96		87.33334
260	9	Do5#4	C5#4	322	322	1	4	714	99	96		87.66666
261	9	Re5	D5	327	327	1	4	714	99	96		88
262	9	Mi5	E5	336	336	1	4	714	99	96		88.33334
263	9	Re5	D5	327	327	1	4	714	99	96		88.66666
264	9	Mi5	E5	336	336	1	4	714	99	96		89
265	9	Fa5#3	F5#4	343	344	1	8	357	99	96		89.16666
266	9	Sol5	G5	349	349	1	8	357	99	96		89.33334
267	9	Fa5#3	F5#4	343	344	3	16	536	99	96		89.58334
268	9	Mi5	E5	336	336	1	16	179	99	96		89.66666
269	9	Re5	D5	327	327	1	4	714	95	96		90
270	9	Mi5	E5	336	336	1	8	357	99	96	ah 	90.16666
271	9	Fa5	F5	340	340	1	8	357	99	96		90.33334
272	9	Mi5	E5	336	336	1	8	357	99	96		90.5
273	9	Fa5	F5	340	340	1	8	357	99	96		90.66666
274	9	Mi5	E5	336	336	1	8	357	99	96		90.83334
275	9	Re5	D5	327	327	1	8	357	95	96		91
276	9	Re5	D5	327	327	1	4	714	95	96	Ne	91.33334
277	9	Mi5	E5	336	336	1	8	357	99	96	vâ	91.5
278	9	Fa5	F5	340	340	1	8	357	99	96		91.66666
279	9	Mi5	E5	336	336	1	8	357	99	96		91.83334
280	9	Re5	D5	327	327	1	8	357	95	96		92
281	9	Do5#4	C5#4	322	322	1	4	714	99	96	yý  	92.33334
282	9	Re5	D5	327	327	1	2	1429	100	96		93
283	9	Re5	D5	327	327	1	2	1429	95	96		93.66666
284	9			-1	-1	1	4	714	100	0		94
285	53			0	0	0	0	0	0	0		94
286	9	Re5	D5	327	327	1	2	1429	95	96	Düm 	94.66666
287	9	Re5	D5	327	327	1	4	714	95	96	de 	95
288	9	Re5	D5	327	327	1	4	714	95	96	re 	95.33334
289	9	Re5	D5	327	327	1	4	714	99	96	lel 	95.66666
290	9	La5	A5	358	358	1	4	714	95	96		96
291	9	La5	A5	358	358	1	8	357	99	96	lâ 	96.16666
292	9	Sol5	G5	349	349	1	4	714	99	96		96.5
293	9	Fa5	F5	340	340	1	8	357	95	96		96.66666
294	9	Fa5	F5	340	340	1	8	357	99	96	i	96.83334
295	9	Mi5	E5	336	336	1	8	357	95	96		97
296	9	Mi5	E5	336	336	1	8	357	99	96	le 	97.16666
297	9	Re5	D5	327	327	1	8	357	95	96		97.33334
298	9	Mi5	E5	336	336	1	8	357	99	96	gös	97.5
299	9	Re5	D5	327	327	1	8	357	99	96		97.66666
300	9	Do5	C5	318	318	1	8	357	99	96		97.83334
301	9	Si4b2	B4b1	312	313	1	8	357	95	96		98
302	9	Do5	C5	318	318	3	8	1071	99	96	ter	98.5
303	9	Si4b2	B4b1	312	313	1	8	357	95	96		98.66666
304	9	Re5	D5	327	327	1	4	714	95	96	di 	99
305	9	Do5	C5	318	318	1	8	357	99	96	Ne	99.16666
306	9	Si4b2	B4b1	312	313	1	8	357	95	96		99.33334
307	9	Si4b2	B4b1	312	313	1	8	357	99	96	vâ	99.5
308	9	La4	A4	305	305	1	8	357	99	96		99.66666
309	8	Do5	C5	318	318	0	0	0	99	96		99.66666
310	9	Si4b2	B4b1	312	313	1	8	357	99	96		99.83334
311	9	La4	A4	305	305	1	8	357	95	96		100
312	9	La4	A4	305	305	3	4	2143	95	96	yý  	101
313	9	Sol4	G4	296	296	1	4	714	95	96	SAZ 	101.3333
314	9	La4	A4	305	305	3	8	1071	95	96	.	101.8333
315	9			-1	-1	1	8	357	100	0		102
316	53			0	0	0	0	0	0	0		102
317	9	Sol4	G4	296	296	1	2	1429	95	96	Þevk_	102.6667
318	9	La4	A4	305	305	1	4	714	95	96	i	103
319	9	La4	A4	305	305	1	4	714	95	96	le 	103.3333
320	9	La4	A4	305	305	1	2	1429	95	96	Uþ	104
321	9	La4	A4	305	305	1	4	714	99	96	þâ	104.3333
322	9	Si4b2	B4b1	312	313	1	4	714	95	96		104.6667
323	9	Do5	C5	318	318	1	4	714	95	96	ka 	105
324	9	Si4b2	B4b1	312	313	1	8	357	99	96	va	105.1667
325	9	La4	A4	305	305	1	8	357	95	96		105.3333
326	9	Sol4	G4	296	296	3	8	1071	95	96	rýp 	105.8333
327	9			-1	-1	1	8	357	100	0		106
328	9	Do5	C5	318	318	1	4	714	99	96	bu 	106.3333
329	9	Si4b2	B4b1	312	313	1	8	357	99	96		106.5
330	9	La4	A4	305	305	1	8	357	95	96		106.6667
331	9	Re5	D5	327	327	1	4	714	95	96	dil_	107
332	9	Do5	C5	318	318	1	8	357	99	96	i 	107.1667
333	9	Si4b2	B4b1	312	313	1	8	357	95	96		107.3333
334	9	Si4b2	B4b1	312	313	3	16	536	99	96	Mec	107.5833
335	9	La4	A4	305	305	1	16	179	99	96		107.6667
336	9	Sol4	G4	296	296	1	8	357	99	96		107.8333
337	9	La4	A4	305	305	1	8	357	95	96		108
338	9	Sol4	G4	296	296	1	4	714	99	96	nun  	108.3333
339	9	La4	A4	305	305	1	4	714	99	96		108.6667
340	9	La4	A4	305	305	1	8	357	99	96		108.8333
341	9	Do5	C5	318	318	1	8	357	99	96		109
342	9	Si4b2	B4b1	312	313	1	8	357	99	96		109.1667
343	9	La4	A4	305	305	1	8	357	99	96		109.3333
344	9	Sol4	G4	296	296	1	8	357	99	96		109.5
345	9	Fa4#3	F4#4	290	291	1	8	357	99	96		109.6667
346	9	Mi4	E4	283	283	1	8	357	99	96		109.8333
347	9	Re4	D4	274	274	1	8	357	95	96		110
348	53			0	0	0	0	0	0	0		110
349	9	Sol4	G4	296	296	1	2	1429	95	96	Þevk_	110.6667
350	9	La4	A4	305	305	1	4	714	95	96	i	111
351	9	La4	A4	305	305	1	4	714	95	96	le 	111.3333
352	9	La4	A4	305	305	1	2	1429	95	96	Uþ	112
353	9	La4	A4	305	305	1	4	714	99	96	þâ	112.3333
354	9	Si4b2	B4b1	312	313	1	4	714	95	96		112.6667
355	9	Do5	C5	318	318	1	4	714	95	96	ka 	113
356	9	Si4b2	B4b1	312	313	1	8	357	99	96	va	113.1667
357	9	La4	A4	305	305	1	8	357	95	96		113.3333
358	9	Sol4	G4	296	296	3	8	1071	95	96	rýp 	113.8333
359	9			-1	-1	1	8	357	100	0		114
360	9	Do5	C5	318	318	1	4	714	99	96	bu 	114.3333
361	9	Si4b2	B4b1	312	313	1	8	357	99	96		114.5
362	9	La4	A4	305	305	1	8	357	95	96		114.6667
363	9	Re5	D5	327	327	1	4	714	95	96	dil_	115
364	9	Do5	C5	318	318	1	8	357	99	96	i 	115.1667
365	9	Si4b2	B4b1	312	313	1	8	357	95	96		115.3333
366	9	Si4b2	B4b1	312	313	3	16	536	99	96	Mec	115.5833
367	9	La4	A4	305	305	1	16	179	99	96		115.6667
368	9	Sol4	G4	296	296	1	8	357	99	96		115.8333
369	9	La4	A4	305	305	1	8	357	95	96		116
370	9	Sol4	G4	296	296	1	4	714	99	96	nun  	116.3333
371	9	La4	A4	305	305	1	2	1429	95	96		117
372	9	Mi5	E5	336	336	1	8	357	95	96	SAZ 	117.1667
373	9	Sol5	G5	349	349	1	8	357	95	96	.	117.3333
374	9	Fa5	F5	340	340	3	8	1071	95	96	.	117.8333
375	9			-1	-1	1	8	357	100	0		118
376	9	Fa5	F5	340	340	1	2	1429	95	96	Ey	118.6667
377	9	Fa5	F5	340	340	1	4	714	95	96	le	119
378	9	Fa5	F5	340	340	1	4	714	95	96	di 	119.3333
379	8	Sol5	G5	349	349	0	0	0	95	96		119.3333
380	9	Fa5	F5	340	340	1	8	357	99	96	tan	119.5
381	9	Mi5b2	E5b1	334	335	1	4	714	99	96		119.8333
382	9	Re5	D5	327	327	1	8	357	95	96		120
383	9	Re5	D5	327	327	1	8	357	99	96	bur_	120.1667
384	9	Mi5b3	E5b4	333	332	1	8	357	99	96		120.3333
385	9	Re5	D5	327	327	1	8	357	99	96		120.5
386	9	Mi5b3	E5b4	333	332	1	8	357	95	96		120.6667
387	9	Sol5	G5	349	349	1	8	357	99	96	i	120.8333
388	9	Fa5#4	F5#4	344	344	1	8	357	95	96		121
389	9	Mi5b3	E5b4	333	332	1	8	357	99	96	le 	121.1667
390	9	Re5	D5	327	327	1	8	357	95	96		121.3333
391	9	Re5	D5	327	327	1	8	357	99	96	bir 	121.5
392	9	Do5	C5	318	318	1	4	714	99	96		121.8333
393	9	Si4b2	B4b1	312	313	1	8	357	95	96		122
394	9	Do5	C5	318	318	1	8	357	99	96	nað	122.1667
395	9	Si4b2	B4b1	312	313	1	8	357	99	96		122.3333
396	9	Do5	C5	318	318	1	8	357	99	96		122.5
397	9	Re5	D5	327	327	1	8	357	95	96		122.6667
398	9	Mi5	E5	336	336	1	8	357	99	96	me 	122.8333
399	9	Re5	D5	327	327	1	8	357	95	96		123
400	9	Do5	C5	318	318	1	8	357	99	96	Be	123.1667
401	9	Si4b2	B4b1	312	313	1	8	357	95	96		123.3333
402	9	Si4b2	B4b1	312	313	1	8	357	99	96	yâ	123.5
403	9	La4	A4	305	305	3	8	1071	95	96		124
404	9	Fa5	F5	340	340	1	2	1429	99	96	tî  	124.6667
405	8	Sol5	G5	349	349	0	0	0	99	96		124.6667
406	9	Fa5	F5	340	340	1	8	357	99	96		124.8333
407	9	Mi5	E5	336	336	1	8	357	99	96		125
408	9	Mi5	E5	336	336	1	8	357	99	96		125.1667
409	9	Re5	D5	327	327	1	8	357	99	96		125.3333
410	9	Mi5	E5	336	336	1	16	179	99	96		125.4167
411	9	Re5	D5	327	327	1	16	179	99	96		125.5
412	9	Do5	C5	318	318	1	16	179	99	96		125.5833
413	9	Si4b2	B4b1	312	313	1	16	179	99	96		125.6667
414	9	La4	A4	305	305	1	4	714	95	96		126
415	53			0	0	0	0	0	0	0		126
416	9	La5	A5	358	358	3	8	1071	99	96	Ey	126.5
417	9	Sol5	G5	349	349	1	8	357	95	96		126.6667
418	9	Sol5	G5	349	349	1	8	357	99	96	le	126.8333
419	9	Fa5	F5	340	340	1	8	357	95	96		127
420	9	Fa5	F5	340	340	1	8	357	99	96	di 	127.1667
421	9	Mi5	E5	336	336	1	8	357	95	96		127.3333
422	9	Mi5	E5	336	336	1	8	357	99	96	tan	127.5
423	9	Fa5	F5	340	340	1	8	357	99	96		127.6667
424	9	Mi5b2	E5b1	334	335	1	8	357	99	96		127.8333
425	9	Re5	D5	327	327	1	8	357	95	96		128
426	9	Re5	D5	327	327	1	8	357	99	96	bur_	128.1667
427	9	Mi5b3	E5b4	333	332	1	8	357	99	96		128.3333
428	9	Re5	D5	327	327	1	8	357	99	96		128.5
429	9	Mi5b3	E5b4	333	332	1	8	357	95	96		128.6667
430	9	Sol5	G5	349	349	1	8	357	99	96	i	128.8333
431	9	Fa5#4	F5#4	344	344	1	8	357	95	96		129
432	9	Mi5b3	E5b4	333	332	1	8	357	99	96	le 	129.1667
433	9	Re5	D5	327	327	1	8	357	95	96		129.3333
434	8	Mi5b3	E5b4	333	332	0	0	0	95	96		129.3333
435	9	Re5	D5	327	327	1	8	357	99	96	bir 	129.5
436	9	Do5	C5	318	318	1	4	714	99	96		129.8333
437	9	Si4b1	B4b1	313	313	1	8	357	95	96		130
438	9	Do5	C5	318	318	1	8	357	99	96	nað	130.1667
439	9	Si4b2	B4b1	312	313	1	8	357	99	96		130.3333
440	9	Do5	C5	318	318	1	8	357	99	96		130.5
441	9	Re5	D5	327	327	1	8	357	95	96		130.6667
442	9	Mi5	E5	336	336	1	8	357	99	96	me 	130.8333
443	9	Re5	D5	327	327	1	8	357	95	96		131
444	9	Do5	C5	318	318	1	8	357	99	96	Be	131.1667
445	9	Si4b2	B4b1	312	313	1	8	357	95	96		131.3333
446	9	Si4b2	B4b1	312	313	1	8	357	99	96	yâ	131.5
447	9	La4	A4	305	305	1	8	357	99	96		131.6667
448	8	Do5	C5	318	318	0	0	0	99	96		131.6667
449	9	Si4b2	B4b1	312	313	1	8	357	99	96		131.8333
450	9	La4	A4	305	305	1	8	357	95	96		132
451	9	La4	A4	305	305	3	4	2143	95	96	tî  	133
452	9	Do5#4	C5#4	322	322	1	4	714	95	96	SAZ 	133.3333
453	9	Re5	D5	327	327	3	8	1071	95	96	.	133.8333
454	9			-1	-1	1	8	357	100	0		134
455	53			0	0	0	0	0	0	0		134
456	9	Re5	D5	327	327	3	8	1071	99	96	Son	134.5
457	9	Mi5	E5	336	336	1	8	357	95	96		134.6667
458	9	Fa5	F5	340	340	1	8	357	99	96	ra 	134.8333
459	9	Mi5	E5	336	336	1	8	357	95	96		135
460	9	Re5	D5	327	327	1	8	357	99	96	Ni	135.1667
461	9	Do5#4	C5#4	322	322	1	8	357	95	96		135.3333
462	9	Re5	D5	327	327	1	2	1429	95	96	þâ	136
463	9	Re5	D5	327	327	3	8	1071	99	96	bu	136.5
464	9	Mi5	E5	336	336	1	8	357	95	96		136.6667
465	9	Fa5	F5	340	340	1	8	357	99	96	ra 	136.8333
466	9	Mi5	E5	336	336	1	8	357	95	96		137
467	9	Re5	D5	327	327	1	8	357	99	96	ka	137.1667
468	9	Do5#4	C5#4	322	322	1	8	357	95	96		137.3333
469	9	Re5	D5	327	327	3	8	1071	95	96	dem 	137.8333
470	9			-1	-1	1	8	357	100	0		138
471	9	Sol4	G4	296	296	1	2	1429	95	96	bas	138.6667
472	9	Re5	D5	327	327	1	4	714	95	96	tý 	139
473	9	Re5	D5	327	327	1	4	714	95	96	o 	139.3333
474	9	Re5	D5	327	327	1	8	357	99	96	per	139.5
475	9	Do5#4	C5#4	322	322	1	16	179	99	96		139.5833
476	9	Si4	B4	314	314	1	16	179	99	96		139.6667
477	9	Do5#4	C5#4	322	322	1	8	357	99	96		139.8333
478	9	Re5	D5	327	327	1	8	357	95	96		140
479	9	Do5#4	C5#4	322	322	1	4	714	99	96	de  	140.3333
480	9	Re5	D5	327	327	1	2	1429	99	96		141
481	9	Re5	D5	327	327	1	8	357	99	96		141.1667
482	9	Do5#4	C5#4	322	322	1	16	179	99	96		141.25
483	9	Si4	B4	314	314	1	16	179	99	90		141.3333
484	9	Si4	B4	314	314	3	8	1071	95	96		141.8333
485	9			-1	-1	1	8	357	100	0		142
486	53			0	0	0	0	0	0	0		142
487	9	Re5	D5	327	327	1	4	714	99	96	Semt_	142.3333
488	9	Mi5b5	E5b5	331	331	1	4	714	95	96		142.6667
489	9	Fa5	F5	340	340	1	4	714	95	96	i 	143
490	9	Re5	D5	327	327	1	4	714	95	96	Ni	143.3333
491	9	Mi5b5	E5b5	331	331	1	2	1429	95	96	hâ	144
492	9	Do5	C5	318	318	1	4	714	99	96	vend	144.3333
493	9	Re5	D5	327	327	1	4	714	95	96		144.6667
494	9	Do5	C5	318	318	1	4	714	95	96	den_	145
495	9	Si4b5	B4b5	309	309	1	8	357	99	96	a	145.1667
496	9	La4	A4	305	305	1	8	357	95	96		145.3333
497	9	Si4b5	B4b5	309	309	3	16	536	99	96	lýp 	145.5833
498	9	La4	A4	305	305	1	16	179	99	96		145.6667
499	9	Sol4	G4	296	296	1	4	714	95	96		146
500	9	La4	A4	305	305	1	8	357	99	96	ol 	146.1667
501	9	Si4b5	B4b5	309	309	1	8	357	99	96		146.3333
502	9	La4	A4	305	305	1	8	357	99	96		146.5
503	9	Si4b5	B4b5	309	309	1	8	357	95	96		146.6667
504	9	Re5	D5	327	327	1	8	357	99	96	meh_	146.8333
505	9	Do5	C5	318	318	1	8	357	95	96		147
506	9	Si4b5	B4b5	309	309	1	8	357	95	96	i 	147.1667
507	9	La4	A4	305	305	1	8	357	99	96	tâ	147.3333
508	9	La4	A4	305	305	1	8	357	99	96		147.5
509	9	Sol4	G4	296	296	1	8	357	99	96		147.6667
510	8	La4	A4	305	305	0	0	0	99	96		147.6667
511	9	Sol4	G4	296	296	1	8	357	99	96		147.8333
512	9	Fa4#4	F4#4	291	291	1	8	357	95	96		148
513	9	Sol4	G4	296	296	1	4	714	99	96	bý  	148.3333
514	9	La4	A4	305	305	1	4	714	99	96		148.6667
515	9	Si4b5	B4b5	309	309	1	4	714	99	96		149
516	9	Do5	C5	318	318	1	4	714	99	96		149.3333
517	9	Re5	D5	327	327	3	8	1071	95	96		149.8333
518	9			-1	-1	1	8	357	100	0		150
519	53			0	0	0	0	0	0	0		150
520	9	Re5	D5	327	327	1	4	714	99	96	Semt_	150.3333
521	9	Mi5b5	E5b5	331	331	1	4	714	95	96		150.6667
522	9	Fa5	F5	340	340	1	4	714	95	96	i 	151
523	9	Re5	D5	327	327	1	4	714	95	96	Ni	151.3333
524	9	Mi5b5	E5b5	331	331	1	2	1429	95	96	hâ	152
525	9	Do5	C5	318	318	1	4	714	99	96	vend	152.3333
526	9	Re5	D5	327	327	1	4	714	95	96		152.6667
527	9	Do5	C5	318	318	1	4	714	95	96	den_	153
528	9	Si4b5	B4b5	309	309	1	8	357	99	96	a	153.1667
529	9	La4	A4	305	305	1	8	357	95	96		153.3333
530	9	Si4b5	B4b5	309	309	3	16	536	99	96	lýp 	153.5833
531	9	La4	A4	305	305	1	16	179	99	96		153.6667
532	9	Sol4	G4	296	296	1	4	714	95	96		154
533	9	La4	A4	305	305	1	8	357	99	96	ol 	154.1667
534	9	Si4b5	B4b5	309	309	1	8	357	99	96		154.3333
535	9	La4	A4	305	305	1	8	357	99	96		154.5
536	9	Si4b5	B4b5	309	309	1	8	357	95	96		154.6667
537	9	Re5	D5	327	327	1	8	357	99	96	meh_	154.8333
538	9	Do5	C5	318	318	1	8	357	95	96		155
539	9	Si4b5	B4b5	309	309	1	8	357	95	96	i 	155.1667
540	9	La4	A4	305	305	1	8	357	99	96	tâ	155.3333
541	9	La4	A4	305	305	1	8	357	99	96		155.5
542	9	Sol4	G4	296	296	1	8	357	99	96		155.6667
543	8	La4	A4	305	305	0	0	0	99	96		155.6667
544	9	Sol4	G4	296	296	1	8	357	99	96		155.8333
545	9	Fa4#4	F4#4	291	291	1	8	357	95	96		156
546	9	Sol4	G4	296	296	3	4	2143	95	96	bý  	157
547	9	Re5	D5	327	327	1	4	714	95	96	SAZ 	157.3333
548	9	Mi5	E5	336	336	3	8	1071	95	96	.	157.8333
549	9			-1	-1	1	8	357	100	0		158
550	9	Re5	D5	327	327	3	8	1071	99	96	Bu 	158.5
551	9	Mi5	E5	336	336	1	8	357	95	96		158.6667
552	9	Mi5	E5	336	336	1	4	714	95	96	ge	159
553	9	Mi5	E5	336	336	1	4	714	95	96	ce 	159.3333
554	9	Mi5	E5	336	336	1	8	357	99	96	âh 	159.5
555	9	Sol5	G5	349	349	1	8	357	99	96		159.6667
556	9	Fa5#3	F5#4	343	344	1	8	357	99	96		159.8333
557	9	Mi5	E5	336	336	1	8	357	95	96		160
558	9	Mi5	E5	336	336	1	8	357	99	96	ü 	160.1667
559	9	Re5	D5	327	327	1	4	714	99	96		160.5
560	9	Do5	C5	318	318	1	8	357	95	96		160.6667
561	9	Do5	C5	318	318	1	8	357	99	96	fi	160.8333
562	9	Si4	B4	314	314	1	8	357	95	96		161
563	9	Si4	B4	314	314	1	8	357	99	96	ga	161.1667
564	9	La4	A4	305	305	1	8	357	95	96		161.3333
565	9	Si4	B4	314	314	1	8	357	99	96	ným 	161.5
566	9	La4	A4	305	305	1	8	357	99	96		161.6667
567	9	Sol4	G4	296	296	1	8	357	99	96		161.8333
568	9	Fa4#3	F4#4	290	291	1	8	357	95	96		162
569	9	Sol4	G4	296	296	1	4	714	99	96	çýk	162.3333
570	9	Fa4#3	F4#4	290	291	1	8	357	99	96		162.5
571	9	Mi4	E4	283	283	1	8	357	95	96		162.6667
572	9	La4	A4	305	305	1	4	714	95	96	tý 	163
573	9	Sol4	G4	296	296	1	8	357	99	96	Nü	163.1667
574	9	Fa4#3	F4#4	290	291	1	8	357	95	96		163.3333
575	9	Fa4#3	F4#4	290	291	3	16	536	99	96	hüft	163.5833
576	9	Mi4	E4	283	283	1	16	179	99	96		163.6667
577	9	Re4	D4	274	274	1	8	357	99	96		163.8333
578	9	Mi4	E4	283	283	1	8	357	95	96		164
579	9	Re4	D4	274	274	1	4	714	99	96	den  	164.3333
580	9	Mi4	E4	283	283	1	2	1429	95	96		165
581	9	Si4b2	B4b1	312	313	1	4	714	95	96	SAZ 	165.3333
582	9	Do5	C5	318	318	3	8	1071	95	96	.	165.8333
583	9			-1	-1	1	8	357	100	0		166
584	53			0	0	0	0	0	0	0		166
585	9	Do5	C5	318	318	1	2	1429	95	96	Vakd_	166.6667
586	9	Do5	C5	318	318	1	4	714	95	96	i 	167
587	9	Do5	C5	318	318	1	4	714	95	96	Sa	167.3333
588	9	Do5	C5	318	318	3	8	1071	99	96	bâ	167.8333
589	9	Re5b3	D5b4	324	323	1	8	357	95	96		168
590	9	Re5b3	D5b4	324	323	1	4	714	99	96	ya 	168.3333
591	8	Mi5	E5	336	336	0	0	0	99	96		168.3333
592	9	Re5b3	D5b4	324	323	1	8	357	99	96		168.5
593	9	Do5	C5	318	318	1	8	357	95	96		168.6667
594	9	Do5	C5	318	318	1	4	714	95	96	va	169
595	8	Re5b3	D5b4	324	323	0	0	0	95	96		169
596	9	Do5	C5	318	318	1	8	357	99	96	rý	169.1667
597	9	Si4b2	B4b1	312	313	1	8	357	95	96		169.3333
598	9	Si4b2	B4b1	312	313	3	8	1071	95	96	cak 	169.8333
599	9			-1	-1	1	8	357	100	0		170
600	9	Do5	C5	318	318	1	4	714	99	96	sar	170.3333
601	9	Re5b3	D5b4	324	323	1	4	714	95	96		170.6667
602	9	Re5b3	D5b4	324	323	1	8	357	99	96	dý 	170.8333
603	9	Mi5	E5	336	336	1	8	357	95	96		171
604	9	Re5b3	D5b4	324	323	1	8	357	99	96	me	171.1667
605	9	Do5	C5	318	318	1	8	357	95	96		171.3333
606	9	Do5	C5	318	318	1	16	179	99	96	yâ	171.4167
607	9	Si4b2	B4b1	312	313	1	16	179	99	96		171.5
608	9	La4	A4	305	305	1	8	357	99	96		171.6667
609	9	Si4b2	B4b1	312	313	1	8	357	99	96		171.8333
610	9	Do5	C5	318	318	1	8	357	95	96		172
611	9	Si4b2	B4b1	312	313	1	4	714	99	96	ný  	172.3333
612	9	Do5	C5	318	318	3	4	2143	95	96		173.3333
613	9	Do5	C5	318	318	1	8	357	95	96	SAZ 	173.5
614	9	Si4b2	B4b1	312	313	1	8	357	95	96	.	173.6667
615	9	La4	A4	305	305	1	8	357	95	96	.	173.8333
616	9	Sol4	G4	296	296	1	8	357	95	96		174
617	9	Do5	C5	318	318	1	2	1429	95	96	Vakd_	174.6667
618	9	Do5	C5	318	318	1	4	714	95	96	i 	175
619	9	Do5	C5	318	318	1	4	714	95	96	Sa	175.3333
620	9	Do5	C5	318	318	3	8	1071	99	96	bâ	175.8333
621	9	Re5b3	D5b4	324	323	1	8	357	95	96		176
622	9	Re5b3	D5b4	324	323	1	4	714	99	96	ya 	176.3333
623	8	Mi5	E5	336	336	0	0	0	99	96		176.3333
624	9	Re5b3	D5b4	324	323	1	8	357	99	96		176.5
625	9	Do5	C5	318	318	1	8	357	95	96		176.6667
626	9	Do5	C5	318	318	1	4	714	95	96	va	177
627	9	Do5	C5	318	318	1	8	357	99	96	rý	177.1667
628	9	Si4b2	B4b1	312	313	1	8	357	95	96		177.3333
629	9	Si4b2	B4b1	312	313	3	8	1071	95	96	cak 	177.8333
630	9			-1	-1	1	8	357	100	0		178
631	9	Do5	C5	318	318	1	4	714	99	96	sar	178.3333
632	9	Re5b3	D5b4	324	323	1	4	714	95	96		178.6667
633	9	Re5b3	D5b4	324	323	1	8	357	99	96	dý 	178.8333
634	9	Mi5	E5	336	336	1	8	357	95	96		179
635	9	Re5b3	D5b4	324	323	1	8	357	99	96	me	179.1667
636	9	Do5	C5	318	318	1	8	357	95	96		179.3333
637	9	Do5	C5	318	318	1	8	357	99	96	yâ	179.5
638	9	Si4b2	B4b1	312	313	1	4	714	99	96		179.8333
639	9	La4	A4	305	305	1	8	357	95	96		180
640	9	La4	A4	305	305	3	4	2143	95	96	ný  	181
641	9	Si4b2	B4b1	312	313	1	4	714	95	96	SAZ 	181.3333
642	9	Do5	C5	318	318	3	8	1071	95	96	.	181.8333
643	9			-1	-1	1	8	357	95	0		182
644	53			0	0	0	0	0	0	0		182
645	9	Do5	C5	318	318	1	2	1429	95	96	Et	182.6667
646	9	Re5b3	D5b4	324	323	1	4	714	95	96	di 	183
647	9	Mi5	E5	336	336	1	4	714	95	96	gö	183.3333
648	9	Fa5	F5	340	340	1	4	714	99	96	nül 	183.6667
649	9	La5b4	A5b4	354	354	1	4	714	95	96		184
650	9	Sol5	G5	349	349	1	4	714	99	96	ça	184.3333
651	8	La5b4	A5b4	354	354	0	0	0	99	96		184.3333
652	9	Sol5	G5	349	349	1	8	357	99	96		184.5
653	9	Fa5	F5	340	340	1	8	357	95	96		184.6667
654	9	Fa5	F5	340	340	1	8	357	99	96	re 	184.8333
655	9	Mi5	E5	336	336	1	8	357	95	96		185
656	9	Mi5	E5	336	336	1	8	357	99	96	ek	185.1667
657	9	Re5b3	D5b4	324	323	1	8	357	95	96		185.3333
658	9	Re5b3	D5b4	324	323	1	8	357	99	96	nûn 	185.5
659	9	Mi5	E5	336	336	1	8	357	99	96		185.6667
660	9	Re5b3	D5b4	324	323	1	8	357	99	96		185.8333
661	9	Do5	C5	318	318	1	8	357	95	96		186
662	9	Do5	C5	318	318	1	4	714	99	96	Çar	186.3333
663	9	Re5b3	D5b4	324	323	1	4	714	95	96		186.6667
664	9	Re5b3	D5b4	324	323	1	8	357	99	96	gâh 	186.8333
665	9	Do5	C5	318	318	1	8	357	95	96		187
666	9	Do5	C5	318	318	1	8	357	99	96	o	187.1667
667	9	Re5b3	D5b4	324	323	1	8	357	95	96		187.3333
668	9	Do5	C5	318	318	1	8	357	99	96	kun	187.5
669	9	Si4b2	B4b1	312	313	1	16	179	99	96		187.5833
670	9	La4	A4	305	305	1	16	179	99	96		187.6667
671	9	Si4b2	B4b1	312	313	1	8	357	99	96		187.8333
672	9	Do5	C5	318	318	1	8	357	95	96		188
673	9	Si4b2	B4b1	312	313	1	4	714	99	96	du  	188.3333
674	9	Do5	C5	318	318	1	2	1429	100	96		189
675	9	Do5	C5	318	318	1	2	1429	95	96		189.6667
676	9			-1	-1	1	4	714	100	0		190
677	53			0	0	0	0	0	0	0		190
678	9	La4	A4	305	305	1	2	1429	95	96	Al	190.6667
679	9	La4	A4	305	305	1	4	714	95	96	dý 	191
680	9	La4	A4	305	305	1	4	714	95	96	e	191.3333
681	9	Si4b4	B4b4	310	310	1	4	714	99	96	le 	191.6667
682	9	Do5#4	C5#4	322	322	1	8	357	99	96		191.8333
683	9	Si4b4	B4b4	310	310	1	8	357	95	96		192
684	9	La4	A4	305	305	1	2	1429	95	96	nâ	192.6667
685	9	Do5#4	C5#4	322	322	1	8	357	99	96	yý 	192.8333
686	9	Si4b4	B4b4	310	310	1	8	357	95	96		193
687	9	Si4b4	B4b4	310	310	1	8	357	99	96	he	193.1667
688	9	La4	A4	305	305	1	8	357	95	96		193.3333
689	9	La4	A4	305	305	1	4	714	99	96	man 	193.6667
690	9	So4#4	G4#4	300	300	1	4	714	95	96		194
691	9	La4	A4	305	305	1	2	1429	95	96	tut	194.6667
692	9	So4#4	G4#4	300	300	1	4	714	95	96	du 	195
693	9	La4	A4	305	305	1	4	714	95	96	Dü	195.3333
694	9	Si4b4	B4b4	310	310	1	8	357	99	96	gâ	195.5
695	9	La4	A4	305	305	1	8	357	99	96		195.6667
696	8	Do5	C5	318	318	0	0	0	99	96		195.6667
697	9	Si4b4	B4b4	310	310	1	8	357	99	96		195.8333
698	9	La4	A4	305	305	1	8	357	95	96		196
699	9	So4#4	G4#4	300	300	1	4	714	99	96	hý  	196.3333
700	9	La4	A4	305	305	1	2	1429	95	96		197
701	9	Re5	D5	327	327	1	4	714	95	96	SAZ 	197.3333
702	9	Mi5	E5	336	336	3	8	1071	95	96	.	197.8333
703	9			-1	-1	1	8	357	100	0		198
704	53			0	0	0	0	0	0	0		198
705	9	Re5	D5	327	327	1	4	714	99	96	Say	198.3333
706	9	Do5	C5	318	318	1	4	714	95	96		198.6667
707	9	Re5	D5	327	327	1	4	714	95	96	dý 	199
708	9	Mi5	E5	336	336	1	4	714	95	96	Hü	199.3333
709	9	Mi5	E5	336	336	1	2	1429	95	96	sey	200
710	9	Re5	D5	327	327	1	4	714	99	96	nî	200.3333
711	9	Do5	C5	318	318	1	4	714	95	96		200.6667
712	9	Re5	D5	327	327	1	4	714	95	96	de 	201
713	9	Mi5	E5	336	336	1	4	714	95	96	ta	201.3333
714	9	Fa5#3	F5#4	343	344	3	8	1071	95	96	mam 	201.8333
715	9			-1	-1	1	8	357	100	0		202
716	9	Re5	D5	327	327	1	2	1429	95	96	nað	202.6667
717	9	La5	A5	358	358	1	4	714	95	96	me	203
718	9	Sol5	G5	349	349	1	8	357	99	96	yi 	203.1667
719	9	Fa5#3	F5#4	343	344	1	8	357	95	96		203.3333
720	9	Fa5#3	F5#4	343	344	1	8	357	99	96	bir 	203.5
721	9	Mi5	E5	336	336	1	8	357	99	96		203.6667
722	9	Fa5#1	F5#1	341	341	1	8	357	99	96		203.8333
723	9	Mi5	E5	336	336	1	8	357	95	96		204
724	9	Mi5	E5	336	336	1	2	1429	95	96	bir  	204.6667
725	9	Mi5	E5	336	336	1	8	357	95	96	SAZ	204.8333
726	9	Re5	D5	327	327	1	8	357	95	96	.	205
727	9	Do5	C5	318	318	1	8	357	95	96	.	205.1667
728	9	Si4b2	B4b1	312	313	1	8	357	95	96	.	205.3333
729	9	La4	A4	305	305	3	8	1071	95	96	.	205.8333
730	9			-1	-1	1	8	357	100	0		206
731	53			0	0	0	0	0	0	0		206
732	9	Re5	D5	327	327	1	4	714	99	96	Say	206.3333
733	9	Do5	C5	318	318	1	4	714	95	96		206.6667
734	9	Re5	D5	327	327	1	4	714	95	96	dý 	207
735	9	Mi5	E5	336	336	1	4	714	95	96	Hü	207.3333
736	9	Mi5	E5	336	336	1	2	1429	95	96	sey	208
737	9	Re5	D5	327	327	1	4	714	99	96	nî	208.3333
738	9	Do5	C5	318	318	1	4	714	95	96		208.6667
739	9	Re5	D5	327	327	1	4	714	95	96	de 	209
740	9	Mi5	E5	336	336	1	4	714	95	96	ta	209.3333
741	9	Fa5#3	F5#4	343	344	3	8	1071	95	96	mam 	209.8333
742	9			-1	-1	1	8	357	100	0		210
743	9	Re5	D5	327	327	1	2	1429	95	96	nað	210.6667
744	9	La5	A5	358	358	1	4	714	95	96	me	211
745	9	Sol5	G5	349	349	1	8	357	99	96	yi 	211.1667
746	9	Fa5#3	F5#4	343	344	1	8	357	95	96		211.3333
747	9	Fa5#3	F5#4	343	344	1	8	357	99	96	bir 	211.5
748	9	Mi5	E5	336	336	1	8	357	99	96		211.6667
749	9	Fa5#1	F5#1	341	341	1	8	357	99	96		211.8333
750	9	Mi5	E5	336	336	1	8	357	95	96		212
751	9	Mi5	E5	336	336	3	4	2143	95	96	bir  	213
752	9	Re5	D5	327	327	1	4	714	95	96	SAZ	213.3333
753	9	Mi5	E5	336	336	3	8	1071	95	96	.	213.8333
754	9			-1	-1	1	8	357	100	0		214
755	9	Mi5	E5	336	336	1	2	1429	95	96	Ey	214.6667
756	9	Re5#4	D5#4	331	331	1	4	714	95	96	le	215
757	9	Mi5	E5	336	336	1	4	714	95	96	yi 	215.3333
758	9	La5	A5	358	358	1	2	1429	95	96	cek 	216
759	9	Mi5	E5	336	336	1	4	714	99	96	sâ	216.3333
760	9	Fa5	F5	340	340	1	4	714	95	96		216.6667
761	9	Mi5	E5	336	336	1	4	714	95	96	zý 	217
762	9	Re5	D5	327	327	1	4	714	95	96	ic	217.3333
763	9	Mi5	E5	336	336	3	8	1071	95	96	râ 	217.8333
764	9			-1	-1	1	8	357	100	0		218
765	9	Do5	C5	318	318	1	2	1429	95	96	dev	218.6667
766	9	Si4b2	B4b1	312	313	1	4	714	95	96	ri 	219
767	9	La4	A4	305	305	1	4	714	95	96	Hi	219.3333
768	9	Si4b2	B4b1	312	313	1	8	357	99	96	sâ	219.5
769	9	Do5	C5	318	318	1	8	357	99	96		219.6667
770	9	Si4b2	B4b1	312	313	1	8	357	99	96		219.8333
771	9	La4	A4	305	305	1	8	357	95	96		220
772	9	La4	A4	305	305	1	4	714	99	96	rý  	220.3333
773	9	Si4b2	B4b1	312	313	1	4	714	99	96		220.6667
774	9	Do5	C5	318	318	1	4	714	99	96		221
775	9	Re5	D5	327	327	1	4	714	99	96		221.3333
776	9	Mi5	E5	336	336	3	8	1071	95	96		221.8333
777	9			-1	-1	1	8	357	100	0		222
778	53			0	0	0	0	0	0	0		222
779	9	Mi5	E5	336	336	1	2	1429	95	96	Ey	222.6667
780	9	Re5#4	D5#4	331	331	1	4	714	95	96	le	223
781	9	Mi5	E5	336	336	1	4	714	95	96	yi 	223.3333
782	9	La5	A5	358	358	1	2	1429	95	96	cek 	224
783	9	Mi5	E5	336	336	1	4	714	99	96	sâ	224.3333
784	9	Fa5	F5	340	340	1	4	714	95	96		224.6667
785	9	Mi5	E5	336	336	1	4	714	95	96	zý 	225
786	9	Re5	D5	327	327	1	4	714	95	96	ic	225.3333
787	9	Mi5	E5	336	336	3	8	1071	95	96	râ 	225.8333
788	9			-1	-1	1	8	357	100	0		226
789	9	Do5	C5	318	318	1	2	1429	95	96	dev	226.6667
790	9	Si4b2	B4b1	312	313	1	4	714	95	96	ri 	227
791	9	La4	A4	305	305	1	4	714	95	96	Hi	227.3333
792	9	Si4b2	B4b1	312	313	1	8	357	99	96	sâ	227.5
793	9	Do5	C5	318	318	1	8	357	99	96		227.6667
794	9	Si4b2	B4b1	312	313	1	8	357	99	96		227.8333
795	9	La4	A4	305	305	1	8	357	95	96		228
796	9	Sol4	G4	296	296	1	4	714	99	96	rý  	228.3333
797	9	La4	A4	305	305	1	2	1429	95	96		229
798	9	Sol5	G5	349	349	1	4	714	95	96	SAZ	229.3333
799	9	La5	A5	358	358	3	8	1071	95	96	.	229.8333
800	9			-1	-1	1	8	357	100	0		230
801	9	Sol5	G5	349	349	3	8	1071	99	96	Ol	230.5
802	9	La5	A5	358	358	1	8	357	95	96		230.6667
803	9	La5	A5	358	358	1	4	714	95	96	du 	231
804	9	La5	A5	358	358	1	4	714	95	96	Mu	231.3333
805	9	La5	A5	358	358	1	8	357	99	96	hay	231.5
806	9	Do6	C6	371	371	1	8	357	99	96		231.6667
807	9	Si5b2	B5b1	365	366	1	8	357	99	96		231.8333
808	9	La5	A5	358	358	1	8	357	95	96		232
809	8	Si5b2	B5b1	365	366	0	0	0	95	96		232
810	9	La5	A5	358	358	1	8	357	99	96	yer 	232.1667
811	9	Sol5	G5	349	349	1	4	714	99	96		232.5
812	9	Fa5	F5	340	340	1	8	357	95	96		232.6667
813	9	Fa5	F5	340	340	1	8	357	99	96	o 	232.8333
814	9	Mi5	E5	336	336	1	8	357	95	96		233
815	9	Mi5	E5	336	336	1	8	357	99	96	gü	233.1667
816	9	Re5	D5	327	327	1	8	357	95	96		233.3333
817	9	Mi5	E5	336	336	1	8	357	99	96	zel 	233.5
818	9	Re5	D5	327	327	1	8	357	99	96		233.6667
819	9	Do5	C5	318	318	1	8	357	99	96		233.8333
820	9	Si4b2	B4b1	312	313	1	8	357	95	96		234
821	9	Do5	C5	318	318	1	4	714	99	96	baþ	234.3333
822	9	Si4b2	B4b1	312	313	1	8	357	99	96		234.5
823	9	La4	A4	305	305	1	8	357	95	96		234.6667
824	9	Re5	D5	327	327	1	4	714	95	96	la	235
825	9	Do5	C5	318	318	1	8	357	99	96	dý 	235.1667
826	9	Si4b2	B4b1	312	313	1	8	357	95	96		235.3333
827	9	Si4b2	B4b1	312	313	1	8	357	99	96	cev	235.5
828	9	La4	A4	305	305	1	8	357	99	96		235.6667
829	8	Do5	C5	318	318	0	0	0	99	96		235.6667
830	9	Si4b2	B4b1	312	313	1	8	357	99	96		235.8333
831	9	La4	A4	305	305	1	8	357	95	96		236
832	9	Sol4	G4	296	296	1	4	714	99	96	re  	236.3333
833	9	La4	A4	305	305	1	2	1429	95	96		237
834	9	Sol5	G5	349	349	1	4	714	95	96	SAZ	237.3333
835	9	La5	A5	358	358	3	8	1071	95	96	.	237.8333
836	9			-1	-1	1	8	357	100	0		238
837	53			0	0	0	0	0	0	0		238
838	9	Sol5	G5	349	349	3	8	1071	99	96	Ol	238.5
839	9	La5	A5	358	358	1	8	357	95	96		238.6667
840	9	La5	A5	358	358	1	4	714	95	96	du 	239
841	9	La5	A5	358	358	1	4	714	95	96	Mu	239.3333
842	9	La5	A5	358	358	1	8	357	99	96	hay	239.5
843	9	Do6	C6	371	371	1	8	357	99	96		239.6667
844	9	Si5b2	B5b1	365	366	1	8	357	99	96		239.8333
845	9	La5	A5	358	358	1	8	357	95	96		240
846	8	Si5b2	B5b1	365	366	0	0	0	95	96		240
847	9	La5	A5	358	358	1	8	357	99	96	yer 	240.1667
848	9	Sol5	G5	349	349	1	4	714	99	96		240.5
849	9	Fa5	F5	340	340	1	8	357	95	96		240.6667
850	9	Fa5	F5	340	340	1	8	357	99	96	o 	240.8333
851	9	Mi5	E5	336	336	1	8	357	95	96		241
852	9	Mi5	E5	336	336	1	8	357	99	96	gü	241.1667
853	9	Re5	D5	327	327	1	8	357	95	96		241.3333
854	9	Mi5	E5	336	336	1	8	357	99	96	zel 	241.5
855	9	Re5	D5	327	327	1	8	357	99	96		241.6667
856	9	Do5	C5	318	318	1	8	357	99	96		241.8333
857	9	Si4b2	B4b1	312	313	1	8	357	95	96		242
858	9	Do5	C5	318	318	1	4	714	99	96	baþ	242.3333
859	9	Si4b2	B4b1	312	313	1	8	357	99	96		242.5
860	9	La4	A4	305	305	1	8	357	95	96		242.6667
861	9	Re5	D5	327	327	1	4	714	95	96	la	243
862	9	Do5	C5	318	318	1	8	357	99	96	dý 	243.1667
863	9	Si4b2	B4b1	312	313	1	8	357	95	96		243.3333
864	9	Si4b2	B4b1	312	313	1	8	357	99	96	cev	243.5
865	9	La4	A4	305	305	1	8	357	99	96		243.6667
866	8	Do5	C5	318	318	0	0	0	99	96		243.6667
867	9	Si4b2	B4b1	312	313	1	8	357	99	96		243.8333
868	9	La4	A4	305	305	1	8	357	95	96		244
869	9	Sol4	G4	296	296	1	4	714	99	96	re  	244.3333
870	9	La4	A4	305	305	1	2	1429	95	96		245
871	9	Si4	B4	314	314	1	4	714	95	96	SAZ	245.3333
872	9	Do5	C5	318	318	3	8	1071	95	96	.	245.8333
873	9			-1	-1	1	8	357	100	0		246
874	9	Do5	C5	318	318	1	4	714	95	96	Bû	246.3333
875	9	Si4	B4	314	314	1	4	714	95	96	se	246.6667
876	9	Do5	C5	318	318	1	4	714	95	96	lik 	247
877	9	Re5	D5	327	327	1	4	714	95	96	i	247.3333
878	9	Mi5	E5	336	336	3	8	1071	99	96	çin 	247.8333
879	9	Re5	D5	327	327	1	8	357	95	96		248
880	9	Re5	D5	327	327	1	8	357	99	96	ey	248.1667
881	9	Fa5	F5	340	340	1	8	357	99	96		248.3333
882	9	Mi5	E5	336	336	1	8	357	99	96		248.5
883	9	Re5	D5	327	327	1	8	357	95	96		248.6667
884	9	Re5	D5	327	327	1	8	357	99	96	le	248.8333
885	9	Do5	C5	318	318	1	8	357	95	96		249
886	9	Do5	C5	318	318	1	8	357	99	96	yi	249.1667
887	9	Si4	B4	314	314	1	8	357	95	96		249.3333
888	9	Do5	C5	318	318	3	16	536	99	96	cek 	249.5833
889	9	Si4	B4	314	314	1	16	179	99	96		249.6667
890	9	La4	A4	305	305	1	4	714	95	96		250
891	9	Do5	C5	318	318	1	4	714	99	96	giz	250.3333
892	9	Si4	B4	314	314	1	4	714	95	96		250.6667
893	9	La4	A4	305	305	1	4	714	95	96	li 	251
894	9	So4#4	G4#4	300	300	1	8	357	99	96	ni	251.1667
895	9	La4	A4	305	305	1	8	357	95	96		251.3333
896	9	Si4	B4	314	314	1	8	357	99	96	yâ	251.5
897	9	Do5	C5	318	318	1	8	357	99	96		251.6667
898	9	Si4	B4	314	314	1	8	357	99	96		251.8333
899	9	La4	A4	305	305	1	8	357	95	96		252
900	9	La4	A4	305	305	1	4	714	99	96	zý  	252.3333
901	9	Si4	B4	314	314	1	4	714	99	96		252.6667
902	9	Do5	C5	318	318	1	4	714	99	96		253
903	9	Re5	D5	327	327	1	4	714	99	96		253.3333
904	9	Mi5	E5	336	336	3	8	1071	95	96		253.8333
905	9			-1	-1	1	8	357	100	0		254
906	53			0	0	0	0	0	0	0		254
907	9	Do5	C5	318	318	1	4	714	95	96	Bû	254.3333
908	9	Si4	B4	314	314	1	4	714	95	96	se	254.6667
909	9	Do5	C5	318	318	1	4	714	95	96	lik 	255
910	9	Re5	D5	327	327	1	4	714	95	96	i	255.3333
911	9	Mi5	E5	336	336	3	8	1071	99	96	çin 	255.8333
912	9	Re5	D5	327	327	1	8	357	95	96		256
913	9	Re5	D5	327	327	1	8	357	99	96	ey	256.1667
914	9	Fa5	F5	340	340	1	8	357	99	96		256.3333
915	9	Mi5	E5	336	336	1	8	357	99	96		256.5
916	9	Re5	D5	327	327	1	8	357	95	96		256.6667
917	9	Re5	D5	327	327	1	8	357	99	96	le	256.8333
918	9	Do5	C5	318	318	1	8	357	95	96		257
919	9	Do5	C5	318	318	1	8	357	99	96	yi	257.1667
920	9	Si4	B4	314	314	1	8	357	95	96		257.3333
921	9	Do5	C5	318	318	3	16	536	99	96	cek 	257.5833
922	9	Si4	B4	314	314	1	16	179	99	96		257.6667
923	9	La4	A4	305	305	1	4	714	95	96		258
924	9	Do5	C5	318	318	1	4	714	99	96	giz	258.3333
925	9	Si4	B4	314	314	1	4	714	95	96		258.6667
926	9	La4	A4	305	305	1	4	714	95	96	li 	259
927	9	So4#4	G4#4	300	300	1	8	357	99	96	ni	259.1667
928	9	La4	A4	305	305	1	8	357	95	96		259.3333
929	9	Si4	B4	314	314	1	8	357	99	96	yâ	259.5
930	9	Do5	C5	318	318	1	8	357	99	96		259.6667
931	9	Si4	B4	314	314	1	8	357	99	96		259.8333
932	9	La4	A4	305	305	1	8	357	95	96		260
933	9	So4#4	G4#4	300	300	1	4	714	99	96	zý  	260.3333
934	9	La4	A4	305	305	1	2	1429	99	96		261
935	9	Do5#4	C5#4	322	322	1	4	714	99	96		261.3333
936	9	Re5	D5	327	327	3	8	1071	95	96		261.8333
937	9			-1	-1	1	8	357	100	0		262
938	9	Re5	D5	327	327	1	2	1429	95	96	Kû	262.6667
939	9	Re5	D5	327	327	1	4	714	95	96	yi 	263
940	9	Re5	D5	327	327	1	4	714	95	96	Hi	263.3333
941	9	Re5	D5	327	327	1	8	357	99	96	câ	263.5
942	9	Do5#4	C5#4	322	322	1	8	357	99	96		263.6667
943	9	Re5	D5	327	327	1	8	357	99	96		263.8333
944	9	Do5#4	C5#4	322	322	1	8	357	95	96		264
945	9	Do5#4	C5#4	322	322	1	2	1429	95	96	za 	264.6667
946	9	Re5	D5	327	327	1	4	714	95	96	va	265
947	9	Do5#4	C5#4	322	322	1	8	357	99	96	rý	265.1667
948	9	Si4b4	B4b4	310	310	1	8	357	95	96		265.3333
949	9	La4	A4	305	305	1	2	1429	95	96	cak 	266
950	9	Do5#4	C5#4	322	322	1	2	1429	95	96	pâ	266.6667
951	9	Re5	D5	327	327	1	4	714	95	96	yi	267
952	8	Mi5	E5	336	336	0	0	0	95	96		267
953	9	Re5	D5	327	327	1	8	357	99	96	ne 	267.1667
954	9	Do5#4	C5#4	322	322	1	8	357	95	96		267.3333
955	9	Si4b4	B4b4	310	310	3	16	536	99	96	düþ	267.5833
956	9	La4	A4	305	305	1	16	179	99	96		267.6667
957	9	Sol4	G4	296	296	1	4	714	95	96		268
958	9	Mi5	E5	336	336	1	4	714	99	96	düm  	268.3333
959	9	Fa5	F5	340	340	1	4	714	99	96		268.6667
960	9	Mi5	E5	336	336	1	4	714	99	96		269
961	9	Re5	D5	327	327	1	8	357	99	96		269.1667
962	9	Do5#4	C5#4	322	322	1	8	357	99	96		269.3333
963	8	Mi5	E5	336	336	0	0	0	99	96		269.3333
964	9	Re5	D5	327	327	1	2	1429	95	96		270
965	53			0	0	0	0	0	0	0		270
966	9	Re5	D5	327	327	1	2	1429	95	96	Kû	270.6667
967	9	Re5	D5	327	327	1	4	714	95	96	yi 	271
968	9	Re5	D5	327	327	1	4	714	95	96	Hi	271.3333
969	9	Re5	D5	327	327	1	8	357	99	96	câ	271.5
970	9	Do5#4	C5#4	322	322	1	8	357	99	96		271.6667
971	8	Mi5	E5	336	336	0	0	0	99	96		271.6667
972	9	Re5	D5	327	327	1	8	357	99	96		271.8333
973	9	Do5#4	C5#4	322	322	1	8	357	95	96		272
974	9	Do5#4	C5#4	322	322	1	2	1429	95	96	za 	272.6667
975	9	Re5	D5	327	327	1	4	714	95	96	va	273
976	9	Do5#4	C5#4	322	322	1	8	357	99	96	rý	273.1667
977	9	Si4b4	B4b4	310	310	1	8	357	95	96		273.3333
978	9	La4	A4	305	305	1	2	1429	95	96	cak 	274
979	9	Do5#4	C5#4	322	322	1	2	1429	95	96	pâ	274.6667
980	9	Re5	D5	327	327	1	4	714	95	96	yi	275
981	8	Mi5	E5	336	336	0	0	0	95	96		275
982	9	Re5	D5	327	327	1	8	357	99	96	ne 	275.1667
983	9	Do5#4	C5#4	322	322	1	8	357	95	96		275.3333
984	9	Do5#4	C5#4	322	322	1	8	357	99	96	düþ	275.5
985	9	Si4b4	B4b4	310	310	1	4	714	99	96		275.8333
986	9	La4	A4	305	305	1	8	357	95	96		276
987	9	La4	A4	305	305	3	4	2143	95	96	düm  	277
988	9	So5#4	G5#4	353	353	1	4	714	95	96	SAZ	277.3333
989	9	La5	A5	358	358	3	8	1071	95	96	.	277.8333
990	9			-1	-1	1	8	357	100	0		278
991	53			0	0	0	0	0	0	0		278
992	9	La5	A5	358	358	1	2	1429	95	96	Et	278.6667
993	9	La5	A5	358	358	1	4	714	95	96	di 	279
994	9	La5	A5	358	358	1	4	714	95	96	o 	279.3333
995	9	Sol5#4	G5#4	353	353	1	4	714	99	96	Þeh	279.6667
996	9	La5	A5	358	358	1	4	714	95	96		280
997	9	Si5	B5	367	367	1	4	714	99	96	nâz 	280.3333
998	9	La5	A5	358	358	1	4	714	95	96		280.6667
999	9	Sol5#4	G5#4	353	353	1	4	714	95	96	i	281
1000	9	Fa5	F5	340	340	1	4	714	95	96	le 	281.3333
1001	9	Mi5	E5	336	336	3	8	1071	99	96	bir 	281.8333
1002	9	Re5	D5	327	327	1	8	357	95	96		282
1003	9	Do5#4	C5#4	322	322	1	2	1429	95	96	giz	282.6667
1004	9	Do5#4	C5#4	322	322	1	4	714	95	96	li 	283
1005	9	Re5	D5	327	327	1	4	714	95	96	ni	283.3333
1006	9	Do5#4	C5#4	322	322	1	8	357	99	96	gâ	283.5
1007	9	Si4b4	B4b4	310	310	1	4	714	99	96		283.8333
1008	9	La4	A4	305	305	1	8	357	95	96		284
1009	9	La4	A4	305	305	3	4	2143	95	96	hý  	285
1010	9	Sol5#4	G5#4	353	353	1	4	714	95	96	SAZ	285.3333
1011	9	La5	A5	358	358	3	8	1071	95	96	.	285.8333
1012	9			-1	-1	1	8	357	100	0		286
1013	53			0	0	0	0	0	0	0		286
1014	9	La5	A5	358	358	1	2	1429	95	96	Et	286.6667
1015	9	La5	A5	358	358	1	4	714	95	96	di 	287
1016	9	La5	A5	358	358	1	4	714	95	96	o 	287.3333
1017	9	Sol5#4	G5#4	353	353	1	4	714	99	96	Þeh	287.6667
1018	9	La5	A5	358	358	1	4	714	95	96		288
1019	9	Si5	B5	367	367	1	4	714	99	96	nâz 	288.3333
1020	9	La5	A5	358	358	1	4	714	95	96		288.6667
1021	9	Sol5#4	G5#4	353	353	1	4	714	95	96	i	289
1022	9	Fa5	F5	340	340	1	4	714	95	96	le 	289.3333
1023	9	Mi5	E5	336	336	3	8	1071	99	96	bir 	289.8333
1024	9	Re5	D5	327	327	1	8	357	95	96		290
1025	9	Do5#4	C5#4	322	322	1	2	1429	95	96	giz	290.6667
1026	9	Do5#4	C5#4	322	322	1	4	714	95	96	li 	291
1027	9	Re5	D5	327	327	1	4	714	95	96	ni	291.3333
1028	9	Do5#4	C5#4	322	322	1	8	357	99	96	gâ	291.5
1029	9	Si4b4	B4b4	310	310	1	4	714	99	96		291.8333
1030	9	La4	A4	305	305	1	8	357	95	96		292
1031	9	La4	A4	305	305	3	4	2143	95	96	hý  	293
1032	9	Mi5#4	E5#4	340	340	1	4	714	95	96	SAZ	293.3333
1033	9	Fa5#4	F5#4	344	344	1	2	1429	95	96	.	294
1034	9	Re5	D5	327	327	1	4	714	95	96	Ra	294.3333
1035	9	Mi5#4	E5#4	340	340	1	4	714	95	96	ha	294.6667
1036	9	Fa5#4	F5#4	344	344	1	4	714	95	96	tül_	295
1037	9	Sol5	G5	349	349	1	8	357	99	96	er	295.1667
1038	9	Fa5#4	F5#4	344	344	1	8	357	95	96		295.3333
1039	9	Fa5#4	F5#4	344	344	1	2	1429	95	96	vâh	296
1040	9	Re5	D5	327	327	1	4	714	95	96	la 	296.3333
1041	9	Re5	D5	327	327	1	4	714	95	96	kýl	296.6667
1042	9	Fa5#4	F5#4	344	344	1	4	714	95	96	dý 	297
1043	9	Mi5	E5	336	336	1	8	357	99	96	ba	297.1667
1044	9	Re5	D5	327	327	1	8	357	95	96		297.3333
1045	9	Re5	D5	327	327	1	8	357	99	96	na 	297.5
1046	9	Do5	C5	318	318	1	8	357	99	96		297.6667
1047	9	Si4b1	B4b1	313	313	1	8	357	99	96		297.8333
1048	9	La4	A4	305	305	1	8	357	95	96		298
1049	9	La4	A4	305	305	3	8	1071	99	96	mâ	298.5
1050	9	Si4b1	B4b1	313	313	1	8	357	95	96		298.6667
1051	9	Do5	C5	318	318	1	4	714	95	96	nen	299
1052	9	Si4b1	B4b1	313	313	1	8	357	99	96	di 	299.1667
1053	9	La4	A4	305	305	1	8	357	95	96		299.3333
1054	9	La4	A4	305	305	1	8	357	99	96	iz	299.5
1055	9	Sol4	G4	296	296	1	8	357	99	96		299.6667
1056	9	Sol4	G4	296	296	1	8	357	99	96		299.8333
1057	9	Fa4#4	F4#4	291	291	1	8	357	95	96		300
1058	9	Fa4#4	F4#4	291	291	3	4	2143	95	96	zet  	301
1059	9	Mi5#4	E5#4	340	340	1	4	714	95	96	SAZ	301.3333
1060	9	Fa5#4	F5#4	344	344	3	8	1071	95	96	.	301.8333
1061	9			-1	-1	1	8	357	100	0		302
1062	53			0	0	0	0	0	0	0		302
1063	9	Re5	D5	327	327	1	4	714	95	96	Ra	302.3333
1064	9	Mi5#4	E5#4	340	340	1	4	714	95	96	ha	302.6667
1065	9	Fa5#4	F5#4	344	344	1	4	714	95	96	tül_	303
1066	9	Sol5	G5	349	349	1	8	357	99	96	er	303.1667
1067	9	Fa5#4	F5#4	344	344	1	8	357	95	96		303.3333
1068	9	Fa5#4	F5#4	344	344	1	2	1429	95	96	vâh	304
1069	9	Re5	D5	327	327	1	4	714	95	96	la 	304.3333
1070	9	Re5	D5	327	327	1	4	714	95	96	kýl	304.6667
1071	9	Fa5#4	F5#4	344	344	1	4	714	95	96	dý 	305
1072	9	Mi5	E5	336	336	1	8	357	99	96	ba	305.1667
1073	9	Re5	D5	327	327	1	8	357	95	96		305.3333
1074	9	Re5	D5	327	327	1	8	357	99	96	na 	305.5
1075	9	Do5	C5	318	318	1	8	357	99	96		305.6667
1076	9	Si4b1	B4b1	313	313	1	8	357	99	96		305.8333
1077	9	La4	A4	305	305	1	8	357	95	96		306
1078	9	La4	A4	305	305	3	8	1071	99	96	mâ	306.5
1079	9	Si4b1	B4b1	313	313	1	8	357	95	96		306.6667
1080	9	Do5	C5	318	318	1	4	714	95	96	nen	307
1081	9	Si4b1	B4b1	313	313	1	8	357	99	96	di 	307.1667
1082	9	La4	A4	305	305	1	8	357	95	96		307.3333
1083	9	La4	A4	305	305	1	8	357	99	96	iz	307.5
1084	9	Sol4	G4	296	296	1	8	357	99	96		307.6667
1085	9	Sol4	G4	296	296	1	8	357	99	96		307.8333
1086	9	Fa4#4	F4#4	291	291	1	8	357	95	96		308
1087	9	Fa4#4	F4#4	291	291	3	4	2143	95	96	zet  	309
1088	9	Si4b2	B4b1	312	313	1	4	714	95	96	SAZ	309.3333
1089	9	Do5	C5	318	318	3	8	1071	95	96	.	309.8333
1090	9			-1	-1	1	8	357	100	0		310
1091	9	Do5	C5	318	318	1	2	1429	95	96	Bir 	310.6667
1092	9	Do5	C5	318	318	1	4	714	95	96	ker	311
1093	9	Do5	C5	318	318	1	4	714	95	96	re 	311.3333
1094	9	Mi5	E5	336	336	3	8	1071	99	96	koy	311.8333
1095	9	Re5b2	D5b1	325	326	1	8	357	95	96		312
1096	9	Re5b2	D5b1	325	326	3	8	1071	99	96	ver	312.5
1097	9	Do5	C5	318	318	1	8	357	95	96		312.6667
1098	9	Do5	C5	318	318	1	4	714	95	96	me	313
1099	9	Do5	C5	318	318	1	8	357	99	96	di 	313.1667
1100	9	Si4b2	B4b1	312	313	1	8	357	95	96		313.3333
1101	9	Si4b2	B4b1	312	313	1	8	357	99	96	ol 	313.5
1102	9	Do5	C5	318	318	1	8	357	99	96		313.6667
1103	9	Si4b2	B4b1	312	313	1	8	357	99	96		313.8333
1104	9	La4	A4	305	305	1	8	357	95	96		314
1105	9	La4	A4	305	305	1	2	1429	95	96	Bes	314.6667
1106	9	Sol4	G4	296	296	1	4	714	95	96	te	315
1107	9	Si4b1	B4b1	313	313	1	4	714	95	96	ni	315.3333
1108	9	La4	A4	305	305	1	8	357	99	96	gâ	315.5
1109	9	Sol4	G4	296	296	1	4	714	99	96		315.8333
1110	9	Fa4#4	F4#4	291	291	1	8	357	95	96		316
1111	9	Fa4#4	F4#4	291	291	1	4	714	99	96	rý  	316.3333
1112	9	Sol4	G4	296	296	1	4	714	99	96		316.6667
1113	9	La4	A4	305	305	1	4	714	99	96		317
1114	9	Si4b2	B4b1	312	313	1	8	357	99	96		317.1667
1115	9	Re5b2	D5b1	325	326	1	8	357	99	96		317.3333
1116	9	Re5b2	D5b1	325	326	1	8	357	99	96		317.5
1117	9	Do5	C5	318	318	1	4	714	99	96		317.8333
1118	9	Si4b2	B4b1	312	313	1	8	357	95	96		318
1119	53			0	0	0	0	0	0	0		318
1120	9	Do5	C5	318	318	1	2	1429	95	96	Bir 	318.6667
1121	9	Do5	C5	318	318	1	4	714	95	96	ker	319
1122	9	Do5	C5	318	318	1	4	714	95	96	re 	319.3333
1123	9	Mi5	E5	336	336	3	8	1071	99	96	koy	319.8333
1124	9	Re5b2	D5b1	325	326	1	8	357	95	96		320
1125	9	Re5b2	D5b1	325	326	3	8	1071	99	96	ver	320.5
1126	9	Do5	C5	318	318	1	8	357	95	96		320.6667
1127	9	Do5	C5	318	318	1	4	714	95	96	me	321
1128	9	Do5	C5	318	318	1	8	357	99	96	di 	321.1667
1129	9	Si4b2	B4b1	312	313	1	8	357	95	96		321.3333
1130	9	Si4b2	B4b1	312	313	1	8	357	99	96	ol 	321.5
1131	9	Do5	C5	318	318	1	8	357	99	96		321.6667
1132	9	Si4b2	B4b1	312	313	1	8	357	99	96		321.8333
1133	9	La4	A4	305	305	1	8	357	95	96		322
1134	9	La4	A4	305	305	1	2	1429	95	96	Bes	322.6667
1135	9	Sol4	G4	296	296	1	4	714	95	96	te	323
1136	9	Si4b1	B4b1	313	313	1	4	714	95	96	ni	323.3333
1137	9	La4	A4	305	305	1	8	357	99	96	gâ	323.5
1138	9	Sol4	G4	296	296	1	4	714	99	96		323.8333
1139	9	Fa4#4	F4#4	291	291	1	8	357	95	96		324
1140	9	Fa4#4	F4#4	291	291	3	4	2143	95	96	rý  	325
1141	9	Sol4	G4	296	296	1	4	714	95	96	SAZ	325.3333
1142	9	La4	A4	305	305	3	8	1071	95	96	.	325.8333
1143	9			-1	-1	1	8	357	100	0		326
1144	9	Sol4	G4	296	296	1	2	1429	95	96	Þevk_	326.6667
1145	9	La4	A4	305	305	1	4	714	95	96	i 	327
1146	9	La4	A4	305	305	1	4	714	95	96	I	327.3333
1147	9	La4	A4	305	305	1	4	714	99	96	rak	327.6667
1148	9	Si4b2	B4b1	312	313	1	4	714	95	96		328
1149	9	Do5	C5	318	318	1	4	714	99	96	la 	328.3333
1150	9	Si4b2	B4b1	312	313	1	4	714	95	96		328.6667
1151	9	La4	A4	305	305	1	4	714	95	96	ve	329
1152	8	Si4b2	B4b1	312	313	0	0	0	95	96		329
1153	9	La4	A4	305	305	1	8	357	99	96	ri	329.1667
1154	9	Sol4	G4	296	296	1	8	357	95	96		329.3333
1155	9	Fa4#4	F4#4	291	291	1	4	714	99	96	cek 	329.6667
1156	9	Re5	D5	327	327	1	4	714	95	96		330
1157	8	Mi5	E5	336	336	0	0	0	95	96		330
1158	9	Re5b4	D5b4	323	323	1	8	357	99	96	nað	330.1667
1159	9	Do5	C5	318	318	1	4	714	99	96		330.5
1160	9	Si4b2	B4b1	312	313	1	8	357	95	96		330.6667
1161	9	La4	A4	305	305	1	4	714	95	96	me	331
1162	9	Si4b1	B4b1	313	313	1	4	714	95	96	ye 	331.3333
1163	9	La4	A4	305	305	1	8	357	99	96	rev	331.5
1164	9	Sol4	G4	296	296	1	4	714	99	96		331.8333
1165	9	Fa4#4	F4#4	291	291	1	8	357	95	96		332
1166	9	Fa4#4	F4#4	291	291	1	4	714	99	96	nâk  	332.3333
1167	9	Sol4	G4	296	296	1	4	714	99	96		332.6667
1168	9	La4	A4	305	305	1	4	714	99	96		333
1169	9	Sol4	G4	296	296	1	4	714	99	96		333.3333
1170	9	La4	A4	305	305	3	8	1071	95	96		333.8333
1171	9			-1	-1	1	8	357	100	0		334
1172	53			0	0	0	0	0	0	0		334
1173	9	Sol4	G4	296	296	1	2	1429	95	96	Þevk_	334.6667
1174	9	La4	A4	305	305	1	4	714	95	96	i 	335
1175	9	La4	A4	305	305	1	4	714	95	96	I	335.3333
1176	9	La4	A4	305	305	1	4	714	99	96	rak	335.6667
1177	9	Si4b2	B4b1	312	313	1	4	714	95	96		336
1178	9	Do5	C5	318	318	1	4	714	99	96	la 	336.3333
1179	9	Si4b2	B4b1	312	313	1	4	714	95	96		336.6667
1180	9	La4	A4	305	305	1	4	714	95	96	ve	337
1181	8	Si4b2	B4b1	312	313	0	0	0	95	96		337
1182	9	La4	A4	305	305	1	8	357	99	96	ri	337.1667
1183	9	Sol4	G4	296	296	1	8	357	95	96		337.3333
1184	9	Fa4#4	F4#4	291	291	1	4	714	99	96	cek 	337.6667
1185	9	Re5	D5	327	327	1	4	714	95	96		338
1186	8	Mi5	E5	336	336	0	0	0	95	96		338
1187	9	Re5b4	D5b4	323	323	1	8	357	99	96	nað	338.1667
1188	9	Do5	C5	318	318	1	4	714	99	96		338.5
1189	9	Si4b2	B4b1	312	313	1	8	357	95	96		338.6667
1190	9	La4	A4	305	305	1	4	714	95	96	me	339
1191	9	Si4b1	B4b1	313	313	1	4	714	95	96	ye 	339.3333
1192	9	La4	A4	305	305	1	8	357	99	96	rev	339.5
1193	9	Sol4	G4	296	296	1	4	714	99	96		339.8333
1194	9	Fa4#4	F4#4	291	291	1	8	357	95	96		340
1195	9	Fa4#4	F4#4	291	291	3	4	2143	95	96	nâk  	341
1196	9	Mi5#4	E5#4	340	340	1	4	714	95	96	SAZ	341.3333
1197	9	Fa5#4	F5#4	344	344	1	2	1429	95	96	.	342
1198	9	Fa5#4	F5#4	344	344	1	2	1429	95	96	Evc 	342.6667
1199	9	Fa5#4	F5#4	344	344	1	4	714	95	96	i	343
1200	9	Fa5#4	F5#4	344	344	1	4	714	95	96	le 	343.3333
1201	9	Fa5#4	F5#4	344	344	1	2	1429	95	96	et	344
1202	9	La5	A5	358	358	1	4	714	99	96	di 	344.3333
1203	9	Sol5	G5	349	349	1	4	714	99	96		344.6667
1204	9	Fa5#4	F5#4	344	344	1	4	714	95	96		345
1205	9	Mi5#4	E5#4	340	340	1	8	357	99	96	gö	345.1667
1206	9	Sol5	G5	349	349	1	8	357	95	96		345.3333
1207	9	Fa5#4	F5#4	344	344	3	16	536	99	96	nül 	345.5833
1208	9	Mi5#4	E5#4	340	340	1	16	179	99	96		345.6667
1209	9	Re5	D5	327	327	1	4	714	95	96		346
1210	9	Re5	D5	327	327	1	4	714	95	96	ta	346.3333
1211	9	Mi5#4	E5#4	340	340	1	2	1429	95	96	mam 	347
1212	9	Re5	D5	327	327	1	4	714	95	96	ma	347.3333
1213	9	La5	A5	358	358	1	8	357	99	96	ka	347.5
1214	9	Sol5	G5	349	349	1	8	357	99	96		347.6667
1215	8	La5	A5	358	358	0	0	0	99	96		347.6667
1216	9	Sol5	G5	349	349	1	8	357	99	96		347.8333
1217	9	Fa5#4	F5#4	344	344	1	8	357	95	96		348
1218	9	Fa5#4	F5#4	344	344	1	2	1429	99	96	mý  	348.6667
1219	9	Fa5#4	F5#4	344	344	3	16	536	99	96		348.9167
1220	9	Mi5#4	E5#4	340	340	1	16	179	99	96		349
1221	9	Re5	D5	327	327	1	8	357	99	96		349.1667
1222	9	Mi5#4	E5#4	340	340	1	8	357	99	96		349.3333
1223	9	Fa5#4	F5#4	344	344	3	8	1071	95	96		349.8333
1224	9			-1	-1	1	8	357	100	0		350
1225	53			0	0	0	0	0	0	0		350
1226	9	Mi5	E5	336	336	1	4	714	99	96	Evc 	350.3333
1227	9	Fa5#3	F5#4	343	344	1	4	714	95	96		350.6667
1228	9	Sol5	G5	349	349	1	4	714	95	96	i	351
1229	9	La5	A5	358	358	1	4	714	95	96	le 	351.3333
1230	9	La5	A5	358	358	1	8	357	99	96	et	351.5
1231	9	Sol5	G5	349	349	1	8	357	99	96		351.6667
1232	9	Fa5	F5	340	340	1	8	357	99	96		351.8333
1233	9	Mi5	E5	336	336	1	8	357	95	96		352
1234	9	Mi5	E5	336	336	1	8	357	99	96	di 	352.1667
1235	9	Re5	D5	327	327	1	8	357	99	96		352.3333
1236	9	Re5	D5	327	327	1	8	357	99	96		352.5
1237	9	Do5	C5	318	318	1	8	357	99	96		352.6667
1238	9	Do5	C5	318	318	1	8	357	99	96		352.8333
1239	9	Si4b1	B4b1	313	313	1	8	357	95	96		353
1240	9	Si4b1	B4b1	313	313	1	8	357	99	96	gö	353.1667
1241	9	Re5	D5	327	327	1	8	357	95	96		353.3333
1242	9	Do5	C5	318	318	1	4	714	99	96	nül 	353.6667
1243	9	Si4b1	B4b1	313	313	1	8	357	99	96		353.8333
1244	9	La4	A4	305	305	1	8	357	95	96		354
1245	9	La4	A4	305	305	1	8	357	99	96	ta	354.1667
1246	9	Si4b1	B4b1	313	313	1	8	357	95	96		354.3333
1247	9	Do5	C5	318	318	1	4	714	99	96	mam 	354.6667
1248	9	Si4b1	B4b1	313	313	1	8	357	99	96		354.8333
1249	9	La4	A4	305	305	1	8	357	95	96		355
1250	9	La4	A4	305	305	1	8	357	99	96	ma	355.1667
1251	9	Si4b1	B4b1	313	313	1	8	357	95	96		355.3333
1252	9	La4	A4	305	305	1	8	357	99	96	ka	355.5
1253	9	Sol4	G4	296	296	1	8	357	99	96		355.6667
1254	8	La4	A4	305	305	0	0	0	99	96		355.6667
1255	9	Sol4	G4	296	296	1	8	357	99	96		355.8333
1256	9	Fa4#4	F4#4	291	291	1	8	357	95	96		356
1257	9	Fa4#4	F4#4	291	291	5	4	3571	95	96	mý  	357.6667
1258	9			-1	-1	1	4	714	100	0		358
1259	53			0	0	0	0	0	0	0		358
1260	51			0	0	6	8	0	87	0	Yürüksemâî II	358
1261	9	Re5	D5	327	327	1	8	167	99	96	Hey 	358.1667
1262	9	Do5	C5	318	318	1	8	167	99	96		358.3333
1263	9	Mi5	E5	336	336	1	8	167	95	96		358.5
1264	9	Re5	D5	327	327	3	8	500	95	96	hey 	359
1265	9	Sol4	G4	296	296	1	8	167	99	96	hey 	359.1667
1266	9	Fa4#4	F4#4	291	291	1	8	167	99	96		359.3333
1267	9	La4	A4	305	305	1	8	167	95	96		359.5
1268	9	Sol4	G4	296	296	1	4	333	95	96	hey 	359.8333
1269	9			-1	-1	1	8	167	100	0		360
1270	9	Re5	D5	327	327	1	8	167	99	96	hey 	360.1667
1271	9	Do5	C5	318	318	1	8	167	99	96		360.3333
1272	9	Mi5	E5	336	336	1	8	167	95	96		360.5
1273	9	Re5	D5	327	327	3	8	500	95	96	hey 	361
1274	9	Sol4	G4	296	296	1	8	167	99	96	yâr 	361.1667
1275	9	Fa4#4	F4#4	291	291	1	8	167	99	96		361.3333
1276	9	La4	A4	305	305	1	8	167	95	96		361.5
1277	9	Sol4	G4	296	296	1	4	333	95	96	yâr 	361.8333
1278	9			-1	-1	1	8	167	100	0		362
1279	53			0	0	0	0	0	0	0		362
1280	9	Sol4	G4	296	296	1	8	167	95	96	ye 	362.1667
1281	9	Sol4	G4	296	296	1	4	333	95	96	lel 	362.5
1282	9	Sol4	G4	296	296	1	8	167	95	96	le 	362.6667
1283	9	Sol4	G4	296	296	1	4	333	95	96	lel 	363
1284	9	Sol4	G4	296	296	1	4	333	95	96	lel 	363.3333
1285	9	Mi5	E5	336	336	1	8	167	95	96	li 	363.5
1286	9	Re5	D5	327	327	3	8	500	95	96	dost  	364
1287	9	Sol4	G4	296	296	1	8	167	95	96	Ye 	364.1667
1288	9	La4	A4	305	305	1	4	333	95	96	lel 	364.5
1289	9	La4	A4	305	305	1	8	167	95	96	le 	364.6667
1290	9	La4	A4	305	305	1	4	333	95	96	lel 	365
1291	9	La4	A4	305	305	1	4	333	95	96	lel 	365.3333
1292	9	Si4b1	B4b1	313	313	1	8	167	95	96	li 	365.5
1293	9	Sol4	G4	296	296	3	8	500	95	96	Rast 	366
1294	53			0	0	0	0	0	0	0		366
1295	9	Re5	D5	327	327	3	8	500	95	96	yâ 	366.5
1296	9	Re5	D5	327	327	1	8	167	99	96	lâ 	366.6667
1297	9	Do5	C5	318	318	1	8	167	99	96		366.8333
1298	9	Re5	D5	327	327	1	8	167	95	96		367
1299	9	Mi5	E5	336	336	1	8	167	99	96	yâ 	367.1667
1300	9	Re5	D5	327	327	1	8	167	99	96		367.3333
1301	9	Do5	C5	318	318	1	8	167	95	96		367.5
1302	9	Si4b1	B4b1	313	313	1	8	167	99	96	lâ 	367.6667
1303	9	La4	A4	305	305	1	8	167	99	96		367.8333
1304	9	Sol4	G4	296	296	1	8	167	95	96		368
1305	9	La4	A4	305	305	1	8	167	95	96	ta	368.1667
1306	9	La4	A4	305	305	1	8	167	99	96	mam 	368.3333
1307	9	Sol4	G4	296	296	1	8	167	95	96		368.5
1308	9	La4	A4	305	305	1	8	167	95	96	ma	368.6667
1309	9	Si4b1	B4b1	313	313	1	8	167	99	96	ka	368.8333
1310	9	La4	A4	305	305	1	16	83	99	96		368.9167
1311	9	Sol4	G4	296	296	1	16	83	95	96		369
1312	9	Sol4	G4	296	296	1	8	167	99	96	mý  	369.1667
1313	9	La4	A4	305	305	1	8	167	99	96		369.3333
1314	9	Si4b1	B4b1	313	313	1	8	167	99	96		369.5
1315	9	Do5	C5	318	318	1	8	167	99	96		369.6667
1316	9	Re5	D5	327	327	1	4	333	95	96		370
1317	53			0	0	0	0	0	0	0		370
1318	9	Re5	D5	327	327	3	8	500	95	96	Tâ	370.5
1319	9	Re5	D5	327	327	1	8	167	99	96	nâ 	370.6667
1320	9	Do5	C5	318	318	1	8	167	99	96		370.8333
1321	9	Re5	D5	327	327	1	8	167	95	96		371
1322	9	Mi5	E5	336	336	1	8	167	99	96	tâ	371.1667
1323	9	Re5	D5	327	327	1	8	167	99	96		371.3333
1324	9	Do5	C5	318	318	1	8	167	95	96		371.5
1325	9	Si4b1	B4b1	313	313	1	8	167	99	96	nâ 	371.6667
1326	9	La4	A4	305	305	1	8	167	99	96		371.8333
1327	9	Sol4	G4	296	296	1	8	167	95	96		372
1328	9	La4	A4	305	305	1	8	167	95	96	ta	372.1667
1329	9	La4	A4	305	305	1	8	167	99	96	mam 	372.3333
1330	9	Sol4	G4	296	296	1	8	167	95	96		372.5
1331	9	La4	A4	305	305	1	8	167	95	96	ma	372.6667
1332	9	Si4b1	B4b1	313	313	1	8	167	99	96	ka	372.8333
1333	9	La4	A4	305	305	1	16	83	95	96		372.9167
1334	9	Sol4	G4	296	296	1	16	83	99	96	mý 	373
1335	9	Sol4	G4	296	296	3	8	500	95	96		373.5
1336	9			-1	-1	3	8	500	100	0		374
1337	53			0	0	0	0	0	0	0		374
1338	9	Re5	D5	327	327	1	8	167	99	96	Hey 	374.1667
1339	9	Do5	C5	318	318	1	8	167	99	96		374.3333
1340	9	Mi5	E5	336	336	1	8	167	95	96		374.5
1341	9	Re5	D5	327	327	3	8	500	95	96	hey 	375
1342	9	Sol4	G4	296	296	1	8	167	99	96	hey 	375.1667
1343	9	Fa4#4	F4#4	291	291	1	8	167	99	96		375.3333
1344	9	La4	A4	305	305	1	8	167	95	96		375.5
1345	9	Sol4	G4	296	296	1	4	333	95	96	hey 	375.8333
1346	9			-1	-1	1	8	167	100	0		376
1347	9	Re5	D5	327	327	1	8	167	99	96	hey 	376.1667
1348	9	Do5	C5	318	318	1	8	167	99	96		376.3333
1349	9	Mi5	E5	336	336	1	8	167	95	96		376.5
1350	9	Re5	D5	327	327	3	8	500	95	96	hey 	377
1351	9	Sol4	G4	296	296	1	8	167	99	96	yâr 	377.1667
1352	9	Fa4#4	F4#4	291	291	1	8	167	99	96		377.3333
1353	9	La4	A4	305	305	1	8	167	95	96		377.5
1354	9	Sol4	G4	296	296	1	4	333	95	96	yâr 	377.8333
1355	9			-1	-1	1	8	167	100	0		378
1356	53			0	0	0	0	0	0	0		378
1357	9	Sol4	G4	296	296	1	8	167	95	96	ye 	378.1667
1358	9	Sol4	G4	296	296	1	4	333	95	96	lel 	378.5
1359	9	Sol4	G4	296	296	1	8	167	95	96	le 	378.6667
1360	9	Sol4	G4	296	296	1	4	333	95	96	lel 	379
1361	9	Sol4	G4	296	296	1	4	333	95	96	lel 	379.3333
1362	9	Mi5	E5	336	336	1	8	167	95	96	li 	379.5
1363	9	Re5	D5	327	327	3	8	500	95	96	dost  	380
1364	9	Sol4	G4	296	296	1	8	167	95	96	Ye 	380.1667
1365	9	La4	A4	305	305	1	4	333	95	96	lel 	380.5
1366	9	La4	A4	305	305	1	8	167	95	96	le 	380.6667
1367	9	La4	A4	305	305	1	4	333	95	96	lel 	381
1368	9	La4	A4	305	305	1	4	333	95	96	lel 	381.3333
1369	9	Si4b1	B4b1	313	313	1	8	167	95	96	li 	381.5
1370	9	Sol4	G4	296	296	3	8	500	95	96	Rast 	382
1371	53			0	0	0	0	0	0	0		382
1372	9	Re5	D5	327	327	3	8	500	95	96	yâ 	382.5
1373	9	Re5	D5	327	327	1	8	167	99	96	lâ 	382.6667
1374	9	Do5	C5	318	318	1	8	167	99	96		382.8333
1375	9	Re5	D5	327	327	1	8	167	95	96		383
1376	9	Mi5	E5	336	336	1	8	167	99	96	yâ 	383.1667
1377	9	Re5	D5	327	327	1	8	167	99	96		383.3333
1378	9	Do5	C5	318	318	1	8	167	95	96		383.5
1379	9	Si4b1	B4b1	313	313	1	8	167	99	96	lâ 	383.6667
1380	9	La4	A4	305	305	1	8	167	99	96		383.8333
1381	9	Sol4	G4	296	296	1	8	167	95	96		384
1382	9	La4	A4	305	305	1	8	167	95	96	ta	384.1667
1383	9	La4	A4	305	305	1	8	167	99	96	mam 	384.3333
1384	9	Sol4	G4	296	296	1	8	167	95	96		384.5
1385	9	La4	A4	305	305	1	8	167	95	96	ma	384.6667
1386	9	Si4b1	B4b1	313	313	1	8	167	99	96	ka	384.8333
1387	9	La4	A4	305	305	1	16	83	99	96		384.9167
1388	9	Sol4	G4	296	296	1	16	83	95	96		385
1389	9	Sol4	G4	296	296	1	8	167	99	96	mý  	385.1667
1390	9	La4	A4	305	305	1	8	167	99	96		385.3333
1391	9	Si4b1	B4b1	313	313	1	8	167	99	96		385.5
1392	9	Do5	C5	318	318	1	8	167	99	96		385.6667
1393	9	Re5	D5	327	327	1	4	333	95	96		386
1394	53			0	0	0	0	0	0	0		386
1395	9	Re5	D5	327	327	3	8	500	95	96	Tâ	386.5
1396	9	Re5	D5	327	327	1	8	167	99	96	nâ 	386.6667
1397	9	Do5	C5	318	318	1	8	167	99	96		386.8333
1398	9	Re5	D5	327	327	1	8	167	95	96		387
1399	9	Mi5	E5	336	336	1	8	167	99	96	tâ	387.1667
1400	9	Re5	D5	327	327	1	8	167	99	96		387.3333
1401	9	Do5	C5	318	318	1	8	167	95	96		387.5
1402	9	Si4b1	B4b1	313	313	1	8	167	99	96	nâ 	387.6667
1403	9	La4	A4	305	305	1	8	167	99	96		387.8333
1404	9	Sol4	G4	296	296	1	8	167	95	96		388
1405	9	La4	A4	305	305	1	8	167	95	96	ta	388.1667
1406	9	La4	A4	305	305	1	8	167	99	96	mam 	388.3333
1407	9	Sol4	G4	296	296	1	8	167	95	96		388.5
1408	9	La4	A4	305	305	1	8	167	95	96	ma	388.6667
1409	9	Si4b1	B4b1	313	313	1	8	167	99	96	ka	388.8333
1410	9	La4	A4	305	305	1	16	83	95	96		388.9167
1411	9	Sol4	G4	296	296	1	16	83	99	96	mý 	389
1412	9	Sol4	G4	296	296	3	8	500	95	96		389.5
1413	9			-1	-1	3	8	500	100	0		390
1414	53			0	0	0	0	0	0	0		390
