Sýra	Kod	Nota53	NotaAE	Koma53	KomaAE	Pay	Payda	Ms	LNS	Bas	Soz1	Offset
1	54			0	0	0	0	0	0	0	ussak@la4	0
2	9	Do5	C5	318	318	1	8	417	95	96	ARANAÐME 	0.125
3	8	Re5	D5	327	327	0	0	0	95	96	.	0.125
4	9	Do5	C5	318	318	1	16	208	95	96	.	0.1875
5	9	Si4b1	B4b1	313	313	1	16	208	95	96	.	0.25
6	9	Do5	C5	318	318	1	8	417	95	96	.	0.375
7	9	Re5	D5	327	327	1	8	417	95	96	.	0.5
8	9	Do5	C5	318	318	1	8	417	95	96	.	0.625
9	9	Si4b1	B4b1	313	313	1	4	833	95	96	.	0.875
10	9	La4	A4	305	305	1	8	417	95	96	.	1
11	55			0	0	0	0	0	0	0		1
12	9	La4	A4	305	305	1	8	417	95	96	.	1.125
13	8	Si4b1	B4b1	313	313	0	0	0	95	96	.	1.125
14	9	La4	A4	305	305	1	16	208	95	96	.	1.1875
15	9	Sol4	G4	296	296	1	16	208	95	96	.	1.25
16	9	La4	A4	305	305	1	8	417	95	96	.	1.375
17	9	Si4b1	B4b1	313	313	1	8	417	95	96	.	1.5
18	9	La4	A4	305	305	1	8	417	95	96	.	1.625
19	9	Sol4	G4	296	296	3	8	1250	95	96	.	2
20	54			0	0	0	0	0	0	0	ussak@la4	2
21	9	Do5	C5	318	318	1	8	417	95	96	ARANAÐME 	2.125
22	8	Re5	D5	327	327	0	0	0	95	96	.	2.125
23	9	Do5	C5	318	318	1	16	208	95	96	.	2.1875
24	9	Si4b1	B4b1	313	313	1	16	208	95	96	.	2.25
25	9	Do5	C5	318	318	1	8	417	95	96	.	2.375
26	9	Re5	D5	327	327	1	8	417	95	96	.	2.5
27	9	Do5	C5	318	318	1	8	417	95	96	.	2.625
28	9	Si4b1	B4b1	313	313	1	4	833	95	96	.	2.875
29	9	La4	A4	305	305	1	8	417	95	96	.	3
30	55			0	0	0	0	0	0	0		3
31	9	La4	A4	305	305	1	8	417	95	96	.	3.125
32	8	Si4b1	B4b1	313	313	0	0	0	95	96	.	3.125
33	9	La4	A4	305	305	1	16	208	95	96	.	3.1875
34	9	Sol4	G4	296	296	1	16	208	95	96	.	3.25
35	9	La4	A4	305	305	1	8	417	95	96	.	3.375
36	9	Si4b1	B4b1	313	313	1	8	417	95	96	.	3.5
37	9	La4	A4	305	305	1	8	417	95	96	.	3.625
38	9	Sol4	G4	296	296	3	8	1250	95	96	.	4
39	54			0	0	0	0	0	0	0	ussak@la4	4
40	9	Do5	C5	318	318	1	8	417	95	96	.	4.125
41	8	Re5	D5	327	327	0	0	0	95	96	.	4.125
42	9	Do5	C5	318	318	1	16	208	95	96	.	4.1875
43	9	Si4b1	B4b1	313	313	1	16	208	95	96	.	4.25
44	9	Do5	C5	318	318	1	8	417	95	96	.	4.375
45	9	Re5	D5	327	327	1	8	417	95	96	.	4.5
46	9	Do5	C5	318	318	1	8	417	95	96	.	4.625
47	9	Si4b1	B4b1	313	313	1	4	833	95	96	.	4.875
48	9	La4	A4	305	305	1	8	417	95	96	.	5
49	55			0	0	0	0	0	0	0		5
50	9	La4	A4	305	305	1	8	417	95	96	.	5.125
51	8	Si4b1	B4b1	313	313	0	0	0	95	96	.	5.125
52	9	La4	A4	305	305	1	16	208	95	96	.	5.1875
53	9	Sol4	G4	296	296	1	16	208	95	96	.	5.25
54	9	La4	A4	305	305	1	8	417	95	96	.	5.375
55	9	Si4b1	B4b1	313	313	1	8	417	95	96	.	5.5
56	9	La4	A4	305	305	1	8	417	95	96	.	5.625
57	9	Sol4	G4	296	296	3	8	1250	95	96	.	6
58	53			0	0	0	0	0	0	0		6
59	9			-1	-1	1	4	833	100	0		6.25
60	54			0	0	0	0	0	0	0	segah@si4b1	6.25
61	9	Do5	C5	318	318	1	8	417	95	96	A	6.375
62	9	Do5	C5	318	318	1	8	417	95	96	da	6.5
63	9	Do5	C5	318	318	1	4	833	95	96	na	6.75
64	9	Do5	C5	318	318	1	4	833	95	96	nýn 	7
65	9	Do5	C5	318	318	1	8	417	99	96	yol	7.125
66	8	Re5	D5	327	327	0	0	0	99	96		7.125
67	9	Do5	C5	318	318	1	16	208	99	96		7.1875
68	9	Si4b1	B4b1	313	313	1	16	208	95	96		7.25
69	9	Do5	C5	318	318	1	8	417	95	96	la	7.375
70	9	Re5	D5	327	327	1	8	417	95	96	rý 	7.5
71	9	Do5	C5	318	318	1	8	417	99	96	taþ	7.625
72	9	Si4b1	B4b1	313	313	1	8	417	95	96		7.75
73	9	Si4b1	B4b1	313	313	1	4	833	95	96	lýk  	8
74	55			0	0	0	0	0	0	0		8
75	9	Do5	C5	318	318	1	8	417	99	96	Yok 	8.125
76	8	Re5	D5	327	327	0	0	0	99	96		8.125
77	9	Do5	C5	318	318	1	16	208	99	96		8.1875
78	9	Si4b1	B4b1	313	313	1	16	208	95	96		8.25
79	9	Do5	C5	318	318	1	8	417	95	96	ce	8.375
80	9	Re5	D5	327	327	1	8	417	95	96	bi	8.5
81	9	Do5	C5	318	318	1	8	417	99	96	miz	8.625
82	9	Si4b1	B4b1	313	313	1	8	417	95	96		8.75
83	9	Si4b1	B4b1	313	313	1	8	417	99	96	de 	8.875
84	9	La4	A4	305	305	1	8	417	95	96		9
85	9	La4	A4	305	305	1	8	417	99	96	beþ 	9.125
86	9	Sol4	G4	296	296	1	8	417	95	96		9.25
87	9	La4	A4	305	305	1	8	417	95	96	pa	9.375
88	9	Si4b1	B4b1	313	313	1	8	417	95	96	ra 	9.5
89	9	La4	A4	305	305	1	8	417	99	96	harç	9.625
90	9	Sol4	G4	296	296	1	8	417	95	96		9.75
91	9	Sol4	G4	296	296	1	4	833	95	96	lýk  	10
92	53			0	0	0	0	0	0	0		10
93	9	Do5	C5	318	318	1	8	417	99	96	Yok 	10.125
94	8	Re5	D5	327	327	0	0	0	99	96		10.125
95	9	Do5	C5	318	318	1	16	208	99	96		10.1875
96	9	Si4b1	B4b1	313	313	1	16	208	95	96		10.25
97	9	Do5	C5	318	318	1	8	417	95	96	ce	10.375
98	9	Re5	D5	327	327	1	8	417	95	96	bi	10.5
99	9	Do5	C5	318	318	1	8	417	99	96	miz	10.625
100	9	Si4b1	B4b1	313	313	1	8	417	95	96		10.75
101	9	Si4b1	B4b1	313	313	1	8	417	99	96	de 	10.875
102	9	La4	A4	305	305	1	8	417	95	96		11
103	9	La4	A4	305	305	1	8	417	99	96	beþ 	11.125
104	9	Sol4	G4	296	296	1	8	417	95	96		11.25
105	9	La4	A4	305	305	1	8	417	95	96	pa	11.375
106	9	Si4b1	B4b1	313	313	1	8	417	95	96	ra 	11.5
107	9	La4	A4	305	305	1	8	417	99	96	harç	11.625
108	9	Sol4	G4	296	296	1	8	417	95	96		11.75
109	9	Sol4	G4	296	296	1	4	833	95	96	lýk  	12
110	53			0	0	0	0	0	0	0		12
111	9			-1	-1	1	4	833	100	0		12.25
112	54			0	0	0	0	0	0	0	segah@si4b1	12.25
113	9	Do5	C5	318	318	1	8	417	95	96	El	12.375
114	9	Do5	C5	318	318	1	8	417	95	96	den 	12.5
115	9	Do5	C5	318	318	1	4	833	95	96	git	12.75
116	9	Do5	C5	318	318	1	4	833	95	96	ti 	13
117	9	Do5	C5	318	318	1	8	417	99	96	kah	13.125
118	8	Re5	D5	327	327	0	0	0	99	96		13.125
119	9	Do5	C5	318	318	1	16	208	99	96		13.1875
120	9	Si4b1	B4b1	313	313	1	16	208	95	96		13.25
121	9	Do5	C5	318	318	1	8	417	95	96	be 	13.375
122	9	Re5	D5	327	327	1	8	417	95	96	de 	13.5
123	9	Do5	C5	318	318	1	8	417	99	96	genç	13.625
124	9	Si4b1	B4b1	313	313	1	8	417	95	96		13.75
125	9	Si4b1	B4b1	313	313	1	4	833	95	96	lik  	14
126	55			0	0	0	0	0	0	0		14
127	54			0	0	0	0	0	0	0	ussak@la4	14
128	9	Do5	C5	318	318	1	8	417	95	96	A	14.125
129	8	Re5	D5	327	327	0	0	0	95	96		14.125
130	9	Do5	C5	318	318	1	16	208	99	96	ðam 	14.1875
131	9	Si4b1	B4b1	313	313	1	16	208	95	96		14.25
132	9	Do5	C5	318	318	1	8	417	95	96	A	14.375
133	9	Re5	D5	327	327	1	8	417	95	96	da	14.5
134	9	Do5	C5	318	318	1	8	417	95	96	na	14.625
135	9	Si4b1	B4b1	313	313	1	4	833	99	96	lý 	14.875
136	9	La4	A4	305	305	1	8	417	95	96		15
137	55			0	0	0	0	0	0	0		15
138	9	La4	A4	305	305	1	8	417	95	96	pa	15.125
139	8	Si4b1	B4b1	313	313	0	0	0	95	96		15.125
140	9	La4	A4	305	305	1	16	208	99	96	þam 	15.1875
141	9	Sol4	G4	296	296	1	16	208	95	96		15.25
142	9	La4	A4	305	305	1	8	417	95	96	A	15.375
143	9	Si4b1	B4b1	313	313	1	8	417	95	96	da	15.5
144	9	La4	A4	305	305	1	8	417	95	96	na	15.625
145	9	Sol4	G4	296	296	3	8	1250	95	96	lý  	16
146	53			0	0	0	0	0	0	0		16
147	54			0	0	0	0	0	0	0	ussak@la4	16
148	9	Do5	C5	318	318	1	8	417	95	96	Ev	16.125
149	8	Re5	D5	327	327	0	0	0	95	96		16.125
150	9	Do5	C5	318	318	1	16	208	99	96	de 	16.1875
151	9	Si4b1	B4b1	313	313	1	16	208	95	96		16.25
152	9	Do5	C5	318	318	1	8	417	95	96	du	16.375
153	9	Re5	D5	327	327	1	8	417	95	96	ra	16.5
154	9	Do5	C5	318	318	1	8	417	95	96	mý	16.625
155	9	Si4b1	B4b1	313	313	1	4	833	99	96	yom 	16.875
156	9	La4	A4	305	305	1	8	417	95	96		17
157	55			0	0	0	0	0	0	0		17
158	9	La4	A4	305	305	1	8	417	95	96	sa	17.125
159	8	Si4b1	B4b1	313	313	0	0	0	95	96		17.125
160	9	La4	A4	305	305	1	16	208	99	96	na 	17.1875
161	9	Sol4	G4	296	296	1	16	208	95	96		17.25
162	9	La4	A4	305	305	1	8	417	95	96	da	17.375
163	9	Si4b1	B4b1	313	313	1	8	417	95	96	da	17.5
164	9	La4	A4	305	305	1	8	417	95	96	na	17.625
165	9	Sol4	G4	296	296	3	8	1250	95	96	lý  	18
166	54			0	0	0	0	0	0	0	ussak@la4	18
167	9	Do5	C5	318	318	1	8	417	95	96	Se	18.125
168	8	Re5	D5	327	327	0	0	0	95	96		18.125
169	9	Do5	C5	318	318	1	16	208	99	96	be	18.1875
170	9	Si4b1	B4b1	313	313	1	16	208	95	96		18.25
171	9	Do5	C5	318	318	1	8	417	95	96	bim 	18.375
172	9	Re5	D5	327	327	1	8	417	95	96	sen 	18.5
173	9	Do5	C5	318	318	1	8	417	95	96	ol	18.625
174	9	Si4b1	B4b1	313	313	1	4	833	99	96	dun 	18.875
175	9	La4	A4	305	305	1	8	417	95	96		19
176	55			0	0	0	0	0	0	0		19
177	9	La4	A4	305	305	1	8	417	95	96	þiþ	19.125
178	8	Si4b1	B4b1	313	313	0	0	0	95	96		19.125
179	9	La4	A4	305	305	1	16	208	99	96	man 	19.1875
180	9	Sol4	G4	296	296	1	16	208	95	96		19.25
181	9	La4	A4	305	305	1	8	417	95	96	de	19.375
182	9	Si4b1	B4b1	313	313	1	8	417	95	96	li	19.5
183	9	La4	A4	305	305	1	8	417	95	96	kan	19.625
184	9	Sol4	G4	296	296	3	8	1250	95	96	lý  	20
185	53			0	0	0	0	0	0	0		20
186	54			0	0	0	0	0	0	0	buselik@re5	20
187	9	Sol4	G4	296	296	1	4	833	95	96	Hey 	20.25
188	9	Re5	D5	327	327	1	4	833	95	96	gül	20.5
189	9	Re5	D5	327	327	3	8	1250	99	96	lü 	20.875
190	9	Mi5	E5	336	336	1	8	417	95	96		21
191	9	Fa5	F5	340	340	1	8	417	95	96	he	21.125
192	9	Mi5	E5	336	336	1	8	417	95	96	le 	21.25
193	9	Re5	D5	327	327	1	8	417	95	96	he	21.375
194	55			0	0	0	0	0	0	0		21.375
195	54			0	0	0	0	0	0	0	nikriz@sol4	21.375
196	9	Do5#4	C5#4	322	322	1	8	417	95	96	le 	21.5
197	9	Si4b4	B4b4	310	310	1	8	417	99	96	gül	21.625
198	9	La4	A4	305	305	1	8	417	95	96		21.75
199	9	Sol4	G4	296	296	1	4	833	95	96	lü  	22
200	9	Sol4	G4	296	296	1	4	833	95	96	Kýz 	22.25
201	55			0	0	0	0	0	0	0		22.25
202	54			0	0	0	0	0	0	0	buselik@re5	22.25
203	9	Re5	D5	327	327	1	4	833	95	96	gül	22.5
204	9	Re5	D5	327	327	3	8	1250	99	96	lü 	22.875
205	9	Mi5	E5	336	336	1	8	417	95	96		23
206	9	Fa5	F5	340	340	1	8	417	95	96	he	23.125
207	9	Mi5	E5	336	336	1	8	417	95	96	le 	23.25
208	9	Re5	D5	327	327	1	8	417	95	96	he	23.375
209	55			0	0	0	0	0	0	0		23.375
210	54			0	0	0	0	0	0	0	nikriz@sol4	23.375
211	9	Do5#4	C5#4	322	322	1	8	417	95	96	le 	23.5
212	9	Si4b4	B4b4	310	310	1	8	417	99	96	gül	23.625
213	9	La4	A4	305	305	1	8	417	95	96		23.75
214	9	Sol4	G4	296	296	1	4	833	95	96	lü  	24
215	55			0	0	0	0	0	0	0		24
216	54			0	0	0	0	0	0	0	hicaz@la4	24
217	53			0	0	0	0	0	0	0		24
218	9	Sol4	G4	296	296	1	4	833	95	96	Peþ	24.25
219	9	La4	A4	305	305	1	8	417	99	96	te	24.375
220	9	Si4b4	B4b4	310	310	1	16	208	99	96		24.4375
221	9	La4	A4	305	305	1	16	208	95	96		24.5
222	9	La4	A4	305	305	1	2	1667	95	96	ma	25
223	55			0	0	0	0	0	0	0		25
224	54			0	0	0	0	0	0	0	nikriz@sol4	25
225	9	La4	A4	305	305	1	8	417	95	96	lý 	25.125
226	9	Do5#4	C5#4	322	322	1	8	417	99	96	püs	25.25
227	9	Si4b4	B4b4	310	310	1	8	417	99	96		25.375
228	9	La4	A4	305	305	1	8	417	95	96		25.5
229	9	Sol4	G4	296	296	1	8	417	99	96	kül	25.625
230	9	Fa4#4	F4#4	291	291	1	8	417	95	96		25.75
231	9	Sol4	G4	296	296	1	4	833	95	96	lü  	26
232	55			0	0	0	0	0	0	0		26
233	54			0	0	0	0	0	0	0	ussak@la4	26
234	53			0	0	0	0	0	0	0		26
235	9	Sol4	G4	296	296	1	4	833	95	96	Peþ	26.25
236	9	La4	A4	305	305	1	8	417	99	96	te	26.375
237	9	Si4b4	B4b4	310	310	1	16	208	99	96		26.4375
238	9	La4	A4	305	305	1	16	208	95	96		26.5
239	9	La4	A4	305	305	1	2	1667	95	96	ma	27
240	55			0	0	0	0	0	0	0		27
241	54			0	0	0	0	0	0	0	nikriz@sol4	27
242	9	La4	A4	305	305	1	8	417	95	96	lý 	27.125
243	9	Do5#4	C5#4	322	322	1	8	417	99	96	püs	27.25
244	9	Si4b4	B4b4	310	310	1	8	417	99	96		27.375
245	9	La4	A4	305	305	1	8	417	95	96		27.5
246	9	Sol4	G4	296	296	1	8	417	99	96	kül	27.625
247	9	Fa4#4	F4#4	291	291	1	8	417	95	96		27.75
248	9	Sol4	G4	296	296	1	4	833	95	96	lü  	28
249	55			0	0	0	0	0	0	0		28
250	54			0	0	0	0	0	0	0	ussak@la4	28
251	53			0	0	0	0	0	0	0		28
252	9	Do5	C5	318	318	1	8	417	95	96	A	28.125
253	8	Re5	D5	327	327	0	0	0	95	96		28.125
254	9	Do5	C5	318	318	1	16	208	99	96	ðam 	28.1875
255	9	Si4b1	B4b1	313	313	1	16	208	95	96		28.25
256	9	Do5	C5	318	318	1	8	417	95	96	A	28.375
257	9	Re5	D5	327	327	1	8	417	95	96	da	28.5
258	9	Do5	C5	318	318	1	8	417	95	96	na	28.625
259	9	Si4b1	B4b1	313	313	1	4	833	99	96	lý 	28.875
260	9	La4	A4	305	305	1	8	417	95	96		29
261	55			0	0	0	0	0	0	0		29
262	9	La4	A4	305	305	1	8	417	95	96	pa	29.125
263	8	Si4b1	B4b1	313	313	0	0	0	95	96		29.125
264	9	La4	A4	305	305	1	16	208	99	96	þam 	29.1875
265	9	Sol4	G4	296	296	1	16	208	95	96		29.25
266	9	La4	A4	305	305	1	8	417	95	96	A	29.375
267	9	Si4b1	B4b1	313	313	1	8	417	95	96	da	29.5
268	9	La4	A4	305	305	1	8	417	95	96	na	29.625
269	54			0	0	0	0	0	0	0	ussak@la4	29.625
270	9	Sol4	G4	296	296	3	8	1250	95	96	lý  	30
271	9	Do5	C5	318	318	1	8	417	95	96	Ev	30.125
272	8	Re5	D5	327	327	0	0	0	95	96		30.125
273	9	Do5	C5	318	318	1	16	208	99	96	de 	30.1875
274	9	Si4b1	B4b1	313	313	1	16	208	95	96		30.25
275	9	Do5	C5	318	318	1	8	417	95	96	du	30.375
276	9	Re5	D5	327	327	1	8	417	95	96	ra	30.5
277	9	Do5	C5	318	318	1	8	417	95	96	mý	30.625
278	9	Si4b1	B4b1	313	313	1	4	833	99	96	yom 	30.875
279	9	La4	A4	305	305	1	8	417	95	96		31
280	55			0	0	0	0	0	0	0		31
281	9	La4	A4	305	305	1	8	417	95	96	sa	31.125
282	8	Si4b1	B4b1	313	313	0	0	0	95	96		31.125
283	9	La4	A4	305	305	1	16	208	99	96	na 	31.1875
284	9	Sol4	G4	296	296	1	16	208	95	96		31.25
285	9	La4	A4	305	305	1	8	417	95	96	da	31.375
286	9	Si4b1	B4b1	313	313	1	8	417	95	96	da	31.5
287	9	La4	A4	305	305	1	8	417	95	96	na	31.625
288	54			0	0	0	0	0	0	0	ussak@la4	31.625
289	9	Sol4	G4	296	296	3	8	1250	95	96	lý  	32
290	9	Do5	C5	318	318	1	8	417	95	96	Se	32.125
291	8	Re5	D5	327	327	0	0	0	95	96		32.125
292	9	Do5	C5	318	318	1	16	208	99	96	be	32.1875
293	9	Si4b1	B4b1	313	313	1	16	208	95	96		32.25
294	9	Do5	C5	318	318	1	8	417	95	96	bim 	32.375
295	9	Re5	D5	327	327	1	8	417	95	96	sen_	32.5
296	9	Do5	C5	318	318	1	8	417	95	96	ol	32.625
297	9	Si4b1	B4b1	313	313	1	4	833	99	96	dun 	32.875
298	9	La4	A4	305	305	1	8	417	95	96		33
299	55			0	0	0	0	0	0	0		33
300	9	La4	A4	305	305	1	8	417	95	96	þiþ	33.125
301	8	Si4b1	B4b1	313	313	0	0	0	95	96		33.125
302	9	La4	A4	305	305	1	16	208	99	96	man 	33.1875
303	9	Sol4	G4	296	296	1	16	208	95	96		33.25
304	9	La4	A4	305	305	1	8	417	95	96	de	33.375
305	9	Si4b1	B4b1	313	313	1	8	417	95	96	li	33.5
306	9	La4	A4	305	305	1	8	417	95	96	kan	33.625
307	9	Sol4	G4	296	296	3	8	1250	95	96	lý  	34
308	53			0	0	0	0	0	0	0		34
309	54			0	0	0	0	0	0	0	ussak@la4	34
310	9	Do5	C5	318	318	1	8	417	95	96	ARANAÐME 	34.125
311	8	Re5	D5	327	327	0	0	0	95	96	.	34.125
312	9	Do5	C5	318	318	1	16	208	95	96	.	34.1875
313	9	Si4b1	B4b1	313	313	1	16	208	95	96	.	34.25
314	9	Do5	C5	318	318	1	8	417	95	96	.	34.375
315	9	Re5	D5	327	327	1	8	417	95	96	.	34.5
316	9	Do5	C5	318	318	1	8	417	95	96	.	34.625
317	9	Si4b1	B4b1	313	313	1	4	833	95	96	.	34.875
318	9	La4	A4	305	305	1	8	417	95	96	.	35
319	55			0	0	0	0	0	0	0		35
320	9	La4	A4	305	305	1	8	417	95	96	.	35.125
321	8	Si4b1	B4b1	313	313	0	0	0	95	96	.	35.125
322	9	La4	A4	305	305	1	16	208	95	96	.	35.1875
323	9	Sol4	G4	296	296	1	16	208	95	96	.	35.25
324	9	La4	A4	305	305	1	8	417	95	96	.	35.375
325	9	Si4b1	B4b1	313	313	1	8	417	95	96	.	35.5
326	9	La4	A4	305	305	1	8	417	95	96	.	35.625
327	9	Sol4	G4	296	296	3	8	1250	95	96	.	36
328	54			0	0	0	0	0	0	0	ussak@la4	36
329	9	Do5	C5	318	318	1	8	417	95	96	ARANAÐME 	36.125
330	8	Re5	D5	327	327	0	0	0	95	96	.	36.125
331	9	Do5	C5	318	318	1	16	208	95	96	.	36.1875
332	9	Si4b1	B4b1	313	313	1	16	208	95	96	.	36.25
333	9	Do5	C5	318	318	1	8	417	95	96	.	36.375
334	9	Re5	D5	327	327	1	8	417	95	96	.	36.5
335	9	Do5	C5	318	318	1	8	417	95	96	.	36.625
336	9	Si4b1	B4b1	313	313	1	4	833	95	96	.	36.875
337	9	La4	A4	305	305	1	8	417	95	96	.	37
338	55			0	0	0	0	0	0	0		37
339	9	La4	A4	305	305	1	8	417	95	96	.	37.125
340	8	Si4b1	B4b1	313	313	0	0	0	95	96	.	37.125
341	9	La4	A4	305	305	1	16	208	95	96	.	37.1875
342	9	Sol4	G4	296	296	1	16	208	95	96	.	37.25
343	9	La4	A4	305	305	1	8	417	95	96	.	37.375
344	9	Si4b1	B4b1	313	313	1	8	417	95	96	.	37.5
345	9	La4	A4	305	305	1	8	417	95	96	.	37.625
346	9	Sol4	G4	296	296	3	8	1250	95	96	.	38
347	54			0	0	0	0	0	0	0	ussak@la4	38
348	9	Do5	C5	318	318	1	8	417	95	96	.	38.125
349	8	Re5	D5	327	327	0	0	0	95	96	.	38.125
350	9	Do5	C5	318	318	1	16	208	95	96	.	38.1875
351	9	Si4b1	B4b1	313	313	1	16	208	95	96	.	38.25
352	9	Do5	C5	318	318	1	8	417	95	96	.	38.375
353	9	Re5	D5	327	327	1	8	417	95	96	.	38.5
354	9	Do5	C5	318	318	1	8	417	95	96	.	38.625
355	9	Si4b1	B4b1	313	313	1	4	833	95	96	.	38.875
356	9	La4	A4	305	305	1	8	417	95	96	.	39
357	55			0	0	0	0	0	0	0		39
358	9	La4	A4	305	305	1	8	417	95	96	.	39.125
359	8	Si4b1	B4b1	313	313	0	0	0	95	96	.	39.125
360	9	La4	A4	305	305	1	16	208	95	96	.	39.1875
361	9	Sol4	G4	296	296	1	16	208	95	96	.	39.25
362	9	La4	A4	305	305	1	8	417	95	96	.	39.375
363	9	Si4b1	B4b1	313	313	1	8	417	95	96	.	39.5
364	9	La4	A4	305	305	1	8	417	95	96	.	39.625
365	9	Sol4	G4	296	296	3	8	1250	95	96	.	40
366	53			0	0	0	0	0	0	0		40
367	9			-1	-1	1	4	833	100	0		40.25
368	54			0	0	0	0	0	0	0	segah@si4b1	40.25
369	9	Do5	C5	318	318	1	8	417	95	96	A	40.375
370	9	Do5	C5	318	318	1	8	417	95	96	da	40.5
371	9	Do5	C5	318	318	1	4	833	95	96	na	40.75
372	9	Do5	C5	318	318	1	4	833	95	96	nýn 	41
373	9	Do5	C5	318	318	1	8	417	99	96	yol	41.125
374	8	Re5	D5	327	327	0	0	0	99	96		41.125
375	9	Do5	C5	318	318	1	16	208	99	96		41.1875
376	9	Si4b1	B4b1	313	313	1	16	208	95	96		41.25
377	9	Do5	C5	318	318	1	8	417	95	96	la	41.375
378	9	Re5	D5	327	327	1	8	417	95	96	rý 	41.5
379	9	Do5	C5	318	318	1	8	417	99	96	taþ	41.625
380	9	Si4b1	B4b1	313	313	1	8	417	95	96		41.75
381	9	Si4b1	B4b1	313	313	1	4	833	95	96	lýk  	42
382	55			0	0	0	0	0	0	0		42
383	9	Do5	C5	318	318	1	8	417	99	96	Yok 	42.125
384	8	Re5	D5	327	327	0	0	0	99	96		42.125
385	9	Do5	C5	318	318	1	16	208	99	96		42.1875
386	9	Si4b1	B4b1	313	313	1	16	208	95	96		42.25
387	9	Do5	C5	318	318	1	8	417	95	96	ce	42.375
388	9	Re5	D5	327	327	1	8	417	95	96	bi	42.5
389	9	Do5	C5	318	318	1	8	417	99	96	miz	42.625
390	9	Si4b1	B4b1	313	313	1	8	417	95	96		42.75
391	9	Si4b1	B4b1	313	313	1	8	417	99	96	de 	42.875
392	9	La4	A4	305	305	1	8	417	95	96		43
393	9	La4	A4	305	305	1	8	417	99	96	beþ 	43.125
394	9	Sol4	G4	296	296	1	8	417	95	96		43.25
395	9	La4	A4	305	305	1	8	417	95	96	pa	43.375
396	9	Si4b1	B4b1	313	313	1	8	417	95	96	ra 	43.5
397	9	La4	A4	305	305	1	8	417	99	96	harç	43.625
398	9	Sol4	G4	296	296	1	8	417	95	96		43.75
399	9	Sol4	G4	296	296	1	4	833	95	96	lýk  	44
400	53			0	0	0	0	0	0	0		44
401	9	Do5	C5	318	318	1	8	417	99	96	Yok 	44.125
402	8	Re5	D5	327	327	0	0	0	99	96		44.125
403	9	Do5	C5	318	318	1	16	208	99	96		44.1875
404	9	Si4b1	B4b1	313	313	1	16	208	95	96		44.25
405	9	Do5	C5	318	318	1	8	417	95	96	ce	44.375
406	9	Re5	D5	327	327	1	8	417	95	96	bi	44.5
407	9	Do5	C5	318	318	1	8	417	99	96	miz	44.625
408	9	Si4b1	B4b1	313	313	1	8	417	95	96		44.75
409	9	Si4b1	B4b1	313	313	1	8	417	99	96	de 	44.875
410	9	La4	A4	305	305	1	8	417	95	96		45
411	9	La4	A4	305	305	1	8	417	99	96	beþ 	45.125
412	9	Sol4	G4	296	296	1	8	417	95	96		45.25
413	9	La4	A4	305	305	1	8	417	95	96	pa	45.375
414	9	Si4b1	B4b1	313	313	1	8	417	95	96	ra 	45.5
415	9	La4	A4	305	305	1	8	417	99	96	harç	45.625
416	9	Sol4	G4	296	296	1	8	417	95	96		45.75
417	9	Sol4	G4	296	296	1	4	833	95	96	lýk  	46
418	53			0	0	0	0	0	0	0		46
419	9			-1	-1	1	4	833	100	0		46.25
420	54			0	0	0	0	0	0	0	segah@si4b1	46.25
421	9	Do5	C5	318	318	1	8	417	95	96	El	46.375
422	9	Do5	C5	318	318	1	8	417	95	96	den 	46.5
423	9	Do5	C5	318	318	1	4	833	95	96	git	46.75
424	9	Do5	C5	318	318	1	4	833	95	96	ti 	47
425	9	Do5	C5	318	318	1	8	417	99	96	kah	47.125
426	8	Re5	D5	327	327	0	0	0	99	96		47.125
427	9	Do5	C5	318	318	1	16	208	99	96		47.1875
428	9	Si4b1	B4b1	313	313	1	16	208	95	96		47.25
429	9	Do5	C5	318	318	1	8	417	95	96	be 	47.375
430	9	Re5	D5	327	327	1	8	417	95	96	de 	47.5
431	9	Do5	C5	318	318	1	8	417	99	96	genç	47.625
432	9	Si4b1	B4b1	313	313	1	8	417	95	96		47.75
433	9	Si4b1	B4b1	313	313	1	4	833	95	96	lik  	48
434	55			0	0	0	0	0	0	0		48
435	54			0	0	0	0	0	0	0	ussak@la4	48
436	9	Do5	C5	318	318	1	8	417	95	96	A	48.125
437	8	Re5	D5	327	327	0	0	0	95	96		48.125
438	9	Do5	C5	318	318	1	16	208	99	96	ðam 	48.1875
439	9	Si4b1	B4b1	313	313	1	16	208	95	96		48.25
440	9	Do5	C5	318	318	1	8	417	95	96	A	48.375
441	9	Re5	D5	327	327	1	8	417	95	96	da	48.5
442	9	Do5	C5	318	318	1	8	417	95	96	na	48.625
443	9	Si4b1	B4b1	313	313	1	4	833	99	96	lý 	48.875
444	9	La4	A4	305	305	1	8	417	95	96		49
445	55			0	0	0	0	0	0	0		49
446	9	La4	A4	305	305	1	8	417	95	96	pa	49.125
447	8	Si4b1	B4b1	313	313	0	0	0	95	96		49.125
448	9	La4	A4	305	305	1	16	208	99	96	þam 	49.1875
449	9	Sol4	G4	296	296	1	16	208	95	96		49.25
450	9	La4	A4	305	305	1	8	417	95	96	A	49.375
451	9	Si4b1	B4b1	313	313	1	8	417	95	96	da	49.5
452	9	La4	A4	305	305	1	8	417	95	96	na	49.625
453	9	Sol4	G4	296	296	3	8	1250	95	96	lý  	50
454	53			0	0	0	0	0	0	0		50
455	54			0	0	0	0	0	0	0	ussak@la4	50
456	9	Do5	C5	318	318	1	8	417	95	96	Ev	50.125
457	8	Re5	D5	327	327	0	0	0	95	96		50.125
458	9	Do5	C5	318	318	1	16	208	99	96	de 	50.1875
459	9	Si4b1	B4b1	313	313	1	16	208	95	96		50.25
460	9	Do5	C5	318	318	1	8	417	95	96	du	50.375
461	9	Re5	D5	327	327	1	8	417	95	96	ra	50.5
462	9	Do5	C5	318	318	1	8	417	95	96	mý	50.625
463	9	Si4b1	B4b1	313	313	1	4	833	99	96	yom 	50.875
464	9	La4	A4	305	305	1	8	417	95	96		51
465	55			0	0	0	0	0	0	0		51
466	9	La4	A4	305	305	1	8	417	95	96	sa	51.125
467	8	Si4b1	B4b1	313	313	0	0	0	95	96		51.125
468	9	La4	A4	305	305	1	16	208	99	96	na 	51.1875
469	9	Sol4	G4	296	296	1	16	208	95	96		51.25
470	9	La4	A4	305	305	1	8	417	95	96	da	51.375
471	9	Si4b1	B4b1	313	313	1	8	417	95	96	da	51.5
472	9	La4	A4	305	305	1	8	417	95	96	na	51.625
473	9	Sol4	G4	296	296	3	8	1250	95	96	lý  	52
474	54			0	0	0	0	0	0	0	ussak@la4	52
475	9	Do5	C5	318	318	1	8	417	95	96	Se	52.125
476	8	Re5	D5	327	327	0	0	0	95	96		52.125
477	9	Do5	C5	318	318	1	16	208	99	96	be	52.1875
478	9	Si4b1	B4b1	313	313	1	16	208	95	96		52.25
479	9	Do5	C5	318	318	1	8	417	95	96	bim 	52.375
480	9	Re5	D5	327	327	1	8	417	95	96	sen 	52.5
481	9	Do5	C5	318	318	1	8	417	95	96	ol	52.625
482	9	Si4b1	B4b1	313	313	1	4	833	99	96	dun 	52.875
483	9	La4	A4	305	305	1	8	417	95	96		53
484	55			0	0	0	0	0	0	0		53
485	9	La4	A4	305	305	1	8	417	95	96	þiþ	53.125
486	8	Si4b1	B4b1	313	313	0	0	0	95	96		53.125
487	9	La4	A4	305	305	1	16	208	99	96	man 	53.1875
488	9	Sol4	G4	296	296	1	16	208	95	96		53.25
489	9	La4	A4	305	305	1	8	417	95	96	de	53.375
490	9	Si4b1	B4b1	313	313	1	8	417	95	96	li	53.5
491	9	La4	A4	305	305	1	8	417	95	96	kan	53.625
492	9	Sol4	G4	296	296	3	8	1250	95	96	lý  	54
493	53			0	0	0	0	0	0	0		54
494	54			0	0	0	0	0	0	0	buselik@re5	54
495	9	Sol4	G4	296	296	1	4	833	95	96	Hey 	54.25
496	9	Re5	D5	327	327	1	4	833	95	96	gül	54.5
497	9	Re5	D5	327	327	3	8	1250	99	96	lü 	54.875
498	9	Mi5	E5	336	336	1	8	417	95	96		55
499	9	Fa5	F5	340	340	1	8	417	95	96	he	55.125
500	9	Mi5	E5	336	336	1	8	417	95	96	le 	55.25
501	9	Re5	D5	327	327	1	8	417	95	96	he	55.375
502	55			0	0	0	0	0	0	0		55.375
503	54			0	0	0	0	0	0	0	nikriz@sol4	55.375
504	9	Do5#4	C5#4	322	322	1	8	417	95	96	le 	55.5
505	9	Si4b4	B4b4	310	310	1	8	417	99	96	gül	55.625
506	9	La4	A4	305	305	1	8	417	95	96		55.75
507	9	Sol4	G4	296	296	1	4	833	95	96	lü  	56
508	9	Sol4	G4	296	296	1	4	833	95	96	Kýz 	56.25
509	55			0	0	0	0	0	0	0		56.25
510	54			0	0	0	0	0	0	0	buselik@re5	56.25
511	9	Re5	D5	327	327	1	4	833	95	96	gül	56.5
512	9	Re5	D5	327	327	3	8	1250	99	96	lü 	56.875
513	9	Mi5	E5	336	336	1	8	417	95	96		57
514	9	Fa5	F5	340	340	1	8	417	95	96	he	57.125
515	9	Mi5	E5	336	336	1	8	417	95	96	le 	57.25
516	9	Re5	D5	327	327	1	8	417	95	96	he	57.375
517	55			0	0	0	0	0	0	0		57.375
518	54			0	0	0	0	0	0	0	nikriz@sol4	57.375
519	9	Do5#4	C5#4	322	322	1	8	417	95	96	le 	57.5
520	9	Si4b4	B4b4	310	310	1	8	417	99	96	gül	57.625
521	9	La4	A4	305	305	1	8	417	95	96		57.75
522	9	Sol4	G4	296	296	1	4	833	95	96	lü  	58
523	55			0	0	0	0	0	0	0		58
524	54			0	0	0	0	0	0	0	hicaz@la4	58
525	53			0	0	0	0	0	0	0		58
526	9	Sol4	G4	296	296	1	4	833	95	96	Peþ	58.25
527	9	La4	A4	305	305	1	8	417	99	96	te	58.375
528	9	Si4b4	B4b4	310	310	1	16	208	99	96		58.4375
529	9	La4	A4	305	305	1	16	208	95	96		58.5
530	9	La4	A4	305	305	1	2	1667	95	96	ma	59
531	55			0	0	0	0	0	0	0		59
532	54			0	0	0	0	0	0	0	nikriz@sol4	59
533	9	La4	A4	305	305	1	8	417	95	96	lý 	59.125
534	9	Do5#4	C5#4	322	322	1	8	417	99	96	püs	59.25
535	9	Si4b4	B4b4	310	310	1	8	417	99	96		59.375
536	9	La4	A4	305	305	1	8	417	95	96		59.5
537	9	Sol4	G4	296	296	1	8	417	99	96	kül	59.625
538	9	Fa4#4	F4#4	291	291	1	8	417	95	96		59.75
539	9	Sol4	G4	296	296	1	4	833	95	96	lü  	60
540	55			0	0	0	0	0	0	0		60
541	54			0	0	0	0	0	0	0	ussak@la4	60
542	53			0	0	0	0	0	0	0		60
543	9	Sol4	G4	296	296	1	4	833	95	96	Peþ	60.25
544	9	La4	A4	305	305	1	8	417	99	96	te	60.375
545	9	Si4b4	B4b4	310	310	1	16	208	99	96		60.4375
546	9	La4	A4	305	305	1	16	208	95	96		60.5
547	9	La4	A4	305	305	1	2	1667	95	96	ma	61
548	55			0	0	0	0	0	0	0		61
549	54			0	0	0	0	0	0	0	nikriz@sol4	61
550	9	La4	A4	305	305	1	8	417	95	96	lý 	61.125
551	9	Do5#4	C5#4	322	322	1	8	417	99	96	püs	61.25
552	9	Si4b4	B4b4	310	310	1	8	417	99	96		61.375
553	9	La4	A4	305	305	1	8	417	95	96		61.5
554	9	Sol4	G4	296	296	1	8	417	99	96	kül	61.625
555	9	Fa4#4	F4#4	291	291	1	8	417	95	96		61.75
556	9	Sol4	G4	296	296	1	4	833	95	96	lü  	62
557	55			0	0	0	0	0	0	0		62
558	54			0	0	0	0	0	0	0	ussak@la4	62
559	53			0	0	0	0	0	0	0		62
560	9	Do5	C5	318	318	1	8	417	95	96	A	62.125
561	8	Re5	D5	327	327	0	0	0	95	96		62.125
562	9	Do5	C5	318	318	1	16	208	99	96	ðam 	62.1875
563	9	Si4b1	B4b1	313	313	1	16	208	95	96		62.25
564	9	Do5	C5	318	318	1	8	417	95	96	A	62.375
565	9	Re5	D5	327	327	1	8	417	95	96	da	62.5
566	9	Do5	C5	318	318	1	8	417	95	96	na	62.625
567	9	Si4b1	B4b1	313	313	1	4	833	99	96	lý 	62.875
568	9	La4	A4	305	305	1	8	417	95	96		63
569	55			0	0	0	0	0	0	0		63
570	9	La4	A4	305	305	1	8	417	95	96	pa	63.125
571	8	Si4b1	B4b1	313	313	0	0	0	95	96		63.125
572	9	La4	A4	305	305	1	16	208	99	96	þam 	63.1875
573	9	Sol4	G4	296	296	1	16	208	95	96		63.25
574	9	La4	A4	305	305	1	8	417	95	96	A	63.375
575	9	Si4b1	B4b1	313	313	1	8	417	95	96	da	63.5
576	9	La4	A4	305	305	1	8	417	95	96	na	63.625
577	54			0	0	0	0	0	0	0	ussak@la4	63.625
578	9	Sol4	G4	296	296	3	8	1250	95	96	lý  	64
579	9	Do5	C5	318	318	1	8	417	95	96	Ev	64.125
580	8	Re5	D5	327	327	0	0	0	95	96		64.125
581	9	Do5	C5	318	318	1	16	208	99	96	de 	64.1875
582	9	Si4b1	B4b1	313	313	1	16	208	95	96		64.25
583	9	Do5	C5	318	318	1	8	417	95	96	du	64.375
584	9	Re5	D5	327	327	1	8	417	95	96	ra	64.5
585	9	Do5	C5	318	318	1	8	417	95	96	mý	64.625
586	9	Si4b1	B4b1	313	313	1	4	833	99	96	yom 	64.875
587	9	La4	A4	305	305	1	8	417	95	96		65
588	55			0	0	0	0	0	0	0		65
589	9	La4	A4	305	305	1	8	417	95	96	sa	65.125
590	8	Si4b1	B4b1	313	313	0	0	0	95	96		65.125
591	9	La4	A4	305	305	1	16	208	99	96	na 	65.1875
592	9	Sol4	G4	296	296	1	16	208	95	96		65.25
593	9	La4	A4	305	305	1	8	417	95	96	da	65.375
594	9	Si4b1	B4b1	313	313	1	8	417	95	96	da	65.5
595	9	La4	A4	305	305	1	8	417	95	96	na	65.625
596	54			0	0	0	0	0	0	0	ussak@la4	65.625
597	9	Sol4	G4	296	296	3	8	1250	95	96	lý  	66
598	9	Do5	C5	318	318	1	8	417	95	96	Se	66.125
599	8	Re5	D5	327	327	0	0	0	95	96		66.125
600	9	Do5	C5	318	318	1	16	208	99	96	be	66.1875
601	9	Si4b1	B4b1	313	313	1	16	208	95	96		66.25
602	9	Do5	C5	318	318	1	8	417	95	96	bim 	66.375
603	9	Re5	D5	327	327	1	8	417	95	96	sen_	66.5
604	9	Do5	C5	318	318	1	8	417	95	96	ol	66.625
605	9	Si4b1	B4b1	313	313	1	4	833	99	96	dun 	66.875
606	9	La4	A4	305	305	1	8	417	95	96		67
607	55			0	0	0	0	0	0	0		67
608	9	La4	A4	305	305	1	8	417	95	96	þiþ	67.125
609	8	Si4b1	B4b1	313	313	0	0	0	95	96		67.125
610	9	La4	A4	305	305	1	16	208	99	96	man 	67.1875
611	9	Sol4	G4	296	296	1	16	208	95	96		67.25
612	9	La4	A4	305	305	1	8	417	95	96	de	67.375
613	9	Si4b1	B4b1	313	313	1	8	417	95	96	li	67.5
614	9	La4	A4	305	305	1	8	417	95	96	kan	67.625
615	9	Sol4	G4	296	296	3	8	1250	95	96	lý  	68
616	53			0	0	0	0	0	0	0		68
