Sýra	Kod	Nota53	NotaAE	Koma53	KomaAE	Pay	Payda	Ms	LNS	Bas	Soz1	Offset
1	9	Sol4	G4	296	296	3	8	833	95	96	Â	0.3
2	9	Sol4	G4	296	296	1	4	556	95	96	þýk 	0.5
3	9	Sol4	G4	296	296	1	4	556	99	96	ol	0.7
4	9	Si4b1	B4b1	313	313	1	4	556	99	96		0.9
5	9	La4	A4	305	305	1	8	278	95	96		1
6	9	La4	A4	305	305	1	4	556	99	96	dur 	1.2
7	9	Si4b1	B4b1	313	313	1	4	556	99	96		1.4
8	9	La4	A4	305	305	1	8	278	99	96		1.5
9	9	Sol4	G4	296	296	1	4	556	99	96		1.7
10	9	Mi5	E5	336	336	1	4	556	99	96		1.9
11	9	Re5	D5	327	327	1	8	278	66	96		2
12	9	Re5	D5	327	327	1	4	556	99	96	kim 	2.2
13	9	Do5	C5	318	318	1	8	278	95	96		2.3
14	9	Do5	C5	318	318	1	8	278	99	96	ký	2.4
15	9	Si4b1	B4b1	313	313	1	8	278	95	96		2.5
16	9	Si4b1	B4b1	313	313	1	8	278	99	96	lar 	2.6
17	9	La4	A4	305	305	1	8	278	99	96		2.7
18	9	La4	A4	305	305	1	4	556	99	96		2.9
19	9	Sol4	G4	296	296	1	8	278	95	96		3
20	9	Sol4	G4	296	296	5	4	2778	95	96	câ	4
21	53			0	0	0	0	0	0	0		4
22	9	Do5	C5	318	318	1	4	556	99	96	nýn 	4.2
23	9	Si4b1	B4b1	313	313	1	8	278	95	96		4.3
24	9	Do5	C5	318	318	1	4	556	95	96	fe	4.5
25	9	Re5	D5	327	327	1	2	1112	95	96	dâ 	4.9
26	9			-1	-1	1	8	278	100	0		5
27	9	Mi5b4	E5b4	332	332	1	8	278	99	96	câ	5.1
28	9	Re5	D5	327	327	1	8	278	99	96		5.2
29	9	Mi5b4	E5b4	332	332	1	8	278	99	96		5.3
30	9	Fa5#4	F5#4	344	344	1	4	556	99	96		5.5
31	9	Re5	D5	327	327	1	8	278	99	96		5.6
32	9	Do5	C5	318	318	1	8	278	99	96		5.7
33	9	Si4b1	B4b1	313	313	3	8	833	95	96		6
34	10	Do5	C5	318	318	1	4	556	99	96	nâ	6.2
35	8	Re5	D5	327	327	0	0	0	99	96		6.2
36	9	Do5	C5	318	318	1	8	278	99	96		6.3
37	9	Re5	D5	327	327	1	4	556	99	96		6.5
38	9	Re5	D5	327	327	1	8	278	99	96		6.6
39	9	Do5	C5	318	318	1	8	278	99	96		6.7
40	9	Do5	C5	318	318	1	4	556	95	96		6.9
41	9	Si4b1	B4b1	313	313	1	8	278	95	96	ný	7
42	9	Si4b1	B4b1	313	313	1	4	556	95	96	na  	7.2
43	9	Mi5	E5	336	336	1	8	278	95	96	SAZ	7.3
44	9	Re5	D5	327	327	1	8	278	95	96	.	7.4
45	9	Do5	C5	318	318	1	8	278	95	96	.	7.5
46	9	Si4b1	B4b1	313	313	1	8	278	95	96	.	7.6
47	9	La4	A4	305	305	1	8	278	95	96	.	7.7
48	9	Sol4	G4	296	296	1	4	556	95	96	.	7.9
49	9			-1	-1	1	8	278	100	0		8
50	53			0	0	0	0	0	0	0		8
51	9	Sol4	G4	296	296	3	8	833	95	96	Â	8.3
52	9	Sol4	G4	296	296	1	4	556	95	96	þýk 	8.5
53	9	Sol4	G4	296	296	1	4	556	99	96	ol	8.7
54	9	Si4b1	B4b1	313	313	1	4	556	99	96		8.9
55	9	La4	A4	305	305	1	8	278	95	96		9
56	9	La4	A4	305	305	1	4	556	99	96	dur 	9.2
57	9	Si4b1	B4b1	313	313	1	4	556	99	96		9.4
58	9	La4	A4	305	305	1	8	278	99	96		9.5
59	9	Sol4	G4	296	296	1	4	556	99	96		9.7
60	9	Mi5	E5	336	336	1	4	556	99	96		9.9
61	9	Re5	D5	327	327	1	8	278	66	96		10
62	9	Re5	D5	327	327	1	4	556	99	96	kim 	10.2
63	9	Do5	C5	318	318	1	8	278	95	96		10.3
64	9	Do5	C5	318	318	1	8	278	99	96	ký	10.4
65	9	Si4b1	B4b1	313	313	1	8	278	95	96		10.5
66	9	Si4b1	B4b1	313	313	1	8	278	99	96	lar 	10.6
67	9	La4	A4	305	305	1	8	278	99	96		10.7
68	9	La4	A4	305	305	1	4	556	99	96		10.9
69	9	Sol4	G4	296	296	1	8	278	95	96		11
70	9	Sol4	G4	296	296	5	4	2778	95	96	câ	12
71	53			0	0	0	0	0	0	0		12
72	9	Do5	C5	318	318	1	4	556	99	96	nýn 	12.2
73	9	Si4b1	B4b1	313	313	1	8	278	95	96		12.3
74	9	Do5	C5	318	318	1	4	556	95	96	fe	12.5
75	9	Re5	D5	327	327	1	2	1112	95	96	dâ 	12.9
76	9			-1	-1	1	8	278	100	0		13
77	9	Mi5b4	E5b4	332	332	1	8	278	99	96	câ	13.1
78	9	Re5	D5	327	327	1	8	278	99	96		13.2
79	9	Mi5b4	E5b4	332	332	1	8	278	99	96		13.3
80	9	Fa5#4	F5#4	344	344	1	4	556	99	96		13.5
81	9	Re5	D5	327	327	1	8	278	99	96		13.6
82	9	Do5	C5	318	318	1	8	278	99	96		13.7
83	9	Si4b1	B4b1	313	313	3	8	833	95	96		14
84	10	Do5	C5	318	318	1	4	556	99	96	nâ	14.2
85	8	Re5	D5	327	327	0	0	0	99	96		14.2
86	9	Do5	C5	318	318	1	8	278	99	96		14.3
87	9	Re5	D5	327	327	1	4	556	99	96		14.5
88	9	Re5	D5	327	327	1	8	278	99	96		14.6
89	9	Do5	C5	318	318	1	8	278	99	96		14.7
90	9	Do5	C5	318	318	1	4	556	95	96		14.9
91	9	Si4b1	B4b1	313	313	1	8	278	95	96	ný	15
92	9	Si4b1	B4b1	313	313	1	4	556	95	96	na  	15.2
93	9	Mi5	E5	336	336	1	8	278	95	96	SAZ	15.3
94	9	Re5	D5	327	327	1	8	278	95	96	.	15.4
95	9	Do5	C5	318	318	1	8	278	95	96	.	15.5
96	9	Si4b1	B4b1	313	313	1	8	278	95	96	.	15.6
97	9	Do5	C5	318	318	1	8	278	95	96	.	15.7
98	9	Re5	D5	327	327	1	4	556	95	96	.	15.9
99	9			-1	-1	1	8	278	100	0		16
100	9	Do5	C5	318	318	3	8	833	95	96	Meyl_	16.3
101	9	Re5	D5	327	327	1	4	556	95	96	i 	16.5
102	9	Re5	D5	327	327	1	4	556	99	96	câ	16.7
103	9	Do5	C5	318	318	1	4	556	99	96		16.9
104	9	Si4b1	B4b1	313	313	1	8	278	95	96		17
105	9	Do5	C5	318	318	3	8	833	99	96	nân 	17.3
106	9	Do5	C5	318	318	1	8	278	99	96		17.4
107	9	Si4b1	B4b1	313	313	1	8	278	99	96		17.5
108	9	Si4b1	B4b1	313	313	1	8	278	99	96		17.6
109	9	La4	A4	305	305	1	2	1112	66	96		18
110	9	Si4b1	B4b1	313	313	1	4	556	99	96	et	18.2
111	9	La4	A4	305	305	1	8	278	95	96		18.3
112	9	Si4b1	B4b1	313	313	1	4	556	95	96	me	18.5
113	9	Do5	C5	318	318	1	4	556	99	96	sin 	18.7
114	9	Re5	D5	327	327	1	4	556	99	96		18.9
115	9	Do5	C5	318	318	1	8	278	95	96		19
116	9	Si4b1	B4b1	313	313	3	8	833	99	96	her 	19.3
117	9	Si4b1	B4b1	313	313	1	8	278	99	96		19.4
118	9	La4	A4	305	305	1	8	278	99	96		19.5
119	9	La4	A4	305	305	1	8	278	99	96		19.6
120	9	Sol4	G4	296	296	1	8	278	99	96		19.7
121	9	Sol4	G4	296	296	1	4	556	95	96		19.9
122	9			-1	-1	1	8	278	100	0		20
123	53			0	0	0	0	0	0	0		20
124	9	Sol4	G4	296	296	3	8	833	95	96	kim 	20.3
125	9	La4	A4	305	305	1	4	556	95	96	ki 	20.5
126	9	Si4b1	B4b1	313	313	1	4	556	99	96	kýy	20.7
127	9	La4	A4	305	305	1	4	556	99	96		20.9
128	9	Sol4	G4	296	296	1	8	278	95	96		21
129	9	Do5	C5	318	318	3	8	833	99	96	maz 	21.3
130	9	Re5	D5	327	327	1	4	556	99	96		21.5
131	9	Si4b1	B4b1	313	313	1	8	278	99	96		21.6
132	9	La4	A4	305	305	1	8	278	99	96		21.7
133	9	Sol4	G4	296	296	1	4	556	95	96		21.9
134	9			-1	-1	1	8	278	100	0		22
135	9	Re5	D5	327	327	1	2	1111	99	96	câ	22.4
136	9	Do5#4	C5#4	322	322	1	16	139	99	96		22.45
137	11	Si4b4	B4b4	310	310	1	16	139	99	96		22.5
138	9	Si4b4	B4b4	310	310	1	2	1111	95	96		22.9
139	9	La4	A4	305	305	1	16	139	95	96	ný	22.95
140	11	Sol4	G4	296	296	1	16	139	95	96		23
141	9	Sol4	G4	296	296	5	8	1389	95	96	na  	23.5
142	9	Si4b1	B4b1	313	313	1	8	278	95	96	SAZ	23.6
143	9	Do5	C5	318	318	1	8	278	95	96	.	23.7
144	9	Re5	D5	327	327	1	4	556	95	96	.	23.9
145	9			-1	-1	1	8	278	100	0		24
146	53			0	0	0	0	0	0	0		24
147	9	Do5	C5	318	318	3	8	833	95	96	Meyl_	24.3
148	9	Re5	D5	327	327	1	4	556	95	96	i 	24.5
149	9	Re5	D5	327	327	1	4	556	99	96	câ	24.7
150	9	Do5	C5	318	318	1	4	556	99	96		24.9
151	9	Si4b1	B4b1	313	313	1	8	278	95	96		25
152	9	Do5	C5	318	318	3	8	833	99	96	nân 	25.3
153	9	Do5	C5	318	318	1	8	278	99	96		25.4
154	9	Si4b1	B4b1	313	313	1	8	278	99	96		25.5
155	9	Si4b1	B4b1	313	313	1	8	278	99	96		25.6
156	9	La4	A4	305	305	1	2	1112	66	96		26
157	9	Si4b1	B4b1	313	313	1	4	556	99	96	et	26.2
158	9	La4	A4	305	305	1	8	278	95	96		26.3
159	9	Si4b1	B4b1	313	313	1	4	556	95	96	me	26.5
160	9	Do5	C5	318	318	1	4	556	99	96	sin 	26.7
161	9	Re5	D5	327	327	1	4	556	99	96		26.9
162	9	Do5	C5	318	318	1	8	278	95	96		27
163	9	Si4b1	B4b1	313	313	3	8	833	99	96	her 	27.3
164	9	Si4b1	B4b1	313	313	1	8	278	99	96		27.4
165	9	La4	A4	305	305	1	8	278	99	96		27.5
166	9	La4	A4	305	305	1	8	278	99	96		27.6
167	9	Sol4	G4	296	296	1	8	278	99	96		27.7
168	9	Sol4	G4	296	296	1	4	556	95	96		27.9
169	9			-1	-1	1	8	278	100	0		28
170	53			0	0	0	0	0	0	0		28
171	9	Sol4	G4	296	296	3	8	833	95	96	kim 	28.3
172	9	La4	A4	305	305	1	4	556	95	96	ki 	28.5
173	9	Si4b1	B4b1	313	313	1	4	556	99	96	kýy	28.7
174	9	La4	A4	305	305	1	4	556	99	96		28.9
175	9	Sol4	G4	296	296	1	8	278	95	96		29
176	9	Do5	C5	318	318	3	8	833	99	96	maz 	29.3
177	9	Re5	D5	327	327	1	4	556	99	96		29.5
178	9	Si4b1	B4b1	313	313	1	8	278	99	96		29.6
179	9	La4	A4	305	305	1	8	278	99	96		29.7
180	9	Sol4	G4	296	296	1	4	556	95	96		29.9
181	9			-1	-1	1	8	278	100	0		30
182	9	Re5	D5	327	327	1	2	1111	99	96	câ	30.4
183	9	Do5#4	C5#4	322	322	1	16	139	99	96		30.45
184	11	Si4b4	B4b4	310	310	1	16	139	99	96		30.5
185	9	Si4b4	B4b4	310	310	1	2	1111	95	96		30.9
186	9	La4	A4	305	305	1	16	139	95	96	ný	30.95
187	11	Sol4	G4	296	296	1	16	139	95	96		31
188	9	Sol4	G4	296	296	5	8	1389	95	96	na  	31.5
189	9	Do5	C5	318	318	1	8	278	95	96	SAZ	31.6
190	9	Re5	D5	327	327	1	8	278	95	96	.	31.7
191	9	Mi5	E5	336	336	1	4	556	95	96	.	31.9
192	9			-1	-1	1	8	278	100	0		32
193	9	Do5	C5	318	318	3	8	833	95	96	Câ	32.3
194	9	Re5	D5	327	327	1	4	556	95	96	ný	32.5
195	9	Mi5	E5	336	336	1	2	1111	95	96	ný 	32.9
196	9			-1	-1	1	8	278	100	0		33
197	9	Mi5	E5	336	336	9	8	2500	99	96	câ	33.9
198	9	Re5	D5	327	327	1	8	278	95	96		34
199	9	Sol5	G5	349	349	1	4	556	99	96	nâ	34.2
200	9	Mi5	E5	336	336	1	8	278	95	96		34.3
201	9	Mi5	E5	336	336	1	4	556	95	96	na 	34.5
202	9	Mi5	E5	336	336	1	8	278	99	96	ver	34.6
203	9	Re5	D5	327	327	1	8	278	99	96		34.7
204	9	Re5	D5	327	327	1	4	556	99	96		34.9
205	9	Do5	C5	318	318	1	8	278	95	96		35
206	9	Re5	D5	327	327	5	4	2778	95	96	mek	36
207	53			0	0	0	0	0	0	0		36
208	9	Do5	C5	318	318	3	8	833	95	96	dir 	36.3
209	9	Re5	D5	327	327	1	4	556	95	96	ke	36.5
210	9	Mi5	E5	336	336	1	4	556	99	96	mâ	36.7
211	9	Fa5	F5	340	340	1	4	556	99	96		36.9
212	9	Sol5	G5	349	349	1	8	278	95	96		37
213	9	Mi5	E5	336	336	5	8	1389	99	96	li 	37.5
214	9	Re5	D5	327	327	1	4	556	99	96		37.7
215	9	Do5	C5	318	318	1	4	556	99	96		37.9
216	9	Si4b1	B4b1	313	313	1	8	278	95	96		38
217	10	Do5	C5	318	318	1	4	556	99	96	â	38.2
218	8	Re5	D5	327	327	0	0	0	99	96		38.2
219	9	Do5	C5	318	318	1	8	278	99	96		38.3
220	9	Re5	D5	327	327	1	4	556	99	96		38.5
221	9	Re5	D5	327	327	1	8	278	99	96		38.6
222	9	Do5	C5	318	318	1	8	278	99	96		38.7
223	9	Do5	C5	318	318	1	4	556	95	96		38.9
224	9	Si4b1	B4b1	313	313	1	8	278	95	96	þý	39
225	9	Si4b1	B4b1	313	313	5	8	1389	95	96	kýn  	39.5
226	9	Do5	C5	318	318	1	8	278	95	96	SAZ	39.6
227	9	Re5	D5	327	327	1	8	278	95	96	.	39.7
228	9	Mi5	E5	336	336	1	4	556	95	96	.	39.9
229	9			-1	-1	1	8	278	100	0		40
230	53			0	0	0	0	0	0	0		40
231	9	Do5	C5	318	318	3	8	833	95	96	Câ	40.3
232	9	Re5	D5	327	327	1	4	556	95	96	ný	40.5
233	9	Mi5	E5	336	336	1	2	1111	95	96	ný 	40.9
234	9			-1	-1	1	8	278	100	0		41
235	9	Mi5	E5	336	336	9	8	2500	99	96	câ	41.9
236	9	Re5	D5	327	327	1	8	278	95	96		42
237	9	Sol5	G5	349	349	1	4	556	99	96	nâ	42.2
238	9	Mi5	E5	336	336	1	8	278	95	96		42.3
239	9	Mi5	E5	336	336	1	4	556	95	96	na 	42.5
240	9	Mi5	E5	336	336	1	8	278	99	96	ver	42.6
241	9	Re5	D5	327	327	1	8	278	99	96		42.7
242	9	Re5	D5	327	327	1	4	556	99	96		42.9
243	9	Do5	C5	318	318	1	8	278	95	96		43
244	9	Re5	D5	327	327	5	4	2778	95	96	mek	44
245	53			0	0	0	0	0	0	0		44
246	9	Do5	C5	318	318	3	8	833	95	96	dir 	44.3
247	9	Re5	D5	327	327	1	4	556	95	96	ke	44.5
248	9	Mi5	E5	336	336	1	4	556	99	96	mâ	44.7
249	9	Fa5	F5	340	340	1	4	556	99	96		44.9
250	9	Sol5	G5	349	349	1	8	278	95	96		45
251	9	Mi5	E5	336	336	5	8	1389	99	96	li 	45.5
252	9	Re5	D5	327	327	1	4	556	99	96		45.7
253	9	Do5	C5	318	318	1	4	556	99	96		45.9
254	9	Si4b1	B4b1	313	313	1	8	278	95	96		46
255	10	Do5	C5	318	318	1	4	556	99	96	â	46.2
256	8	Re5	D5	327	327	0	0	0	99	96		46.2
257	9	Do5	C5	318	318	1	8	278	99	96		46.3
258	9	Re5	D5	327	327	1	4	556	99	96		46.5
259	9	Re5	D5	327	327	1	8	278	99	96		46.6
260	9	Do5	C5	318	318	1	8	278	99	96		46.7
261	9	Do5	C5	318	318	1	4	556	95	96		46.9
262	9	Si4b1	B4b1	313	313	1	8	278	95	96	þý	47
263	9	Si4b1	B4b1	313	313	5	8	1389	95	96	kýn  	47.5
264	9	Si4b1	B4b1	313	313	1	8	278	95	96	SAZ	47.6
265	9	Do5	C5	318	318	1	8	278	95	96	.	47.7
266	9	Re5	D5	327	327	1	4	556	95	96	.	47.9
267	9			-1	-1	1	8	278	100	0		48
268	53			0	0	0	0	0	0	0		48
269	9	Do5	C5	318	318	3	8	833	95	96	Meyl_	48.3
270	9	Re5	D5	327	327	1	4	556	95	96	i 	48.5
271	9	Re5	D5	327	327	1	4	556	99	96	câ	48.7
272	9	Do5	C5	318	318	1	4	556	99	96		48.9
273	9	Si4b1	B4b1	313	313	1	8	278	95	96		49
274	9	Do5	C5	318	318	3	8	833	99	96	nân 	49.3
275	9	Do5	C5	318	318	1	8	278	99	96		49.4
276	9	Si4b1	B4b1	313	313	1	8	278	99	96		49.5
277	9	Si4b1	B4b1	313	313	1	8	278	99	96		49.6
278	9	La4	A4	305	305	1	2	1112	66	96		50
279	9	Si4b1	B4b1	313	313	1	4	556	99	96	et	50.2
280	9	La4	A4	305	305	1	8	278	95	96		50.3
281	9	Si4b1	B4b1	313	313	1	4	556	95	96	me	50.5
282	9	Do5	C5	318	318	1	4	556	99	96	sin 	50.7
283	9	Re5	D5	327	327	1	4	556	99	96		50.9
284	9	Do5	C5	318	318	1	8	278	95	96		51
285	9	Si4b1	B4b1	313	313	3	8	833	99	96	her 	51.3
286	9	Si4b1	B4b1	313	313	1	8	278	99	96		51.4
287	9	La4	A4	305	305	1	8	278	99	96		51.5
288	9	La4	A4	305	305	1	8	278	99	96		51.6
289	9	Sol4	G4	296	296	1	8	278	99	96		51.7
290	9	Sol4	G4	296	296	1	4	556	95	96		51.9
291	9			-1	-1	1	8	278	100	0		52
292	53			0	0	0	0	0	0	0		52
293	9	Sol4	G4	296	296	3	8	833	95	96	kim 	52.3
294	9	La4	A4	305	305	1	4	556	95	96	ki 	52.5
295	9	Si4b1	B4b1	313	313	1	4	556	99	96	kýy	52.7
296	9	La4	A4	305	305	1	4	556	99	96		52.9
297	9	Sol4	G4	296	296	1	8	278	95	96		53
298	9	Do5	C5	318	318	3	8	833	99	96	maz 	53.3
299	9	Re5	D5	327	327	1	4	556	99	96		53.5
300	9	Si4b1	B4b1	313	313	1	8	278	99	96		53.6
301	9	La4	A4	305	305	1	8	278	99	96		53.7
302	9	Sol4	G4	296	296	1	4	556	95	96		53.9
303	9			-1	-1	1	8	278	100	0		54
304	9	Re5	D5	327	327	1	2	1111	99	96	câ	54.4
305	9	Do5#4	C5#4	322	322	1	16	139	99	96		54.45
306	11	Si4b4	B4b4	310	310	1	16	139	99	96		54.5
307	9	Si4b4	B4b4	310	310	1	2	1111	95	96		54.9
308	9	La4	A4	305	305	1	16	139	95	96	ný	54.95
309	11	Sol4	G4	296	296	1	16	139	95	96		55
310	9	Sol4	G4	296	296	5	8	1389	95	96	na  	55.5
311	9	Si4b1	B4b1	313	313	1	8	278	95	96	SAZ	55.6
312	9	Do5	C5	318	318	1	8	278	95	96	.	55.7
313	9	Re5	D5	327	327	1	4	556	95	96	.	55.9
314	9			-1	-1	1	8	278	100	0		56
315	53			0	0	0	0	0	0	0		56
316	9	Do5	C5	318	318	3	8	833	95	96	Meyl_	56.3
317	9	Re5	D5	327	327	1	4	556	95	96	i 	56.5
318	9	Re5	D5	327	327	1	4	556	99	96	câ	56.7
319	9	Do5	C5	318	318	1	4	556	99	96		56.9
320	9	Si4b1	B4b1	313	313	1	8	278	95	96		57
321	9	Do5	C5	318	318	3	8	833	99	96	nân 	57.3
322	9	Do5	C5	318	318	1	8	278	99	96		57.4
323	9	Si4b1	B4b1	313	313	1	8	278	99	96		57.5
324	9	Si4b1	B4b1	313	313	1	8	278	99	96		57.6
325	9	La4	A4	305	305	1	2	1112	66	96		58
326	9	Si4b1	B4b1	313	313	1	4	556	99	96	et	58.2
327	9	La4	A4	305	305	1	8	278	95	96		58.3
328	9	Si4b1	B4b1	313	313	1	4	556	95	96	me	58.5
329	9	Do5	C5	318	318	1	4	556	99	96	sin 	58.7
330	9	Re5	D5	327	327	1	4	556	99	96		58.9
331	9	Do5	C5	318	318	1	8	278	95	96		59
332	9	Si4b1	B4b1	313	313	3	8	833	99	96	her 	59.3
333	9	Si4b1	B4b1	313	313	1	8	278	99	96		59.4
334	9	La4	A4	305	305	1	8	278	99	96		59.5
335	9	La4	A4	305	305	1	8	278	99	96		59.6
336	9	Sol4	G4	296	296	1	8	278	99	96		59.7
337	9	Sol4	G4	296	296	1	4	556	95	96		59.9
338	9			-1	-1	1	8	278	100	0		60
339	53			0	0	0	0	0	0	0		60
340	9	Sol4	G4	296	296	3	8	833	95	96	kim 	60.3
341	9	La4	A4	305	305	1	4	556	95	96	ki 	60.5
342	9	Si4b1	B4b1	313	313	1	4	556	99	96	kýy	60.7
343	9	La4	A4	305	305	1	4	556	99	96		60.9
344	9	Sol4	G4	296	296	1	8	278	95	96		61
345	9	Do5	C5	318	318	3	8	833	99	96	maz 	61.3
346	9	Re5	D5	327	327	1	4	556	99	96		61.5
347	9	Si4b1	B4b1	313	313	1	8	278	99	96		61.6
348	9	La4	A4	305	305	1	8	278	99	96		61.7
349	9	Sol4	G4	296	296	1	4	556	95	96		61.9
350	9			-1	-1	1	8	278	100	0		62
351	9	Re5	D5	327	327	1	2	1111	99	96	câ	62.4
352	9	Do5#4	C5#4	322	322	1	16	139	99	96		62.45
353	11	Si4b4	B4b4	310	310	1	16	139	99	96		62.5
354	9	Si4b4	B4b4	310	310	1	2	1111	95	96		62.9
355	9	La4	A4	305	305	1	16	139	95	96	ný	62.95
356	11	Sol4	G4	296	296	1	16	139	95	96		63
357	9	Sol4	G4	296	296	5	8	1389	95	96	na  	63.5
