Sýra	Kod	Nota53	NotaAE	Koma53	KomaAE	Pay	Payda	Ms	LNS	Bas	Soz1	Offset
1	9	Do5	C5	318	318	3	16	833	99	96	Ah 	0.1666667
2	9	Si4b2	B4b1	312	313	1	16	278	95	96		0.2222222
3	9			-1	-1	1	16	278	100	0		0.2777778
4	9	La4	A4	305	305	1	8	556	95	96	bir 	0.3888889
5	9	Si4b2	B4b1	312	313	1	16	278	95	96	ni	0.4444444
6	9	Do5	C5	318	318	1	16	278	99	96	gâh 	0.5
7	9	Re5b3	D5b4	324	323	1	16	278	99	96		0.5555556
8	9	Si4b2	B4b1	312	313	1	16	278	99	96		0.6111111
9	9	Re5b3	D5b4	324	323	1	16	278	95	96		0.6666667
10	9	Do5	C5	318	318	1	8	556	99	96	et 	0.7777778
11	8	Re5b3	D5b4	324	323	0	0	0	99	96		0.7777778
12	9	Do5	C5	318	318	1	16	278	99	96		0.8333333
13	9	Re5b3	D5b4	324	323	1	16	278	99	96		0.8888889
14	9	Re5b3	D5b4	324	323	1	24	185	99	96		0.9259259
15	9	Do5	C5	318	318	1	24	185	99	96		0.962963
16	9	Si4b2	B4b1	312	313	1	24	185	99	96		1
17	9	La4	A4	305	305	1	4	1111	95	96		1.222222
18	54			0	0	0	0	0	0	0	hicaz@do5	1.222222
19	53			0	0	0	0	0	0	0		1.222222
20	9			-1	-1	1	16	278	100	0		1.277778
21	9	Mi5	E5	336	336	1	8	556	95	96	kahr_	1.388889
22	9	Fa5	F5	340	340	1	16	278	95	96	i	1.444444
23	9	Mi5	E5	336	336	1	16	278	99	96	le 	1.5
24	9	Re5b3	D5b4	324	323	1	16	278	99	96		1.555556
25	9	Do5	C5	318	318	1	16	278	99	96		1.611111
26	9	Si4b2	B4b1	312	313	1	16	278	95	96		1.666667
27	9	Do5	C5	318	318	1	16	278	99	96	sen 	1.722222
28	9	Re5b3	D5b4	324	323	1	16	278	99	96		1.777778
29	9	Mi5	E5	336	336	1	16	278	99	96		1.833333
30	9	Fa5	F5	340	340	1	16	278	99	96		1.888889
31	8	Fa5	F5	340	340	0	0	0	99	96		1.888889
32	9	Mi5	E5	336	336	1	16	278	99	96		1.944444
33	9	Re5b3	D5b4	324	323	1	16	278	99	96		2
34	9	Re5b3	D5b4	324	323	1	16	278	99	96		2.055556
35	8	Mi5	E5	336	336	0	0	0	99	96		2.055556
36	9	Re5b3	D5b4	324	323	1	32	139	99	96		2.083333
37	9	Do5	C5	318	318	1	32	139	99	96		2.111111
38	9	Do5	C5	318	318	1	16	278	99	96		2.166667
39	9	Si4b2	B4b1	312	313	1	16	278	95	96		2.222222
40	9			-1	-1	1	16	278	100	0		2.277778
41	53			0	0	0	0	0	0	0		2.277778
42	9	Do5	C5	318	318	1	8	556	95	96	bak	2.388889
43	9	La5	A5	358	358	1	16	278	95	96	ma 	2.444444
44	9	Sol5	G5	349	349	1	16	278	99	96	Al	2.5
45	9	Fa5	F5	340	340	1	16	278	99	96		2.555556
46	9	Mi5	E5	336	336	1	16	278	99	96		2.611111
47	9	Re5b3	D5b4	324	323	1	16	278	95	96		2.666667
48	9	Do5	C5	318	318	1	16	278	99	96	lah 	2.722222
49	9	Re5b3	D5b4	324	323	1	16	278	99	96		2.777778
50	9	Mi5	E5	336	336	1	16	278	99	96		2.833333
51	9	Fa5	F5	340	340	1	16	278	99	96		2.888889
52	9	Sol5	G5	349	349	1	16	278	99	96		2.944444
53	9	La5	A5	358	358	1	16	278	99	96		3
54	9	Sol5	G5	349	349	1	32	139	99	96		3.027778
55	9	Fa5	F5	340	340	1	32	139	99	96		3.055556
56	9	Mi5	E5	336	336	1	32	139	99	96		3.083333
57	9	Re5b3	D5b4	324	323	1	32	139	99	96		3.111111
58	9	Do5	C5	318	318	1	32	139	99	96		3.138889
59	9	Si4b2	B4b1	312	313	1	32	139	99	96		3.166667
60	9	Do5	C5	318	318	1	16	278	95	96		3.222222
61	55			0	0	0	0	0	0	0		3.222222
62	53			0	0	0	0	0	0	0		3.222222
63	9			-1	-1	1	16	278	100	0		3.277778
64	9	Re5b3	D5b4	324	323	1	8	556	95	96	aþ	3.388889
65	9	Re5b3	D5b4	324	323	1	16	278	95	96	ký	3.444444
66	9	Re5b3	D5b4	324	323	1	16	278	99	96	na 	3.5
67	8	Mi5	E5	336	336	0	0	0	99	96		3.5
68	9	Re5b3	D5b4	324	323	1	32	139	99	96		3.527778
69	9	Do5	C5	318	318	1	32	139	99	96		3.555556
70	9	Do5	C5	318	318	1	16	278	99	96		3.611111
71	9	Si4b2	B4b1	312	313	1	16	278	99	96		3.666667
72	9	Do5	C5	318	318	3	16	833	99	96		3.833333
73	9	Si4b2	B4b1	312	313	1	16	278	99	96		3.888889
74	9	La4	A4	305	305	1	8	556	101	96		4
75	53			0	0	0	0	0	0	0		4
76	9	La4	A4	305	305	1	16	278	99	96	Al	4.055555
77	8	Si4b2	B4b1	312	313	0	0	0	99	96		4.055555
78	24	La4	A4	305	305	1	8	556	99	96		4.166667
79	9	Si4b2	B4b1	312	313	1	16	278	95	96		4.222222
80	9	Re5b3	D5b4	324	323	3	32	417	99	96	lah 	4.305555
81	9	Do5	C5	318	318	1	32	139	99	96		4.333333
82	9	Si4b2	B4b1	312	313	1	16	278	99	96		4.388889
83	54			0	0	0	0	0	0	0	hicaz@do5	4.388889
84	9	La4	A4	305	305	1	16	278	95	96		4.444445
85	9	Fa5	F5	340	340	3	32	417	99	96	aþ	4.527778
86	9	Mi5	E5	336	336	1	32	139	99	96		4.555555
87	9	Re5b3	D5b4	324	323	1	16	278	99	96		4.611111
88	9	Do5	C5	318	318	1	16	278	99	96		4.666667
89	9	Do5	C5	318	318	1	16	278	99	96		4.722222
90	9	Re5b3	D5b4	324	323	1	16	278	99	96		4.777778
91	9	Do5	C5	318	318	1	16	278	99	96		4.833333
92	9	Si4b2	B4b1	312	313	1	16	278	95	96		4.888889
93	9	Mi5	E5	336	336	1	32	139	99	96	ký	4.916667
94	9	Re5b3	D5b4	324	323	1	32	139	99	96		4.944445
95	9	Do5	C5	318	318	1	16	278	95	96		5
96	9	Do5	C5	318	318	3	8	1667	95	96	na  	5.333333
97	55			0	0	0	0	0	0	0		5.333333
98	9	Sol4	G4	296	296	1	8	556	95	96	SAZ	5.444445
99	9	La4	A4	305	305	1	16	278	95	96	.	5.5
100	24	La4	A4	305	305	1	8	556	95	96	.	5.611111
101	9	Si4b2	B4b1	312	313	1	16	278	95	96	.	5.666667
102	9	Do5	C5	318	318	3	16	833	95	96	.	5.833333
103	9	Re5b3	D5b4	324	323	1	16	278	95	96	.	5.888889
104	9	Do5	C5	318	318	1	16	278	95	96	.	5.944445
105	9	Si4b2	B4b1	312	313	1	16	278	95	96	.	6
106	9	Do5	C5	318	318	1	4	1111	95	96	.	6.222222
107	54			0	0	0	0	0	0	0	buselik@re5	6.222222
108	53			0	0	0	0	0	0	0		6.222222
109	9			-1	-1	1	8	556	100	0		6.333333
110	9	Do5	C5	318	318	1	16	278	95	96	Sa	6.388889
111	9	Re5	D5	327	327	1	16	278	95	96	rý 	6.444445
112	9	Mi5	E5	336	336	3	16	833	99	96	giy	6.611111
113	8	Mi5	E5	336	336	0	0	0	99	96		6.611111
114	9	Re5	D5	327	327	1	16	278	95	96		6.666667
115	55			0	0	0	0	0	0	0		6.666667
116	54			0	0	0	0	0	0	0	hicaz@do5	6.666667
117	9	Sol5	G5	349	349	1	24	185	99	96	me 	6.703704
118	9	Sol5	G5	349	349	1	24	185	99	96		6.740741
119	9	Fa5	F5	340	340	1	24	185	99	96		6.777778
120	9	Mi5	E5	336	336	1	16	278	99	96		6.833333
121	9	Re5b3	D5b4	324	323	1	16	278	99	96		6.888889
122	9	Do5	C5	318	318	1	16	278	99	96		6.944445
123	9	Re5b3	D5b4	324	323	1	16	278	99	96		7
124	9	Re5b3	D5b4	324	323	1	16	278	99	96		7.055555
125	8	Mi5	E5	336	336	0	0	0	99	96		7.055555
126	9	Re5b3	D5b4	324	323	1	32	139	99	96		7.083333
127	9	Do5	C5	318	318	1	32	139	99	96		7.111111
128	9	Do5	C5	318	318	1	16	278	99	96		7.166667
129	9	Si4b2	B4b1	312	313	1	16	278	95	96		7.222222
130	55			0	0	0	0	0	0	0		7.222222
131	9			-1	-1	1	16	278	100	0		7.277778
132	9	Do5	C5	318	318	1	16	278	99	96	bir 	7.333333
133	8	Re5b3	D5b4	324	323	0	0	0	99	96		7.333333
134	9	Do5	C5	318	318	1	16	278	95	96		7.388889
135	9	Re5b3	D5b4	324	323	1	16	278	95	96	da	7.444445
136	9	Re5b3	D5b4	324	323	1	16	278	99	96	ha 	7.5
137	9	Mi5	E5	336	336	1	16	278	99	96		7.555555
138	9	Re5b3	D5b4	324	323	1	16	278	99	96		7.611111
139	9	Do5	C5	318	318	1	16	278	95	96		7.666667
140	9	Do5	C5	318	318	3	32	417	99	96	gül 	7.75
141	9	Si4b2	B4b1	312	313	1	32	139	99	96		7.777778
142	9	La4	A4	305	305	1	16	278	99	96		7.833333
143	9	Do5	C5	318	318	1	16	278	99	96		7.888889
144	9	Si4b2	B4b1	312	313	1	16	278	99	96		7.944445
145	9	La4	A4	305	305	1	16	278	99	96		8
146	9	Si4b2	B4b1	312	313	1	4	1111	95	96		8.222222
147	9			-1	-1	1	16	278	100	0		8.277778
148	53			0	0	0	0	0	0	0		8.277778
149	9	Si4b2	B4b1	312	313	1	8	556	95	96	tak	8.388889
150	9	Si4b2	B4b1	312	313	1	16	278	95	96	ma 	8.444445
151	9	Si4b2	B4b1	312	313	1	16	278	99	96	Al	8.5
152	24	Si4b2	B4b1	312	313	1	8	556	99	96		8.611111
153	9	Re5b3	D5b4	324	323	1	16	278	95	96		8.666667
154	24	Do5	C5	318	318	1	8	556	99	96	lah 	8.777778
155	9	Re5b3	D5b4	324	323	1	32	139	99	96		8.805555
156	9	Do5	C5	318	318	1	32	139	99	96		8.833333
157	9	Si4b2	B4b1	312	313	1	16	278	99	96		8.888889
158	54			0	0	0	0	0	0	0	hicaz@do5	8.888889
159	9	La4	A4	305	305	1	8	556	99	96		9
160	9	Fa5	F5	340	340	1	32	139	99	96		9.027778
161	9	Mi5	E5	336	336	1	32	139	99	96		9.055555
162	9	Fa5	F5	340	340	1	32	139	99	96		9.083333
163	9	Sol5	G5	349	349	1	32	139	99	96		9.111111
164	9	Fa5	F5	340	340	1	32	139	99	96		9.138889
165	9	Mi5	E5	336	336	1	32	139	99	96		9.166667
166	9	Re5b3	D5b4	324	323	1	16	278	99	96		9.222222
167	9	Do5	C5	318	318	1	16	278	95	96		9.277778
168	9	Re5b3	D5b4	324	323	1	8	556	95	96	aþ	9.388889
169	9	Re5b3	D5b4	324	323	1	16	278	95	96	ký	9.444445
170	9	Re5b3	D5b4	324	323	1	16	278	99	96	na  	9.5
171	8	Mi5	E5	336	336	0	0	0	99	96		9.5
172	9	Re5b3	D5b4	324	323	1	32	139	99	96		9.527778
173	9	Do5	C5	318	318	1	32	139	99	96		9.555555
174	9	Do5	C5	318	318	1	16	278	99	96		9.611111
175	9	Si4b2	B4b1	312	313	1	16	278	99	96		9.666667
176	55			0	0	0	0	0	0	0		9.666667
177	54			0	0	0	0	0	0	0	rast@sol4	9.666667
178	9	Re5b3	D5b4	324	323	1	16	278	99	96		9.722222
179	9	Do5	C5	318	318	1	16	278	99	96		9.777778
180	9	Si4b2	B4b1	312	313	1	16	278	99	96		9.833333
181	9	La4	A4	305	305	1	16	278	99	96		9.888889
182	9	Sol4	G4	296	296	1	8	556	95	96		10
183	55			0	0	0	0	0	0	0		10
184	53			0	0	0	0	0	0	0		10
185	9	La4	A4	305	305	1	16	278	99	96	Al	10.05556
186	8	Si4b2	B4b1	312	313	0	0	0	99	96		10.05556
187	24	La4	A4	305	305	1	8	556	99	96		10.16667
188	9	Si4b2	B4b1	312	313	1	16	278	95	96		10.22222
189	9	Do5	C5	318	318	1	16	278	99	96	lah 	10.27778
190	9	Re5b3	D5b4	324	323	1	16	278	99	96		10.33333
191	9	Mi5	E5	336	336	1	16	278	99	96		10.38889
192	9	Do5	C5	318	318	1	16	278	95	96		10.44444
193	9	Do5	C5	318	318	1	16	278	99	96	aþ	10.5
194	9	Re5b3	D5b4	324	323	1	32	139	99	96		10.52778
195	9	Do5	C5	318	318	1	32	139	99	96		10.55556
196	9	Si4b2	B4b1	312	313	1	32	139	99	96		10.58333
197	9	La4	A4	305	305	1	32	139	99	96		10.61111
198	9	Sol4	G4	296	296	1	32	139	99	96		10.63889
199	9	La4	A4	305	305	1	32	139	99	96		10.66667
200	9	Re5b3	D5b4	324	323	1	8	556	99	96		10.77778
201	8	Re5b3	D5b4	324	323	0	0	0	99	96		10.77778
202	9	Do5	C5	318	318	1	16	278	99	96		10.83333
203	9	Si4b2	B4b1	312	313	1	16	278	95	96		10.88889
204	9	Si4b2	B4b1	312	313	1	16	278	99	96	ký	10.94444
205	9	La4	A4	305	305	1	16	278	95	96		11
206	9	La4	A4	305	305	3	8	1667	95	96	na  	11.33333
207	9	La4	A4	305	305	1	16	278	95	96	SAZ	11.38889
208	9	Si4b2	B4b1	312	313	1	16	278	95	96	.	11.44444
209	9	Do5	C5	318	318	1	16	278	95	96	.	11.5
210	9	Re5b3	D5b4	324	323	1	16	278	95	96	.	11.55556
211	9	Do5	C5	318	318	1	16	278	95	96	.	11.61111
212	9	Si4b2	B4b1	312	313	1	16	278	95	96	.	11.66667
213	9	Do5	C5	318	318	3	16	833	95	96	.	11.83333
214	9	Si4b2	B4b1	312	313	1	16	278	95	96	.	11.88889
215	9	La4	A4	305	305	1	16	278	95	96	.	11.94444
216	9	Si4b2	B4b1	312	313	1	16	278	95	96	.	12
217	53			0	0	0	0	0	0	0		12
218	9	Do5	C5	318	318	1	4	1111	95	96	.	12.22222
219	54			0	0	0	0	0	0	0	buselik@re5	12.22222
220	53			0	0	0	0	0	0	0		12.22222
221	9			-1	-1	1	8	556	100	0		12.33333
222	9	Do5	C5	318	318	1	16	278	95	96	Sa	12.38889
223	9	Re5	D5	327	327	1	16	278	95	96	rý 	12.44444
224	9	Mi5	E5	336	336	3	16	833	99	96	giy	12.61111
225	8	Mi5	E5	336	336	0	0	0	99	96		12.61111
226	9	Re5	D5	327	327	1	16	278	95	96		12.66667
227	55			0	0	0	0	0	0	0		12.66667
228	54			0	0	0	0	0	0	0	hicaz@do5	12.66667
229	9	Sol5	G5	349	349	1	24	185	99	96	me 	12.7037
230	9	Sol5	G5	349	349	1	24	185	99	96		12.74074
231	9	Fa5	F5	340	340	1	24	185	99	96		12.77778
232	9	Mi5	E5	336	336	1	16	278	99	96		12.83333
233	9	Re5b3	D5b4	324	323	1	16	278	99	96		12.88889
234	9	Do5	C5	318	318	1	16	278	99	96		12.94444
235	9	Re5b3	D5b4	324	323	1	16	278	99	96		13
236	9	Re5b3	D5b4	324	323	1	16	278	99	96		13.05556
237	8	Mi5	E5	336	336	0	0	0	99	96		13.05556
238	9	Re5b3	D5b4	324	323	1	32	139	99	96		13.08333
239	9	Do5	C5	318	318	1	32	139	99	96		13.11111
240	9	Do5	C5	318	318	1	16	278	99	96		13.16667
241	9	Si4b2	B4b1	312	313	1	16	278	95	96		13.22222
242	55			0	0	0	0	0	0	0		13.22222
243	9			-1	-1	1	16	278	100	0		13.27778
244	9	Do5	C5	318	318	1	16	278	99	96	bir 	13.33333
245	8	Re5b3	D5b4	324	323	0	0	0	99	96		13.33333
246	9	Do5	C5	318	318	1	16	278	95	96		13.38889
247	9	Re5b3	D5b4	324	323	1	16	278	95	96	da	13.44444
248	9	Re5b3	D5b4	324	323	1	16	278	99	96	ha 	13.5
249	9	Mi5	E5	336	336	1	16	278	99	96		13.55556
250	9	Re5b3	D5b4	324	323	1	16	278	99	96		13.61111
251	9	Do5	C5	318	318	1	16	278	95	96		13.66667
252	9	Do5	C5	318	318	3	32	417	99	96	gül 	13.75
253	9	Si4b2	B4b1	312	313	1	32	139	99	96		13.77778
254	9	La4	A4	305	305	1	16	278	99	96		13.83333
255	9	Do5	C5	318	318	1	16	278	99	96		13.88889
256	9	Si4b2	B4b1	312	313	1	16	278	99	96		13.94444
257	9	La4	A4	305	305	1	16	278	99	96		14
258	9	Si4b2	B4b1	312	313	1	4	1111	95	96		14.22222
259	9			-1	-1	1	16	278	100	0		14.27778
260	53			0	0	0	0	0	0	0		14.27778
261	9	Si4b2	B4b1	312	313	1	8	556	95	96	tak	14.38889
262	9	Si4b2	B4b1	312	313	1	16	278	95	96	ma 	14.44444
263	9	Si4b2	B4b1	312	313	1	16	278	99	96	Al	14.5
264	24	Si4b2	B4b1	312	313	1	8	556	99	96		14.61111
265	9	Re5b3	D5b4	324	323	1	16	278	95	96		14.66667
266	24	Do5	C5	318	318	1	8	556	99	96	lah 	14.77778
267	9	Re5b3	D5b4	324	323	1	32	139	99	96		14.80556
268	9	Do5	C5	318	318	1	32	139	99	96		14.83333
269	9	Si4b2	B4b1	312	313	1	16	278	99	96		14.88889
270	54			0	0	0	0	0	0	0	hicaz@do5	14.88889
271	9	La4	A4	305	305	1	8	556	99	96		15
272	9	Fa5	F5	340	340	1	32	139	99	96		15.02778
273	9	Mi5	E5	336	336	1	32	139	99	96		15.05556
274	9	Fa5	F5	340	340	1	32	139	99	96		15.08333
275	9	Sol5	G5	349	349	1	32	139	99	96		15.11111
276	9	Fa5	F5	340	340	1	32	139	99	96		15.13889
277	9	Mi5	E5	336	336	1	32	139	99	96		15.16667
278	9	Re5b3	D5b4	324	323	1	16	278	99	96		15.22222
279	9	Do5	C5	318	318	1	16	278	95	96		15.27778
280	9	Re5b3	D5b4	324	323	1	8	556	95	96	aþ	15.38889
281	9	Re5b3	D5b4	324	323	1	16	278	95	96	ký	15.44444
282	9	Re5b3	D5b4	324	323	1	16	278	99	96	na  	15.5
283	8	Mi5	E5	336	336	0	0	0	99	96		15.5
284	9	Re5b3	D5b4	324	323	1	32	139	99	96		15.52778
285	9	Do5	C5	318	318	1	32	139	99	96		15.55556
286	9	Do5	C5	318	318	1	16	278	99	96		15.61111
287	9	Si4b2	B4b1	312	313	1	16	278	99	96		15.66667
288	55			0	0	0	0	0	0	0		15.66667
289	54			0	0	0	0	0	0	0	rast@sol4	15.66667
290	9	Re5b3	D5b4	324	323	1	16	278	99	96		15.72222
291	9	Do5	C5	318	318	1	16	278	99	96		15.77778
292	9	Si4b2	B4b1	312	313	1	16	278	99	96		15.83333
293	9	La4	A4	305	305	1	16	278	99	96		15.88889
294	9	Sol4	G4	296	296	1	8	556	95	96		16
295	55			0	0	0	0	0	0	0		16
296	53			0	0	0	0	0	0	0		16
297	9	La4	A4	305	305	1	16	278	99	96	Al	16.05556
298	8	Si4b2	B4b1	312	313	0	0	0	99	96		16.05556
299	24	La4	A4	305	305	1	8	556	99	96		16.16667
300	9	Si4b2	B4b1	312	313	1	16	278	95	96		16.22222
301	9	Do5	C5	318	318	1	16	278	99	96	lah 	16.27778
302	9	Re5b3	D5b4	324	323	1	16	278	99	96		16.33333
303	9	Mi5	E5	336	336	1	16	278	99	96		16.38889
304	9	Do5	C5	318	318	1	16	278	95	96		16.44444
305	9	Do5	C5	318	318	1	16	278	99	96	aþ	16.5
306	9	Re5b3	D5b4	324	323	1	32	139	99	96		16.52778
307	9	Do5	C5	318	318	1	32	139	99	96		16.55556
308	9	Si4b2	B4b1	312	313	1	32	139	99	96		16.58333
309	9	La4	A4	305	305	1	32	139	99	96		16.61111
310	9	Sol4	G4	296	296	1	32	139	99	96		16.63889
311	9	La4	A4	305	305	1	32	139	99	96		16.66667
312	9	Re5b3	D5b4	324	323	1	8	556	99	96		16.77778
313	8	Re5b3	D5b4	324	323	0	0	0	99	96		16.77778
314	9	Do5	C5	318	318	1	16	278	99	96		16.83333
315	9	Si4b2	B4b1	312	313	1	16	278	95	96		16.88889
316	9	Si4b2	B4b1	312	313	1	16	278	99	96	ký	16.94444
317	9	La4	A4	305	305	1	16	278	95	96		17
318	54			0	0	0	0	0	0	0	ussak@mi5	17
319	53			0	0	0	0	0	0	0		17
320	9	La4	A4	305	305	3	8	1667	95	96	na  	17.33333
321	9	Re5	D5	327	327	1	16	278	95	96	SAZ	17.38889
322	9	Mi5	E5	336	336	1	16	278	95	96	.	17.44444
323	9	Mi5	E5	336	336	1	16	278	95	96	.	17.5
324	9	Re5	D5	327	327	1	16	278	95	96	.	17.55556
325	9	Do5	C5	318	318	1	16	278	95	96	.	17.61111
326	9	Re5	D5	327	327	1	16	278	95	96	.	17.66667
327	9	Mi5	E5	336	336	3	16	833	95	96	.	17.83333
328	9	Re5	D5	327	327	1	16	278	95	96	.	17.88889
329	9	Sol5	G5	349	349	1	16	278	95	96	.	17.94444
330	9	Fa5#2	F5#1	342	341	1	32	139	95	96	.	17.97222
331	9	Mi5	E5	336	336	1	32	139	95	96	.	18
332	9	Mi5	E5	336	336	1	4	1111	95	96	.	18.22222
333	9			-1	-1	1	16	278	100	0		18.27778
334	9	Re5	D5	327	327	1	8	556	95	96	Kim	18.38889
335	9	Mi5	E5	336	336	1	16	278	95	96	se	18.44444
336	9	Mi5	E5	336	336	3	16	833	99	96	yi 	18.61111
337	9	Re5	D5	327	327	1	16	278	95	96		18.66667
338	9	Mi5	E5	336	336	3	32	417	99	96	gön	18.75
339	9	Re5	D5	327	327	1	32	139	99	96		18.77778
340	9	Do5	C5	318	318	1	16	278	99	96		18.83333
341	9	Re5	D5	327	327	1	16	278	99	96		18.88889
342	9	Mi5	E5	336	336	1	16	278	99	96		18.94444
343	9	Fa5#3	F5#4	343	344	1	16	278	99	96		19
344	9	Sol5	G5	349	349	1	16	278	99	96		19.05556
345	9	La5	A5	358	358	1	16	278	99	96		19.11111
346	9	Sol5	G5	349	349	1	32	139	99	96		19.13889
347	9	Fa5#3	F5#4	343	344	1	32	139	99	96		19.16667
348	9	Mi5	E5	336	336	1	32	139	99	96		19.19444
349	9	Re5	D5	327	327	1	32	139	99	96		19.22222
350	9	Mi5	E5	336	336	1	16	278	95	96		19.27778
351	9	Si5b1	B5b1	366	366	1	32	139	99	96	lün 	19.30556
352	9	Si5b1	B5b1	366	366	1	32	139	99	96		19.33333
353	9	La5	A5	358	358	1	16	278	95	96		19.38889
354	9	La5	A5	358	358	1	32	139	99	96	mi	19.41667
355	9	Sol5	G5	349	349	1	32	139	95	96		19.44444
356	9	Sol5	G5	349	349	1	16	278	99	96	sa	19.5
357	8	La5	A5	358	358	0	0	0	99	96		19.5
358	9	Sol5	G5	349	349	1	32	139	99	96		19.52778
359	7	Fa5#2	F5#1	342	341	4	32	556	99	96		19.63889
360	9	Mi5	E5	336	336	1	32	139	95	96		19.66667
361	9	Mi5	E5	336	336	3	16	833	99	96	li 	19.83333
362	9	Re5	D5	327	327	1	16	278	99	96		19.88889
363	9	Mi5	E5	336	336	1	32	139	99	96		19.91667
364	9	Re5	D5	327	327	1	32	139	99	96		19.94444
365	9	Do5	C5	318	318	1	32	139	99	96		19.97222
366	9	Re5	D5	327	327	1	32	139	99	96		20
367	9	Mi5	E5	336	336	1	4	1111	95	96		20.22222
368	55			0	0	0	0	0	0	0		20.22222
369	54			0	0	0	0	0	0	0	buselik@re5	20.22222
370	53			0	0	0	0	0	0	0		20.22222
371	9			-1	-1	1	16	278	100	0		20.27778
372	9	Fa5	F5	340	340	1	8	556	95	96	yak	20.38889
373	9	Fa5	F5	340	340	1	16	278	95	96	ma 	20.44444
374	9	Fa5	F5	340	340	1	16	278	99	96	Al	20.5
375	9	Sol5	G5	349	349	1	16	278	99	96		20.55556
376	9	Fa5	F5	340	340	1	16	278	99	96		20.61111
377	9	Mi5	E5	336	336	1	16	278	95	96		20.66667
378	9	Fa5	F5	340	340	1	16	278	99	96	lah 	20.72222
379	9	Sol5	G5	349	349	1	16	278	99	96		20.77778
380	55			0	0	0	0	0	0	0		20.77778
381	54			0	0	0	0	0	0	0	kurdi@la5	20.77778
382	9	La5	A5	358	358	1	16	278	99	96		20.83333
383	9	Si5b5	B5b5	362	362	1	16	278	99	96		20.88889
384	55			0	0	0	0	0	0	0		20.88889
385	54			0	0	0	0	0	0	0	buselik@re5	20.88889
386	9	La5	A5	358	358	1	16	278	99	96		20.94444
387	9	Sol5	G5	349	349	1	16	278	99	96		21
388	9	Fa5	F5	340	340	1	16	278	99	96		21.05556
389	8	Sol5	G5	349	349	0	0	0	99	96		21.05556
390	9	Fa5	F5	340	340	1	32	139	99	96		21.08333
391	9	Mi5	E5	336	336	1	32	139	99	96		21.11111
392	24	Re5	D5	327	327	1	8	556	99	96		21.22222
393	55			0	0	0	0	0	0	0		21.22222
394	54			0	0	0	0	0	0	0	hicaz@do5	21.22222
395	9			-1	-1	1	16	278	100	0		21.27778
396	9	Fa5	F5	340	340	1	8	556	95	96	aþ	21.38889
397	9	Fa5	F5	340	340	1	16	278	95	96	ký	21.44444
398	9	Fa5	F5	340	340	1	32	139	99	96	na  	21.47222
399	9	Mi5	E5	336	336	1	32	139	99	96		21.5
400	9	Fa5	F5	340	340	1	32	139	99	96		21.52778
401	9	Sol5	G5	349	349	1	32	139	99	96		21.55556
402	9	Fa5	F5	340	340	1	16	278	99	96		21.61111
403	9	Mi5	E5	336	336	1	16	278	99	96		21.66667
404	9	Mi5	E5	336	336	1	16	278	99	96		21.72222
405	9	Fa5	F5	340	340	1	16	278	99	96		21.77778
406	9	Fa5	F5	340	340	1	32	139	99	96		21.80556
407	9	Mi5	E5	336	336	1	32	139	99	96		21.83333
408	9	Re5b3	D5b4	324	323	1	16	278	95	96		21.88889
409	24	Do5	C5	318	318	1	8	556	101	96		22
410	53			0	0	0	0	0	0	0		22
411	9	Re5b3	D5b4	324	323	1	32	139	99	96	Al	22.02778
412	9	Do5	C5	318	318	1	32	139	99	96		22.05556
413	9	Si4b2	B4b1	312	313	1	16	278	99	96		22.11111
414	9	Do5	C5	318	318	1	16	278	99	96		22.16667
415	9	Re5b3	D5b4	324	323	1	16	278	95	96		22.22222
416	9	Mi5	E5	336	336	1	16	278	99	96	lah 	22.27778
417	9	Fa5	F5	340	340	1	16	278	99	96		22.33333
418	9	Sol5	G5	349	349	1	16	278	99	96		22.38889
419	9	Mi5	E5	336	336	1	16	278	95	96		22.44444
420	43	Mi5	E5	336	336	1	8	556	99	96	aþ	22.55556
421	9	Re5b3	D5b4	324	323	1	16	278	99	96		22.61111
422	9	Do5	C5	318	318	1	16	278	99	96		22.66667
423	9	Do5	C5	318	318	1	16	278	99	96		22.72222
424	9	Re5b3	D5b4	324	323	1	16	278	99	96		22.77778
425	9	Do5	C5	318	318	1	16	278	99	96		22.83333
426	9	Si4b2	B4b1	312	313	1	16	278	101	96		22.88889
427	9	Mi5	E5	336	336	1	32	139	99	96	ký	22.91667
428	9	Re5b3	D5b4	324	323	1	32	139	99	96		22.94444
429	9	Do5	C5	318	318	1	16	278	95	96		23
430	9	Do5	C5	318	318	3	8	1667	95	96	na  	23.33333
431	55			0	0	0	0	0	0	0		23.33333
432	9	Sol4	G4	296	296	1	8	556	95	96	SAZ	23.44444
433	9	La4	A4	305	305	1	16	278	95	96	.	23.5
434	8	Si4b2	B4b1	312	313	0	0	0	95	96	.	23.5
435	24	La4	A4	305	305	1	8	556	95	96	.	23.61111
436	9	Si4b2	B4b1	312	313	1	16	278	95	96	.	23.66667
437	9	Do5	C5	318	318	3	16	833	95	96	.	23.83333
438	9	Re5b3	D5b4	324	323	1	16	278	95	96	.	23.88889
439	9	Do5	C5	318	318	1	16	278	95	96	.	23.94444
440	9	Si4b2	B4b1	312	313	1	16	278	95	96	.	24
441	53			0	0	0	0	0	0	0		24
442	9	Do5	C5	318	318	1	4	1111	95	96	.	24.22222
443	54			0	0	0	0	0	0	0	buselik@re5	24.22222
444	53			0	0	0	0	0	0	0		24.22222
445	9			-1	-1	1	8	556	100	0		24.33333
446	9	Do5	C5	318	318	1	16	278	95	96	Sa	24.38889
447	9	Re5	D5	327	327	1	16	278	95	96	rý 	24.44444
448	9	Mi5	E5	336	336	3	16	833	99	96	giy	24.61111
449	8	Mi5	E5	336	336	0	0	0	99	96		24.61111
450	9	Re5	D5	327	327	1	16	278	95	96		24.66667
451	55			0	0	0	0	0	0	0		24.66667
452	54			0	0	0	0	0	0	0	hicaz@do5	24.66667
453	9	Sol5	G5	349	349	1	24	185	99	96	me 	24.7037
454	9	Sol5	G5	349	349	1	24	185	99	96		24.74074
455	9	Fa5	F5	340	340	1	24	185	99	96		24.77778
456	9	Mi5	E5	336	336	1	16	278	99	96		24.83333
457	9	Re5b3	D5b4	324	323	1	16	278	99	96		24.88889
458	9	Do5	C5	318	318	1	16	278	99	96		24.94444
459	9	Re5b3	D5b4	324	323	1	16	278	99	96		25
460	9	Re5b3	D5b4	324	323	1	16	278	99	96		25.05556
461	8	Mi5	E5	336	336	0	0	0	99	96		25.05556
462	9	Re5b3	D5b4	324	323	1	32	139	99	96		25.08333
463	9	Do5	C5	318	318	1	32	139	99	96		25.11111
464	9	Do5	C5	318	318	1	16	278	99	96		25.16667
465	9	Si4b2	B4b1	312	313	1	16	278	95	96		25.22222
466	55			0	0	0	0	0	0	0		25.22222
467	9			-1	-1	1	16	278	100	0		25.27778
468	9	Do5	C5	318	318	1	16	278	99	96	bir 	25.33333
469	8	Re5b3	D5b4	324	323	0	0	0	99	96		25.33333
470	9	Do5	C5	318	318	1	16	278	95	96		25.38889
471	9	Re5b3	D5b4	324	323	1	16	278	95	96	da	25.44444
472	9	Re5b3	D5b4	324	323	1	16	278	99	96	ha 	25.5
473	9	Mi5	E5	336	336	1	16	278	99	96		25.55556
474	9	Re5b3	D5b4	324	323	1	16	278	99	96		25.61111
475	9	Do5	C5	318	318	1	16	278	95	96		25.66667
476	9	Do5	C5	318	318	3	32	417	99	96	gül 	25.75
477	9	Si4b2	B4b1	312	313	1	32	139	99	96		25.77778
478	9	La4	A4	305	305	1	16	278	99	96		25.83333
479	9	Do5	C5	318	318	1	16	278	99	96		25.88889
480	9	Si4b2	B4b1	312	313	1	16	278	99	96		25.94444
481	9	La4	A4	305	305	1	16	278	99	96		26
482	9	Si4b2	B4b1	312	313	1	4	1111	95	96		26.22222
483	9			-1	-1	1	16	278	100	0		26.27778
484	53			0	0	0	0	0	0	0		26.27778
485	9	Si4b2	B4b1	312	313	1	8	556	95	96	tak	26.38889
486	9	Si4b2	B4b1	312	313	1	16	278	95	96	ma 	26.44444
487	9	Si4b2	B4b1	312	313	1	16	278	99	96	Al	26.5
488	24	Si4b2	B4b1	312	313	1	8	556	99	96		26.61111
489	9	Re5b3	D5b4	324	323	1	16	278	95	96		26.66667
490	24	Do5	C5	318	318	1	8	556	99	96	lah 	26.77778
491	9	Re5b3	D5b4	324	323	1	32	139	99	96		26.80556
492	9	Do5	C5	318	318	1	32	139	99	96		26.83333
493	9	Si4b2	B4b1	312	313	1	16	278	99	96		26.88889
494	54			0	0	0	0	0	0	0	hicaz@do5	26.88889
495	9	La4	A4	305	305	1	8	556	99	96		27
496	9	Fa5	F5	340	340	1	32	139	99	96		27.02778
497	9	Mi5	E5	336	336	1	32	139	99	96		27.05556
498	9	Fa5	F5	340	340	1	32	139	99	96		27.08333
499	9	Sol5	G5	349	349	1	32	139	99	96		27.11111
500	9	Fa5	F5	340	340	1	32	139	99	96		27.13889
501	9	Mi5	E5	336	336	1	32	139	99	96		27.16667
502	9	Re5b3	D5b4	324	323	1	16	278	99	96		27.22222
503	9	Do5	C5	318	318	1	16	278	95	96		27.27778
504	9	Re5b3	D5b4	324	323	1	8	556	95	96	aþ	27.38889
505	9	Re5b3	D5b4	324	323	1	16	278	95	96	ký	27.44444
506	9	Re5b3	D5b4	324	323	1	16	278	99	96	na  	27.5
507	8	Mi5	E5	336	336	0	0	0	99	96		27.5
508	9	Re5b3	D5b4	324	323	1	32	139	99	96		27.52778
509	9	Do5	C5	318	318	1	32	139	99	96		27.55556
510	9	Do5	C5	318	318	1	16	278	99	96		27.61111
511	9	Si4b2	B4b1	312	313	1	16	278	99	96		27.66667
512	55			0	0	0	0	0	0	0		27.66667
513	54			0	0	0	0	0	0	0	rast@sol4	27.66667
514	9	Re5b3	D5b4	324	323	1	16	278	99	96		27.72222
515	9	Do5	C5	318	318	1	16	278	99	96		27.77778
516	9	Si4b2	B4b1	312	313	1	16	278	99	96		27.83333
517	9	La4	A4	305	305	1	16	278	99	96		27.88889
518	9	Sol4	G4	296	296	1	8	556	95	96		28
519	55			0	0	0	0	0	0	0		28
520	53			0	0	0	0	0	0	0		28
521	9	La4	A4	305	305	1	16	278	99	96	Al	28.05556
522	8	Si4b2	B4b1	312	313	0	0	0	99	96		28.05556
523	24	La4	A4	305	305	1	8	556	99	96		28.16667
524	9	Si4b2	B4b1	312	313	1	16	278	95	96		28.22222
525	9	Do5	C5	318	318	1	16	278	99	96	lah 	28.27778
526	9	Re5b3	D5b4	324	323	1	16	278	99	96		28.33333
527	9	Mi5	E5	336	336	1	16	278	99	96		28.38889
528	9	Do5	C5	318	318	1	16	278	95	96		28.44444
529	9	Do5	C5	318	318	1	16	278	99	96	aþ	28.5
530	9	Re5b3	D5b4	324	323	1	32	139	99	96		28.52778
531	9	Do5	C5	318	318	1	32	139	99	96		28.55556
532	9	Si4b2	B4b1	312	313	1	32	139	99	96		28.58333
533	9	La4	A4	305	305	1	32	139	99	96		28.61111
534	9	Sol4	G4	296	296	1	32	139	99	96		28.63889
535	9	La4	A4	305	305	1	32	139	99	96		28.66667
536	9	Re5b3	D5b4	324	323	1	8	556	99	96		28.77778
537	8	Re5b3	D5b4	324	323	0	0	0	99	96		28.77778
538	9	Do5	C5	318	318	1	16	278	99	96		28.83333
539	9	Si4b2	B4b1	312	313	1	16	278	95	96		28.88889
540	9	Si4b2	B4b1	312	313	1	16	278	99	96	ký	28.94444
541	9	La4	A4	305	305	1	16	278	95	96		29
542	9	La4	A4	305	305	3	8	1667	95	96	na  	29.33333
543	9	La4	A4	305	305	1	16	278	95	96	SAZ	29.38889
544	9	Si4b2	B4b1	312	313	1	16	278	95	96	.	29.44444
545	9	Do5	C5	318	318	1	16	278	95	96	.	29.5
546	9	Re5b3	D5b4	324	323	1	16	278	95	96	.	29.55556
547	9	Do5	C5	318	318	1	16	278	95	96	.	29.61111
548	9	Si4b2	B4b1	312	313	1	16	278	95	96	.	29.66667
549	9	Do5	C5	318	318	3	16	833	95	96	.	29.83333
550	9	Si4b2	B4b1	312	313	1	16	278	95	96	.	29.88889
551	9	La4	A4	305	305	1	16	278	95	96	.	29.94444
552	9	Si4b2	B4b1	312	313	1	16	278	95	96	.	30
553	53			0	0	0	0	0	0	0		30
554	9	Do5	C5	318	318	1	4	1111	95	96	.	30.22222
555	54			0	0	0	0	0	0	0	buselik@re5	30.22222
556	53			0	0	0	0	0	0	0		30.22222
557	9			-1	-1	1	8	556	100	0		30.33333
558	9	Do5	C5	318	318	1	16	278	95	96	Sa	30.38889
559	9	Re5	D5	327	327	1	16	278	95	96	rý 	30.44444
560	9	Mi5	E5	336	336	3	16	833	99	96	giy	30.61111
561	8	Mi5	E5	336	336	0	0	0	99	96		30.61111
562	9	Re5	D5	327	327	1	16	278	95	96		30.66667
563	55			0	0	0	0	0	0	0		30.66667
564	54			0	0	0	0	0	0	0	hicaz@do5	30.66667
565	9	Sol5	G5	349	349	1	24	185	99	96	me 	30.7037
566	9	Sol5	G5	349	349	1	24	185	99	96		30.74074
567	9	Fa5	F5	340	340	1	24	185	99	96		30.77778
568	9	Mi5	E5	336	336	1	16	278	99	96		30.83333
569	9	Re5b3	D5b4	324	323	1	16	278	99	96		30.88889
570	9	Do5	C5	318	318	1	16	278	99	96		30.94444
571	9	Re5b3	D5b4	324	323	1	16	278	99	96		31
572	9	Re5b3	D5b4	324	323	1	16	278	99	96		31.05556
573	8	Mi5	E5	336	336	0	0	0	99	96		31.05556
574	9	Re5b3	D5b4	324	323	1	32	139	99	96		31.08333
575	9	Do5	C5	318	318	1	32	139	99	96		31.11111
576	9	Do5	C5	318	318	1	16	278	99	96		31.16667
577	9	Si4b2	B4b1	312	313	1	16	278	95	96		31.22222
578	55			0	0	0	0	0	0	0		31.22222
579	9			-1	-1	1	16	278	100	0		31.27778
580	9	Do5	C5	318	318	1	16	278	99	96	bir 	31.33333
581	8	Re5b3	D5b4	324	323	0	0	0	99	96		31.33333
582	9	Do5	C5	318	318	1	16	278	95	96		31.38889
583	9	Re5b3	D5b4	324	323	1	16	278	95	96	da	31.44444
584	9	Re5b3	D5b4	324	323	1	16	278	99	96	ha 	31.5
585	9	Mi5	E5	336	336	1	16	278	99	96		31.55556
586	9	Re5b3	D5b4	324	323	1	16	278	99	96		31.61111
587	9	Do5	C5	318	318	1	16	278	95	96		31.66667
588	9	Do5	C5	318	318	3	32	417	99	96	gül 	31.75
589	9	Si4b2	B4b1	312	313	1	32	139	99	96		31.77778
590	9	La4	A4	305	305	1	16	278	99	96		31.83333
591	9	Do5	C5	318	318	1	16	278	99	96		31.88889
592	9	Si4b2	B4b1	312	313	1	16	278	99	96		31.94444
593	9	La4	A4	305	305	1	16	278	99	96		32
594	9	Si4b2	B4b1	312	313	1	4	1111	95	96		32.22222
595	9			-1	-1	1	16	278	100	0		32.27778
596	53			0	0	0	0	0	0	0		32.27778
597	9	Si4b2	B4b1	312	313	1	8	556	95	96	tak	32.38889
598	9	Si4b2	B4b1	312	313	1	16	278	95	96	ma 	32.44444
599	9	Si4b2	B4b1	312	313	1	16	278	99	96	Al	32.5
600	24	Si4b2	B4b1	312	313	1	8	556	99	96		32.61111
601	9	Re5b3	D5b4	324	323	1	16	278	95	96		32.66667
602	24	Do5	C5	318	318	1	8	556	99	96	lah 	32.77778
603	9	Re5b3	D5b4	324	323	1	32	139	99	96		32.80556
604	9	Do5	C5	318	318	1	32	139	99	96		32.83333
605	9	Si4b2	B4b1	312	313	1	16	278	99	96		32.88889
606	54			0	0	0	0	0	0	0	hicaz@do5	32.88889
607	9	La4	A4	305	305	1	8	556	99	96		33
608	9	Fa5	F5	340	340	1	32	139	99	96		33.02778
609	9	Mi5	E5	336	336	1	32	139	99	96		33.05556
610	9	Fa5	F5	340	340	1	32	139	99	96		33.08333
611	9	Sol5	G5	349	349	1	32	139	99	96		33.11111
612	9	Fa5	F5	340	340	1	32	139	99	96		33.13889
613	9	Mi5	E5	336	336	1	32	139	99	96		33.16667
614	9	Re5b3	D5b4	324	323	1	16	278	99	96		33.22222
615	9	Do5	C5	318	318	1	16	278	95	96		33.27778
616	9	Re5b3	D5b4	324	323	1	8	556	95	96	aþ	33.38889
617	9	Re5b3	D5b4	324	323	1	16	278	95	96	ký	33.44444
618	9	Re5b3	D5b4	324	323	1	16	278	99	96	na  	33.5
619	8	Mi5	E5	336	336	0	0	0	99	96		33.5
620	9	Re5b3	D5b4	324	323	1	32	139	99	96		33.52778
621	9	Do5	C5	318	318	1	32	139	99	96		33.55556
622	9	Do5	C5	318	318	1	16	278	99	96		33.61111
623	9	Si4b2	B4b1	312	313	1	16	278	99	96		33.66667
624	55			0	0	0	0	0	0	0		33.66667
625	54			0	0	0	0	0	0	0	rast@sol4	33.66667
626	9	Re5b3	D5b4	324	323	1	16	278	99	96		33.72222
627	9	Do5	C5	318	318	1	16	278	99	96		33.77778
628	9	Si4b2	B4b1	312	313	1	16	278	99	96		33.83333
629	9	La4	A4	305	305	1	16	278	99	96		33.88889
630	9	Sol4	G4	296	296	1	8	556	95	96		34
631	55			0	0	0	0	0	0	0		34
632	53			0	0	0	0	0	0	0		34
633	9	La4	A4	305	305	1	16	278	99	96	Al	34.05556
634	8	Si4b2	B4b1	312	313	0	0	0	99	96		34.05556
635	24	La4	A4	305	305	1	8	556	99	96		34.16667
636	9	Si4b2	B4b1	312	313	1	16	278	95	96		34.22222
637	9	Do5	C5	318	318	1	16	278	99	96	lah 	34.27778
638	9	Re5b3	D5b4	324	323	1	16	278	99	96		34.33333
639	9	Mi5	E5	336	336	1	16	278	99	96		34.38889
640	9	Do5	C5	318	318	1	16	278	95	96		34.44444
641	9	Do5	C5	318	318	1	16	278	99	96	aþ	34.5
642	9	Re5b3	D5b4	324	323	1	32	139	99	96		34.52778
643	9	Do5	C5	318	318	1	32	139	99	96		34.55556
644	9	Si4b2	B4b1	312	313	1	32	139	99	96		34.58333
645	9	La4	A4	305	305	1	32	139	99	96		34.61111
646	9	Sol4	G4	296	296	1	32	139	99	96		34.63889
647	9	La4	A4	305	305	1	32	139	99	96		34.66667
648	9	Re5b3	D5b4	324	323	1	8	556	99	96		34.77778
649	8	Re5b3	D5b4	324	323	0	0	0	99	96		34.77778
650	9	Do5	C5	318	318	1	16	278	99	96		34.83333
651	9	Si4b2	B4b1	312	313	1	16	278	95	96		34.88889
652	9	Si4b2	B4b1	312	313	1	16	278	99	96	ký	34.94444
653	9	La4	A4	305	305	1	16	278	95	96		35
654	54			0	0	0	0	0	0	0	ussak@mi5	35
655	53			0	0	0	0	0	0	0		35
656	9	La4	A4	305	305	3	8	1667	95	96	na  	35.33333
