Sıra	Kod	Nota53	NotaAE	Koma53	KomaAE	Pay	Payda	Ms	LNS	Bas	Soz1	Offset
1	9			-1	-1	1	4	769	100	0		0.25
2	9	Mi5	E5	336	336	1	8	385	95	96	ARANAĞME	0.375
3	9	Fa5	F5	340	340	1	8	385	95	96	.	0.5
4	9	Sol5	G5	349	349	1	8	385	95	96	.	0.625
5	9	Fa5	F5	340	340	1	16	192	95	96	.	0.6875
6	9	Mi5	E5	336	336	1	16	192	95	96	.	0.75
7	9	Fa5	F5	340	340	1	16	192	95	96	.	0.8125
8	9	Mi5	E5	336	336	1	16	192	95	96	.	0.875
9	9	Re5b3	D5b4	324	323	1	16	192	95	96	.	0.9375
10	9	Do5	C5	318	318	1	16	192	95	96	.	1
11	9	Do5	C5	318	318	1	8	385	95	96	.	1.125
12	9	Re5b3	D5b4	324	323	1	16	192	95	96	.	1.1875
13	9	Mi5	E5	336	336	1	16	192	95	96	.	1.25
14	9	Re5b3	D5b4	324	323	1	16	192	95	96	.	1.3125
15	9	Do5	C5	318	318	1	16	192	95	96	.	1.375
16	9	Re5b3	D5b4	324	323	1	16	192	95	96	.	1.4375
17	9	Si4b2	B4b1	312	313	1	16	192	95	96	.	1.5
18	12	Do5	C5	318	318	1	8	385	95	96	.	1.625
19	9	Si4b2	B4b1	312	313	1	16	192	95	96	.	1.6875
20	9	La4	A4	305	305	1	16	192	95	96	.	1.75
21	9	La4	A4	305	305	1	4	769	95	96	.	2
22	53			0	0	0	0	0	0	0		2
23	9	Mi5	E5	336	336	1	16	192	95	96	.	2.0625
24	9	Fa5	F5	340	340	1	16	192	95	96	.	2.125
25	9	Fa5	F5	340	340	1	16	192	95	96	.	2.1875
26	9	Mi5	E5	336	336	1	16	192	95	96	.	2.25
27	9	Mi5	E5	336	336	1	16	192	95	96	.	2.3125
28	9	Re5b3	D5b4	324	323	1	16	192	95	96	.	2.375
29	9	Re5b3	D5b4	324	323	1	16	192	95	96	.	2.4375
30	9	Do5	C5	318	318	1	16	192	95	96	.	2.5
31	9	Re5b3	D5b4	324	323	1	16	192	95	96	.	2.5625
32	9	Do5	C5	318	318	1	8	385	95	96	.	2.6875
33	9	Si4b2	B4b1	312	313	1	16	192	95	96	.	2.75
34	12	Do5	C5	318	318	1	8	385	95	96	.	2.875
35	9	Si4b2	B4b1	312	313	1	24	128	95	96	.	2.916667
36	9	La4	A4	305	305	1	24	128	95	96	.	2.958333
37	9	Si4b2	B4b1	312	313	1	24	128	95	96	.	3
38	9	La4	A4	305	305	3	8	1154	95	96	.	3.375
39	9	La4	A4	305	305	1	16	192	95	96	.	3.4375
40	9	Si4b2	B4b1	312	313	1	16	192	95	96	.	3.5
41	9	Do5	C5	318	318	1	16	192	95	96	.	3.5625
42	9	Re5b3	D5b4	324	323	1	16	192	95	96	.	3.625
43	9	Si4b2	B4b1	312	313	1	16	192	95	96	.	3.6875
44	9	Re5b3	D5b4	324	323	1	16	192	95	96	.	3.75
45	9	Do5	C5	318	318	1	4	769	95	96	.	4
46	53			0	0	0	0	0	0	0		4
47	9			-1	-1	1	4	769	100	0		4.25
48	9	Mi5	E5	336	336	1	8	385	95	96	ARANAĞME	4.375
49	9	Fa5	F5	340	340	1	8	385	95	96	.	4.5
50	9	Sol5	G5	349	349	1	8	385	95	96	.	4.625
51	9	Fa5	F5	340	340	1	16	192	95	96	.	4.6875
52	9	Mi5	E5	336	336	1	16	192	95	96	.	4.75
53	9	Fa5	F5	340	340	1	16	192	95	96	.	4.8125
54	9	Mi5	E5	336	336	1	16	192	95	96	.	4.875
55	9	Re5b3	D5b4	324	323	1	16	192	95	96	.	4.9375
56	9	Do5	C5	318	318	1	16	192	95	96	.	5
57	9	Do5	C5	318	318	1	8	385	95	96	.	5.125
58	9	Re5b3	D5b4	324	323	1	16	192	95	96	.	5.1875
59	9	Mi5	E5	336	336	1	16	192	95	96	.	5.25
60	9	Re5b3	D5b4	324	323	1	16	192	95	96	.	5.3125
61	9	Do5	C5	318	318	1	16	192	95	96	.	5.375
62	9	Re5b3	D5b4	324	323	1	16	192	95	96	.	5.4375
63	9	Si4b2	B4b1	312	313	1	16	192	95	96	.	5.5
64	12	Do5	C5	318	318	1	8	385	95	96	.	5.625
65	9	Si4b2	B4b1	312	313	1	16	192	95	96	.	5.6875
66	9	La4	A4	305	305	1	16	192	95	96	.	5.75
67	9	La4	A4	305	305	1	4	769	95	96	.	6
68	53			0	0	0	0	0	0	0		6
69	9	Mi5	E5	336	336	1	16	192	95	96	.	6.0625
70	9	Fa5	F5	340	340	1	16	192	95	96	.	6.125
71	9	Fa5	F5	340	340	1	16	192	95	96	.	6.1875
72	9	Mi5	E5	336	336	1	16	192	95	96	.	6.25
73	9	Mi5	E5	336	336	1	16	192	95	96	.	6.3125
74	9	Re5b3	D5b4	324	323	1	16	192	95	96	.	6.375
75	9	Re5b3	D5b4	324	323	1	16	192	95	96	.	6.4375
76	9	Do5	C5	318	318	1	16	192	95	96	.	6.5
77	9	Re5b3	D5b4	324	323	1	16	192	95	96	.	6.5625
78	9	Do5	C5	318	318	1	8	385	95	96	.	6.6875
79	9	Si4b2	B4b1	312	313	1	16	192	95	96	.	6.75
80	12	Do5	C5	318	318	1	8	385	95	96	.	6.875
81	9	Si4b2	B4b1	312	313	1	24	128	95	96	.	6.916667
82	9	La4	A4	305	305	1	24	128	95	96	.	6.958333
83	9	Si4b2	B4b1	312	313	1	24	128	95	96	.	7
84	9	La4	A4	305	305	3	8	1154	95	96	.	7.375
85	9	La4	A4	305	305	1	16	192	95	96	.	7.4375
86	9	Si4b2	B4b1	312	313	1	16	192	95	96	.	7.5
87	9	Do5	C5	318	318	1	16	192	95	96	.	7.5625
88	9	Si4b2	B4b1	312	313	1	16	192	95	96	.	7.625
89	9	La4	A4	305	305	1	16	192	95	96	.	7.6875
90	9	Si4b2	B4b1	312	313	1	16	192	95	96	.	7.75
91	9	La4	A4	305	305	1	4	769	95	96	.	8
92	9	La4	A4	305	305	1	8	385	95	96	Men	8.125
93	9	La4	A4	305	305	1	16	192	99	96	di	8.1875
94	9	Sol4	G4	296	296	1	16	192	95	96		8.25
95	9	La4	A4	305	305	1	8	385	95	96	li	8.375
96	9	Si4b2	B4b1	312	313	1	8	385	95	96	min 	8.5
97	9	Do5	C5	318	318	1	4	769	95	96	ye	8.75
98	9	Re5b3	D5b4	324	323	1	8	385	99	96	şi	8.875
99	9	Do5	C5	318	318	1	16	192	99	96		8.9375
100	9	Si4b2	B4b1	312	313	1	16	192	95	96		9
101	9	Do5	C5	318	318	1	4	769	95	96	li 	9.25
102	9	Re5b3	D5b4	324	323	1	8	385	95	96	a	9.375
103	9	Re5b3	D5b4	324	323	1	16	192	99	96	man 	9.4375
104	9	Do5	C5	318	318	1	16	192	95	96		9.5
105	12	Do5	C5	318	318	1	8	385	99	96	a	9.625
106	9	Si4b2	B4b1	312	313	1	16	192	99	96		9.6875
107	9	La4	A4	305	305	1	16	192	95	96		9.75
108	9	La4	A4	305	305	1	4	769	95	96	man  	10
109	53			0	0	0	0	0	0	0		10
110	9	La4	A4	305	305	1	8	385	95	96	Ben 	10.125
111	9	La4	A4	305	305	1	16	192	99	96	kay	10.1875
112	9	Sol4	G4	296	296	1	16	192	95	96		10.25
113	9	La4	A4	305	305	1	8	385	95	96	bet	10.375
114	9	Si4b2	B4b1	312	313	1	8	385	95	96	tim 	10.5
115	9	Do5	C5	318	318	1	4	769	95	96	e	10.75
116	9	Re5b3	D5b4	324	323	1	8	385	99	96	şi	10.875
117	9	Do5	C5	318	318	1	16	192	99	96		10.9375
118	9	Si4b2	B4b1	312	313	1	16	192	95	96		11
119	9	Do5	C5	318	318	1	4	769	95	96	mi  	11.25
120	9			-1	-1	1	8	385	100	0		11.375
121	9	Do5	C5	318	318	1	16	192	95	96	SAZ	11.4375
122	9	Re5b3	D5b4	324	323	1	16	192	95	96	.	11.5
123	9	Do5	C5	318	318	3	32	288	95	96	.	11.59375
124	9	Si4b2	B4b1	312	313	1	32	96	95	96	.	11.625
125	9	La4	A4	305	305	1	16	192	95	96	.	11.6875
126	9	Si4b2	B4b1	312	313	1	16	192	95	96	.	11.75
127	9	Do5	C5	318	318	1	4	769	95	96	.	12
128	53			0	0	0	0	0	0	0		12
129	9			-1	-1	1	4	769	100	0		12.25
130	9	Mi5	E5	336	336	1	8	385	95	96	Al 	12.375
131	9	Fa5	F5	340	340	1	8	385	95	96	bu 	12.5
132	9	Sol5	G5	349	349	1	8	385	99	96	men	12.625
133	9	Fa5	F5	340	340	1	16	192	99	96		12.6875
134	9	Mi5	E5	336	336	1	16	192	95	96		12.75
135	9	Fa5	F5	340	340	1	16	192	99	96	dil 	12.8125
136	9	Mi5	E5	336	336	1	16	192	99	96		12.875
137	9	Re5b3	D5b4	324	323	1	16	192	99	96		12.9375
138	9	Do5	C5	318	318	1	16	192	95	96		13
139	9	Do5	C5	318	318	1	8	385	95	96	sen	13.125
140	9	Re5b3	D5b4	324	323	1	16	192	99	96	de 	13.1875
141	9	Mi5	E5	336	336	1	16	192	95	96		13.25
142	9	Re5b3	D5b4	324	323	1	16	192	99	96	sen	13.3125
143	9	Do5	C5	318	318	1	16	192	95	96		13.375
144	9	Re5b3	D5b4	324	323	1	16	192	99	96	de 	13.4375
145	9	Si4b2	B4b1	312	313	1	16	192	95	96		13.5
146	12	Do5	C5	318	318	1	8	385	99	96	dur	13.625
147	9	Si4b2	B4b1	312	313	1	16	192	99	96		13.6875
148	9	La4	A4	305	305	1	16	192	95	96		13.75
149	9	La4	A4	305	305	1	4	769	95	96	sun  	14
150	53			0	0	0	0	0	0	0		14
151	9	Mi5	E5	336	336	1	16	192	99	96	Sil 	14.0625
152	9	Fa5	F5	340	340	1	16	192	95	96		14.125
153	8	Sol5	G5	349	349	0	0	0	95	96		14.125
154	9	Fa5	F5	340	340	1	16	192	99	96	gö	14.1875
155	9	Mi5	E5	336	336	1	16	192	95	96		14.25
156	9	Mi5	E5	336	336	1	16	192	99	96	zü	14.3125
157	9	Re5b3	D5b4	324	323	1	16	192	95	96		14.375
158	9	Re5b3	D5b4	324	323	1	16	192	99	96	nün 	14.4375
159	9	Do5	C5	318	318	1	16	192	95	96		14.5
160	9	Re5b3	D5b4	324	323	1	16	192	99	96	ya	14.5625
161	9	Do5	C5	318	318	1	8	385	99	96		14.6875
162	9	Si4b2	B4b1	312	313	1	16	192	95	96		14.75
163	12	Do5	C5	318	318	1	8	385	99	96	şı	14.875
164	9	Si4b2	B4b1	312	313	1	24	128	99	96		14.91667
165	9	La4	A4	305	305	1	24	128	99	96		14.95833
166	9	Si4b2	B4b1	312	313	1	24	128	95	96		15
167	9	La4	A4	305	305	3	8	1154	95	96	nı  	15.375
168	9	La4	A4	305	305	1	16	192	95	96	SAZ	15.4375
169	9	Si4b2	B4b1	312	313	1	16	192	95	96	.	15.5
170	9	Do5	C5	318	318	1	16	192	95	96	.	15.5625
171	9	Re5b3	D5b4	324	323	1	16	192	95	96	.	15.625
172	9	Si4b2	B4b1	312	313	1	16	192	95	96	.	15.6875
173	9	Re5b3	D5b4	324	323	1	16	192	95	96	.	15.75
174	9	Do5	C5	318	318	1	4	769	95	96	.	16
175	53			0	0	0	0	0	0	0		16
176	9			-1	-1	1	4	769	100	0		16.25
177	9	Mi5	E5	336	336	1	8	385	95	96	Al 	16.375
178	9	Fa5	F5	340	340	1	8	385	95	96	bu 	16.5
179	9	Sol5	G5	349	349	1	8	385	99	96	men	16.625
180	9	Fa5	F5	340	340	1	16	192	99	96		16.6875
181	9	Mi5	E5	336	336	1	16	192	95	96		16.75
182	9	Fa5	F5	340	340	1	16	192	99	96	dil 	16.8125
183	9	Mi5	E5	336	336	1	16	192	99	96		16.875
184	9	Re5b3	D5b4	324	323	1	16	192	99	96		16.9375
185	9	Do5	C5	318	318	1	16	192	95	96		17
186	9	Do5	C5	318	318	1	8	385	95	96	sen	17.125
187	9	Re5b3	D5b4	324	323	1	16	192	99	96	de 	17.1875
188	9	Mi5	E5	336	336	1	16	192	95	96		17.25
189	9	Re5b3	D5b4	324	323	1	16	192	99	96	sen	17.3125
190	9	Do5	C5	318	318	1	16	192	95	96		17.375
191	9	Re5b3	D5b4	324	323	1	16	192	99	96	de 	17.4375
192	9	Si4b2	B4b1	312	313	1	16	192	95	96		17.5
193	12	Do5	C5	318	318	1	8	385	99	96	dur	17.625
194	9	Si4b2	B4b1	312	313	1	16	192	99	96		17.6875
195	9	La4	A4	305	305	1	16	192	95	96		17.75
196	9	La4	A4	305	305	1	4	769	95	96	sun  	18
197	53			0	0	0	0	0	0	0		18
198	9	Mi5	E5	336	336	1	16	192	99	96	Sil 	18.0625
199	9	Fa5	F5	340	340	1	16	192	95	96		18.125
200	8	Sol5	G5	349	349	0	0	0	95	96		18.125
201	9	Fa5	F5	340	340	1	16	192	99	96	gö	18.1875
202	9	Mi5	E5	336	336	1	16	192	95	96		18.25
203	9	Mi5	E5	336	336	1	16	192	99	96	zü	18.3125
204	9	Re5b3	D5b4	324	323	1	16	192	95	96		18.375
205	9	Re5b3	D5b4	324	323	1	16	192	99	96	nün 	18.4375
206	9	Do5	C5	318	318	1	16	192	95	96		18.5
207	9	Re5b3	D5b4	324	323	1	16	192	99	96	ya	18.5625
208	9	Do5	C5	318	318	1	8	385	99	96		18.6875
209	9	Si4b2	B4b1	312	313	1	16	192	95	96		18.75
210	12	Do5	C5	318	318	1	8	385	99	96	şı	18.875
211	9	Si4b2	B4b1	312	313	1	24	128	99	96		18.91667
212	9	La4	A4	305	305	1	24	128	99	96		18.95833
213	9	Si4b2	B4b1	312	313	1	24	128	95	96		19
214	9	La4	A4	305	305	3	8	1154	95	96	nı  	19.375
215	9	La4	A4	305	305	1	16	192	95	96	SAZ	19.4375
216	9	Si4b2	B4b1	312	313	1	16	192	95	96	.	19.5
217	9	Do5	C5	318	318	1	16	192	95	96	.	19.5625
218	9	Si4b2	B4b1	312	313	1	16	192	95	96	.	19.625
219	9	La4	A4	305	305	1	16	192	95	96	.	19.6875
220	9	Si4b2	B4b1	312	313	1	16	192	95	96	.	19.75
221	9	La4	A4	305	305	1	4	769	95	96	.	20
222	9			-1	-1	1	4	769	100	0		20.25
223	9	La4	A4	305	305	1	8	385	95	96	A	20.375
224	9	Si4b2	B4b1	312	313	1	8	385	95	96	man 	20.5
225	9	Do5	C5	318	318	1	16	192	99	96	dok	20.5625
226	9	Re5b3	D5b4	324	323	1	16	192	99	96		20.625
227	9	Do5	C5	318	318	1	16	192	99	96		20.6875
228	9	Si4b2	B4b1	312	313	1	16	192	95	96		20.75
229	9	Do5	C5	318	318	1	4	769	95	96	tor 	21
230	9	Do5	C5	318	318	1	8	385	95	96	ca	21.125
231	9	Re5b3	D5b4	324	323	1	16	192	99	96	nım 	21.1875
232	9	Mi5	E5	336	336	1	16	192	95	96		21.25
233	9	Re5b3	D5b4	324	323	1	16	192	99	96	ku	21.3125
234	9	Do5	C5	318	318	1	16	192	95	96		21.375
235	9	Re5b3	D5b4	324	323	1	16	192	99	96	zum 	21.4375
236	9	Si4b2	B4b1	312	313	1	16	192	95	96		21.5
237	12	Do5	C5	318	318	1	8	385	99	96	dok	21.625
238	9	Si4b2	B4b1	312	313	1	24	128	99	96		21.66667
239	9	La4	A4	305	305	1	24	128	99	96		21.70833
240	9	Si4b2	B4b1	312	313	1	24	128	99	96		21.75
241	9	La4	A4	305	305	1	4	769	95	96	tor 	22
242	53			0	0	0	0	0	0	0		22
243	9	La4	A4	305	305	3	16	577	99	96	der	22.1875
244	9	Sol4	G4	296	296	1	16	192	95	96		22.25
245	9	La4	A4	305	305	1	8	385	95	96	di	22.375
246	9	Si4b2	B4b1	312	313	1	8	385	95	96	me 	22.5
247	9	Do5	C5	318	318	1	4	769	95	96	bir 	22.75
248	9	Re5b3	D5b4	324	323	1	8	385	99	96	ça	22.875
249	9	Do5	C5	318	318	1	16	192	99	96		22.9375
250	9	Si4b2	B4b1	312	313	1	16	192	95	96		23
251	9	Do5	C5	318	318	1	4	769	95	96	re  	23.25
252	9			-1	-1	1	8	385	100	0		23.375
253	9	Do5	C5	318	318	1	16	192	95	96	SAZ	23.4375
254	9	Re5b3	D5b4	324	323	1	16	192	95	96	.	23.5
255	9	Do5	C5	318	318	3	32	288	95	96	.	23.59375
256	9	Si4b2	B4b1	312	313	1	32	96	95	96	.	23.625
257	9	La4	A4	305	305	1	16	192	95	96	.	23.6875
258	9	Si4b2	B4b1	312	313	1	16	192	95	96	.	23.75
259	9	Do5	C5	318	318	1	4	769	95	96	.	24
260	9			-1	-1	1	4	769	100	0		24.25
261	9	Mi5	E5	336	336	1	8	385	95	96	Ça	24.375
262	9	Fa5	F5	340	340	1	8	385	95	96	re	24.5
263	9	Sol5	G5	349	349	1	8	385	99	96	siz 	24.625
264	9	Fa5	F5	340	340	1	16	192	99	96		24.6875
265	9	Mi5	E5	336	336	1	16	192	95	96		24.75
266	9	Fa5	F5	340	340	1	16	192	99	96	dert	24.8125
267	9	Mi5	E5	336	336	1	16	192	99	96		24.875
268	9	Re5b3	D5b4	324	323	1	16	192	99	96		24.9375
269	9	Do5	C5	318	318	1	16	192	95	96		25
270	9	Do5	C5	318	318	1	8	385	95	96	le	25.125
271	9	Re5b3	D5b4	324	323	1	16	192	99	96	re 	25.1875
272	9	Mi5	E5	336	336	1	16	192	99	96		25.25
273	9	Re5b3	D5b4	324	323	1	16	192	99	96		25.3125
274	9	Do5	C5	318	318	1	16	192	95	96		25.375
275	9	Re5b3	D5b4	324	323	1	16	192	99	96		25.4375
276	9	Si4b2	B4b1	312	313	1	16	192	95	96		25.5
277	12	Do5	C5	318	318	1	8	385	99	96	düş	25.625
278	9	Si4b2	B4b1	312	313	1	16	192	99	96		25.6875
279	9	La4	A4	305	305	1	16	192	95	96		25.75
280	9	La4	A4	305	305	1	4	769	95	96	tüm 	26
281	9	Mi5	E5	336	336	1	16	192	99	96	dok	26.0625
282	9	Fa5	F5	340	340	1	16	192	95	96		26.125
283	8	Sol5	G5	349	349	0	0	0	95	96		26.125
284	9	Fa5	F5	340	340	1	16	192	99	96	tor 	26.1875
285	9	Mi5	E5	336	336	1	16	192	95	96		26.25
286	9	Mi5	E5	336	336	1	16	192	99	96	ba	26.3125
287	9	Re5b3	D5b4	324	323	1	16	192	95	96		26.375
288	9	Re5b3	D5b4	324	323	1	16	192	99	96	na 	26.4375
289	9	Do5	C5	318	318	1	16	192	95	96		26.5
290	9	Re5b3	D5b4	324	323	1	16	192	99	96	bir 	26.5625
291	9	Do5	C5	318	318	1	8	385	99	96		26.6875
292	9	Si4b2	B4b1	312	313	1	16	192	95	96		26.75
293	12	Do5	C5	318	318	1	8	385	99	96	ça	26.875
294	9	Si4b2	B4b1	312	313	1	24	128	99	96		26.91667
295	9	La4	A4	305	305	1	24	128	99	96		26.95833
296	9	Si4b2	B4b1	312	313	1	24	128	95	96		27
297	9	La4	A4	305	305	3	8	1154	95	96	re  	27.375
298	9	La4	A4	305	305	1	16	192	95	96	SAZ	27.4375
299	9	Si4b2	B4b1	312	313	1	16	192	95	96	.	27.5
300	9	Do5	C5	318	318	1	16	192	95	96	.	27.5625
301	9	Si4b2	B4b1	312	313	1	16	192	95	96	.	27.625
302	9	La4	A4	305	305	1	16	192	95	96	.	27.6875
303	9	Si4b2	B4b1	312	313	1	16	192	95	96	.	27.75
304	9	La4	A4	305	305	1	4	769	95	96	.	28
305	53			0	0	0	0	0	0	0		28
306	9			-1	-1	1	4	769	100	0		28.25
307	9	Mi5	E5	336	336	1	8	385	95	96	Ça	28.375
308	9	Fa5	F5	340	340	1	8	385	95	96	re	28.5
309	9	Sol5	G5	349	349	1	8	385	99	96	siz 	28.625
310	9	Fa5	F5	340	340	1	16	192	99	96		28.6875
311	9	Mi5	E5	336	336	1	16	192	95	96		28.75
312	9	Fa5	F5	340	340	1	16	192	99	96	dert	28.8125
313	9	Mi5	E5	336	336	1	16	192	99	96		28.875
314	9	Re5b3	D5b4	324	323	1	16	192	99	96		28.9375
315	9	Do5	C5	318	318	1	16	192	95	96		29
316	9	Do5	C5	318	318	1	8	385	95	96	le	29.125
317	9	Re5b3	D5b4	324	323	1	16	192	99	96	re 	29.1875
318	9	Mi5	E5	336	336	1	16	192	99	96		29.25
319	9	Re5b3	D5b4	324	323	1	16	192	99	96		29.3125
320	9	Do5	C5	318	318	1	16	192	95	96		29.375
321	9	Re5b3	D5b4	324	323	1	16	192	99	96		29.4375
322	9	Si4b2	B4b1	312	313	1	16	192	95	96		29.5
323	12	Do5	C5	318	318	1	8	385	99	96	düş	29.625
324	9	Si4b2	B4b1	312	313	1	16	192	99	96		29.6875
325	9	La4	A4	305	305	1	16	192	95	96		29.75
326	9	La4	A4	305	305	1	4	769	95	96	tüm 	30
327	9	Mi5	E5	336	336	1	16	192	99	96	dok	30.0625
328	9	Fa5	F5	340	340	1	16	192	95	96		30.125
329	8	Sol5	G5	349	349	0	0	0	95	96		30.125
330	9	Fa5	F5	340	340	1	16	192	99	96	tor 	30.1875
331	9	Mi5	E5	336	336	1	16	192	95	96		30.25
332	9	Mi5	E5	336	336	1	16	192	99	96	ba	30.3125
333	9	Re5b3	D5b4	324	323	1	16	192	95	96		30.375
334	9	Re5b3	D5b4	324	323	1	16	192	99	96	na 	30.4375
335	9	Do5	C5	318	318	1	16	192	95	96		30.5
336	9	Re5b3	D5b4	324	323	1	16	192	99	96	bir 	30.5625
337	9	Do5	C5	318	318	1	8	385	99	96		30.6875
338	9	Si4b2	B4b1	312	313	1	16	192	95	96		30.75
339	12	Do5	C5	318	318	1	8	385	99	96	ça	30.875
340	9	Si4b2	B4b1	312	313	1	24	128	99	96		30.91667
341	9	La4	A4	305	305	1	24	128	99	96		30.95833
342	9	Si4b2	B4b1	312	313	1	24	128	95	96		31
343	9	La4	A4	305	305	3	8	1154	95	96	re  	31.375
344	9	La4	A4	305	305	1	16	192	95	96	SAZ	31.4375
345	9	Si4b2	B4b1	312	313	1	16	192	95	96	.	31.5
346	9	Do5	C5	318	318	1	16	192	95	96	.	31.5625
347	9	Si4b2	B4b1	312	313	1	16	192	95	96	.	31.625
348	9	La4	A4	305	305	1	16	192	95	96	.	31.6875
349	9	Si4b2	B4b1	312	313	1	16	192	95	96	.	31.75
350	9	La4	A4	305	305	1	4	769	95	96	.	32
351	53			0	0	0	0	0	0	0		32
352	9			-1	-1	1	4	769	100	0		32.25
353	9	Mi5	E5	336	336	1	8	385	95	96	ARANAĞME	32.375
354	9	Fa5	F5	340	340	1	8	385	95	96	.	32.5
355	9	Sol5	G5	349	349	1	8	385	95	96	.	32.625
356	9	Fa5	F5	340	340	1	16	192	95	96	.	32.6875
357	9	Mi5	E5	336	336	1	16	192	95	96	.	32.75
358	9	Fa5	F5	340	340	1	16	192	95	96	.	32.8125
359	9	Mi5	E5	336	336	1	16	192	95	96	.	32.875
360	9	Re5b3	D5b4	324	323	1	16	192	95	96	.	32.9375
361	9	Do5	C5	318	318	1	16	192	95	96	.	33
362	9	Do5	C5	318	318	1	8	385	95	96	.	33.125
363	9	Re5b3	D5b4	324	323	1	16	192	95	96	.	33.1875
364	9	Mi5	E5	336	336	1	16	192	95	96	.	33.25
365	9	Re5b3	D5b4	324	323	1	16	192	95	96	.	33.3125
366	9	Do5	C5	318	318	1	16	192	95	96	.	33.375
367	9	Re5b3	D5b4	324	323	1	16	192	95	96	.	33.4375
368	9	Si4b2	B4b1	312	313	1	16	192	95	96	.	33.5
369	12	Do5	C5	318	318	1	8	385	95	96	.	33.625
370	9	Si4b2	B4b1	312	313	1	16	192	95	96	.	33.6875
371	9	La4	A4	305	305	1	16	192	95	96	.	33.75
372	9	La4	A4	305	305	1	4	769	95	96	.	34
373	53			0	0	0	0	0	0	0		34
374	9	Mi5	E5	336	336	1	16	192	95	96	.	34.0625
375	9	Fa5	F5	340	340	1	16	192	95	96	.	34.125
376	9	Fa5	F5	340	340	1	16	192	95	96	.	34.1875
377	9	Mi5	E5	336	336	1	16	192	95	96	.	34.25
378	9	Mi5	E5	336	336	1	16	192	95	96	.	34.3125
379	9	Re5b3	D5b4	324	323	1	16	192	95	96	.	34.375
380	9	Re5b3	D5b4	324	323	1	16	192	95	96	.	34.4375
381	9	Do5	C5	318	318	1	16	192	95	96	.	34.5
382	9	Re5b3	D5b4	324	323	1	16	192	95	96	.	34.5625
383	9	Do5	C5	318	318	1	8	385	95	96	.	34.6875
384	9	Si4b2	B4b1	312	313	1	16	192	95	96	.	34.75
385	12	Do5	C5	318	318	1	8	385	95	96	.	34.875
386	9	Si4b2	B4b1	312	313	1	24	128	95	96	.	34.91667
387	9	La4	A4	305	305	1	24	128	95	96	.	34.95833
388	9	Si4b2	B4b1	312	313	1	24	128	95	96	.	35
389	9	La4	A4	305	305	3	8	1154	95	96	.	35.375
390	9	La4	A4	305	305	1	16	192	95	96	.	35.4375
391	9	Si4b2	B4b1	312	313	1	16	192	95	96	.	35.5
392	9	Do5	C5	318	318	1	16	192	95	96	.	35.5625
393	9	Re5b3	D5b4	324	323	1	16	192	95	96	.	35.625
394	9	Si4b2	B4b1	312	313	1	16	192	95	96	.	35.6875
395	9	Re5b3	D5b4	324	323	1	16	192	95	96	.	35.75
396	9	Do5	C5	318	318	1	4	769	95	96	.	36
397	53			0	0	0	0	0	0	0		36
398	9			-1	-1	1	4	769	100	0		36.25
399	9	Mi5	E5	336	336	1	8	385	95	96	ARANAĞME	36.375
400	9	Fa5	F5	340	340	1	8	385	95	96	.	36.5
401	9	Sol5	G5	349	349	1	8	385	95	96	.	36.625
402	9	Fa5	F5	340	340	1	16	192	95	96	.	36.6875
403	9	Mi5	E5	336	336	1	16	192	95	96	.	36.75
404	9	Fa5	F5	340	340	1	16	192	95	96	.	36.8125
405	9	Mi5	E5	336	336	1	16	192	95	96	.	36.875
406	9	Re5b3	D5b4	324	323	1	16	192	95	96	.	36.9375
407	9	Do5	C5	318	318	1	16	192	95	96	.	37
408	9	Do5	C5	318	318	1	8	385	95	96	.	37.125
409	9	Re5b3	D5b4	324	323	1	16	192	95	96	.	37.1875
410	9	Mi5	E5	336	336	1	16	192	95	96	.	37.25
411	9	Re5b3	D5b4	324	323	1	16	192	95	96	.	37.3125
412	9	Do5	C5	318	318	1	16	192	95	96	.	37.375
413	9	Re5b3	D5b4	324	323	1	16	192	95	96	.	37.4375
414	9	Si4b2	B4b1	312	313	1	16	192	95	96	.	37.5
415	12	Do5	C5	318	318	1	8	385	95	96	.	37.625
416	9	Si4b2	B4b1	312	313	1	16	192	95	96	.	37.6875
417	9	La4	A4	305	305	1	16	192	95	96	.	37.75
418	9	La4	A4	305	305	1	4	769	95	96	.	38
419	53			0	0	0	0	0	0	0		38
420	9	Mi5	E5	336	336	1	16	192	95	96	.	38.0625
421	9	Fa5	F5	340	340	1	16	192	95	96	.	38.125
422	9	Fa5	F5	340	340	1	16	192	95	96	.	38.1875
423	9	Mi5	E5	336	336	1	16	192	95	96	.	38.25
424	9	Mi5	E5	336	336	1	16	192	95	96	.	38.3125
425	9	Re5b3	D5b4	324	323	1	16	192	95	96	.	38.375
426	9	Re5b3	D5b4	324	323	1	16	192	95	96	.	38.4375
427	9	Do5	C5	318	318	1	16	192	95	96	.	38.5
428	9	Re5b3	D5b4	324	323	1	16	192	95	96	.	38.5625
429	9	Do5	C5	318	318	1	8	385	95	96	.	38.6875
430	9	Si4b2	B4b1	312	313	1	16	192	95	96	.	38.75
431	12	Do5	C5	318	318	1	8	385	95	96	.	38.875
432	9	Si4b2	B4b1	312	313	1	24	128	95	96	.	38.91667
433	9	La4	A4	305	305	1	24	128	95	96	.	38.95833
434	9	Si4b2	B4b1	312	313	1	24	128	95	96	.	39
435	9	La4	A4	305	305	3	8	1154	95	96	.	39.375
436	9	La4	A4	305	305	1	16	192	95	96	.	39.4375
437	9	Si4b2	B4b1	312	313	1	16	192	95	96	.	39.5
438	9	Do5	C5	318	318	1	16	192	95	96	.	39.5625
439	9	Si4b2	B4b1	312	313	1	16	192	95	96	.	39.625
440	9	La4	A4	305	305	1	16	192	95	96	.	39.6875
441	9	Si4b2	B4b1	312	313	1	16	192	95	96	.	39.75
442	9	La4	A4	305	305	1	4	769	95	96	.	40
443	9	La4	A4	305	305	1	8	385	95	96	Men	40.125
444	9	La4	A4	305	305	1	16	192	99	96	di	40.1875
445	9	Sol4	G4	296	296	1	16	192	95	96		40.25
446	9	La4	A4	305	305	1	8	385	95	96	li	40.375
447	9	Si4b2	B4b1	312	313	1	8	385	95	96	min 	40.5
448	9	Do5	C5	318	318	1	4	769	95	96	ye	40.75
449	9	Re5b3	D5b4	324	323	1	8	385	99	96	şi	40.875
450	9	Do5	C5	318	318	1	16	192	99	96		40.9375
451	9	Si4b2	B4b1	312	313	1	16	192	95	96		41
452	9	Do5	C5	318	318	1	4	769	95	96	li 	41.25
453	9	Re5b3	D5b4	324	323	1	8	385	95	96	a	41.375
454	9	Re5b3	D5b4	324	323	1	16	192	99	96	man 	41.4375
455	9	Do5	C5	318	318	1	16	192	95	96		41.5
456	12	Do5	C5	318	318	1	8	385	99	96	a	41.625
457	9	Si4b2	B4b1	312	313	1	16	192	99	96		41.6875
458	9	La4	A4	305	305	1	16	192	95	96		41.75
459	9	La4	A4	305	305	1	4	769	95	96	man  	42
460	53			0	0	0	0	0	0	0		42
461	9	La4	A4	305	305	1	8	385	95	96	Ben 	42.125
462	9	La4	A4	305	305	1	16	192	99	96	kay	42.1875
463	9	Sol4	G4	296	296	1	16	192	95	96		42.25
464	9	La4	A4	305	305	1	8	385	95	96	bet	42.375
465	9	Si4b2	B4b1	312	313	1	8	385	95	96	tim 	42.5
466	9	Do5	C5	318	318	1	4	769	95	96	e	42.75
467	9	Re5b3	D5b4	324	323	1	8	385	99	96	şi	42.875
468	9	Do5	C5	318	318	1	16	192	99	96		42.9375
469	9	Si4b2	B4b1	312	313	1	16	192	95	96		43
470	9	Do5	C5	318	318	1	4	769	95	96	mi  	43.25
471	9			-1	-1	1	8	385	100	0		43.375
472	9	Do5	C5	318	318	1	16	192	95	96	SAZ	43.4375
473	9	Re5b3	D5b4	324	323	1	16	192	95	96	.	43.5
474	9	Do5	C5	318	318	3	32	288	95	96	.	43.59375
475	9	Si4b2	B4b1	312	313	1	32	96	95	96	.	43.625
476	9	La4	A4	305	305	1	16	192	95	96	.	43.6875
477	9	Si4b2	B4b1	312	313	1	16	192	95	96	.	43.75
478	9	Do5	C5	318	318	1	4	769	95	96	.	44
479	53			0	0	0	0	0	0	0		44
480	9			-1	-1	1	4	769	100	0		44.25
481	9	Mi5	E5	336	336	1	8	385	95	96	Al 	44.375
482	9	Fa5	F5	340	340	1	8	385	95	96	bu 	44.5
483	9	Sol5	G5	349	349	1	8	385	99	96	men	44.625
484	9	Fa5	F5	340	340	1	16	192	99	96		44.6875
485	9	Mi5	E5	336	336	1	16	192	95	96		44.75
486	9	Fa5	F5	340	340	1	16	192	99	96	dil 	44.8125
487	9	Mi5	E5	336	336	1	16	192	99	96		44.875
488	9	Re5b3	D5b4	324	323	1	16	192	99	96		44.9375
489	9	Do5	C5	318	318	1	16	192	95	96		45
490	9	Do5	C5	318	318	1	8	385	95	96	sen	45.125
491	9	Re5b3	D5b4	324	323	1	16	192	99	96	de 	45.1875
492	9	Mi5	E5	336	336	1	16	192	95	96		45.25
493	9	Re5b3	D5b4	324	323	1	16	192	99	96	sen	45.3125
494	9	Do5	C5	318	318	1	16	192	95	96		45.375
495	9	Re5b3	D5b4	324	323	1	16	192	99	96	de 	45.4375
496	9	Si4b2	B4b1	312	313	1	16	192	95	96		45.5
497	12	Do5	C5	318	318	1	8	385	99	96	dur	45.625
498	9	Si4b2	B4b1	312	313	1	16	192	99	96		45.6875
499	9	La4	A4	305	305	1	16	192	95	96		45.75
500	9	La4	A4	305	305	1	4	769	95	96	sun  	46
501	53			0	0	0	0	0	0	0		46
502	9	Mi5	E5	336	336	1	16	192	99	96	Sil 	46.0625
503	9	Fa5	F5	340	340	1	16	192	95	96		46.125
504	8	Sol5	G5	349	349	0	0	0	95	96		46.125
505	9	Fa5	F5	340	340	1	16	192	99	96	gö	46.1875
506	9	Mi5	E5	336	336	1	16	192	95	96		46.25
507	9	Mi5	E5	336	336	1	16	192	99	96	zü	46.3125
508	9	Re5b3	D5b4	324	323	1	16	192	95	96		46.375
509	9	Re5b3	D5b4	324	323	1	16	192	99	96	nün 	46.4375
510	9	Do5	C5	318	318	1	16	192	95	96		46.5
511	9	Re5b3	D5b4	324	323	1	16	192	99	96	ya	46.5625
512	9	Do5	C5	318	318	1	8	385	99	96		46.6875
513	9	Si4b2	B4b1	312	313	1	16	192	95	96		46.75
514	12	Do5	C5	318	318	1	8	385	99	96	şı	46.875
515	9	Si4b2	B4b1	312	313	1	24	128	99	96		46.91667
516	9	La4	A4	305	305	1	24	128	99	96		46.95833
517	9	Si4b2	B4b1	312	313	1	24	128	95	96		47
518	9	La4	A4	305	305	3	8	1154	95	96	nı  	47.375
519	9	La4	A4	305	305	1	16	192	95	96	SAZ	47.4375
520	9	Si4b2	B4b1	312	313	1	16	192	95	96	.	47.5
521	9	Do5	C5	318	318	1	16	192	95	96	.	47.5625
522	9	Re5b3	D5b4	324	323	1	16	192	95	96	.	47.625
523	9	Si4b2	B4b1	312	313	1	16	192	95	96	.	47.6875
524	9	Re5b3	D5b4	324	323	1	16	192	95	96	.	47.75
525	9	Do5	C5	318	318	1	4	769	95	96	.	48
526	53			0	0	0	0	0	0	0		48
527	9			-1	-1	1	4	769	100	0		48.25
528	9	Mi5	E5	336	336	1	8	385	95	96	Al 	48.375
529	9	Fa5	F5	340	340	1	8	385	95	96	bu 	48.5
530	9	Sol5	G5	349	349	1	8	385	99	96	men	48.625
531	9	Fa5	F5	340	340	1	16	192	99	96		48.6875
532	9	Mi5	E5	336	336	1	16	192	95	96		48.75
533	9	Fa5	F5	340	340	1	16	192	99	96	dil 	48.8125
534	9	Mi5	E5	336	336	1	16	192	99	96		48.875
535	9	Re5b3	D5b4	324	323	1	16	192	99	96		48.9375
536	9	Do5	C5	318	318	1	16	192	95	96		49
537	9	Do5	C5	318	318	1	8	385	95	96	sen	49.125
538	9	Re5b3	D5b4	324	323	1	16	192	99	96	de 	49.1875
539	9	Mi5	E5	336	336	1	16	192	95	96		49.25
540	9	Re5b3	D5b4	324	323	1	16	192	99	96	sen	49.3125
541	9	Do5	C5	318	318	1	16	192	95	96		49.375
542	9	Re5b3	D5b4	324	323	1	16	192	99	96	de 	49.4375
543	9	Si4b2	B4b1	312	313	1	16	192	95	96		49.5
544	12	Do5	C5	318	318	1	8	385	99	96	dur	49.625
545	9	Si4b2	B4b1	312	313	1	16	192	99	96		49.6875
546	9	La4	A4	305	305	1	16	192	95	96		49.75
547	9	La4	A4	305	305	1	4	769	95	96	sun  	50
548	53			0	0	0	0	0	0	0		50
549	9	Mi5	E5	336	336	1	16	192	99	96	Sil 	50.0625
550	9	Fa5	F5	340	340	1	16	192	95	96		50.125
551	8	Sol5	G5	349	349	0	0	0	95	96		50.125
552	9	Fa5	F5	340	340	1	16	192	99	96	gö	50.1875
553	9	Mi5	E5	336	336	1	16	192	95	96		50.25
554	9	Mi5	E5	336	336	1	16	192	99	96	zü	50.3125
555	9	Re5b3	D5b4	324	323	1	16	192	95	96		50.375
556	9	Re5b3	D5b4	324	323	1	16	192	99	96	nün 	50.4375
557	9	Do5	C5	318	318	1	16	192	95	96		50.5
558	9	Re5b3	D5b4	324	323	1	16	192	99	96	ya	50.5625
559	9	Do5	C5	318	318	1	8	385	99	96		50.6875
560	9	Si4b2	B4b1	312	313	1	16	192	95	96		50.75
561	12	Do5	C5	318	318	1	8	385	99	96	şı	50.875
562	9	Si4b2	B4b1	312	313	1	24	128	99	96		50.91667
563	9	La4	A4	305	305	1	24	128	99	96		50.95833
564	9	Si4b2	B4b1	312	313	1	24	128	95	96		51
565	9	La4	A4	305	305	3	8	1154	95	96	nı  	51.375
566	9	La4	A4	305	305	1	16	192	95	96	SAZ	51.4375
567	9	Si4b2	B4b1	312	313	1	16	192	95	96	.	51.5
568	9	Do5	C5	318	318	1	16	192	95	96	.	51.5625
569	9	Si4b2	B4b1	312	313	1	16	192	95	96	.	51.625
570	9	La4	A4	305	305	1	16	192	95	96	.	51.6875
571	9	Si4b2	B4b1	312	313	1	16	192	95	96	.	51.75
572	9	La4	A4	305	305	1	4	769	95	96	.	52
573	9			-1	-1	1	4	769	100	0		52.25
574	9	La4	A4	305	305	1	8	385	95	96	A	52.375
575	9	Si4b2	B4b1	312	313	1	8	385	95	96	man 	52.5
576	9	Do5	C5	318	318	1	16	192	99	96	dok	52.5625
577	9	Re5b3	D5b4	324	323	1	16	192	99	96		52.625
578	9	Do5	C5	318	318	1	16	192	99	96		52.6875
579	9	Si4b2	B4b1	312	313	1	16	192	95	96		52.75
580	9	Do5	C5	318	318	1	4	769	95	96	tor 	53
581	9	Do5	C5	318	318	1	8	385	95	96	ca	53.125
582	9	Re5b3	D5b4	324	323	1	16	192	99	96	nım 	53.1875
583	9	Mi5	E5	336	336	1	16	192	95	96		53.25
584	9	Re5b3	D5b4	324	323	1	16	192	99	96	ku	53.3125
585	9	Do5	C5	318	318	1	16	192	95	96		53.375
586	9	Re5b3	D5b4	324	323	1	16	192	99	96	zum 	53.4375
587	9	Si4b2	B4b1	312	313	1	16	192	95	96		53.5
588	12	Do5	C5	318	318	1	8	385	99	96	dok	53.625
589	9	Si4b2	B4b1	312	313	1	24	128	99	96		53.66667
590	9	La4	A4	305	305	1	24	128	99	96		53.70833
591	9	Si4b2	B4b1	312	313	1	24	128	99	96		53.75
592	9	La4	A4	305	305	1	4	769	95	96	tor 	54
593	53			0	0	0	0	0	0	0		54
594	9	La4	A4	305	305	3	16	577	99	96	der	54.1875
595	9	Sol4	G4	296	296	1	16	192	95	96		54.25
596	9	La4	A4	305	305	1	8	385	95	96	di	54.375
597	9	Si4b2	B4b1	312	313	1	8	385	95	96	me 	54.5
598	9	Do5	C5	318	318	1	4	769	95	96	bir 	54.75
599	9	Re5b3	D5b4	324	323	1	8	385	99	96	ça	54.875
600	9	Do5	C5	318	318	1	16	192	99	96		54.9375
601	9	Si4b2	B4b1	312	313	1	16	192	95	96		55
602	9	Do5	C5	318	318	1	4	769	95	96	re  	55.25
603	9			-1	-1	1	8	385	100	0		55.375
604	9	Do5	C5	318	318	1	16	192	95	96	SAZ	55.4375
605	9	Re5b3	D5b4	324	323	1	16	192	95	96	.	55.5
606	9	Do5	C5	318	318	3	32	288	95	96	.	55.59375
607	9	Si4b2	B4b1	312	313	1	32	96	95	96	.	55.625
608	9	La4	A4	305	305	1	16	192	95	96	.	55.6875
609	9	Si4b2	B4b1	312	313	1	16	192	95	96	.	55.75
610	9	Do5	C5	318	318	1	4	769	95	96	.	56
611	9			-1	-1	1	4	769	100	0		56.25
612	9	Mi5	E5	336	336	1	8	385	95	96	Ça	56.375
613	9	Fa5	F5	340	340	1	8	385	95	96	re	56.5
614	9	Sol5	G5	349	349	1	8	385	99	96	siz 	56.625
615	9	Fa5	F5	340	340	1	16	192	99	96		56.6875
616	9	Mi5	E5	336	336	1	16	192	95	96		56.75
617	9	Fa5	F5	340	340	1	16	192	99	96	dert	56.8125
618	9	Mi5	E5	336	336	1	16	192	99	96		56.875
619	9	Re5b3	D5b4	324	323	1	16	192	99	96		56.9375
620	9	Do5	C5	318	318	1	16	192	95	96		57
621	9	Do5	C5	318	318	1	8	385	95	96	le	57.125
622	9	Re5b3	D5b4	324	323	1	16	192	99	96	re 	57.1875
623	9	Mi5	E5	336	336	1	16	192	99	96		57.25
624	9	Re5b3	D5b4	324	323	1	16	192	99	96		57.3125
625	9	Do5	C5	318	318	1	16	192	95	96		57.375
626	9	Re5b3	D5b4	324	323	1	16	192	99	96		57.4375
627	9	Si4b2	B4b1	312	313	1	16	192	95	96		57.5
628	12	Do5	C5	318	318	1	8	385	99	96	düş	57.625
629	9	Si4b2	B4b1	312	313	1	16	192	99	96		57.6875
630	9	La4	A4	305	305	1	16	192	95	96		57.75
631	9	La4	A4	305	305	1	4	769	95	96	tüm 	58
632	9	Mi5	E5	336	336	1	16	192	99	96	dok	58.0625
633	9	Fa5	F5	340	340	1	16	192	95	96		58.125
634	8	Sol5	G5	349	349	0	0	0	95	96		58.125
635	9	Fa5	F5	340	340	1	16	192	99	96	tor 	58.1875
636	9	Mi5	E5	336	336	1	16	192	95	96		58.25
637	9	Mi5	E5	336	336	1	16	192	99	96	ba	58.3125
638	9	Re5b3	D5b4	324	323	1	16	192	95	96		58.375
639	9	Re5b3	D5b4	324	323	1	16	192	99	96	na 	58.4375
640	9	Do5	C5	318	318	1	16	192	95	96		58.5
641	9	Re5b3	D5b4	324	323	1	16	192	99	96	bir 	58.5625
642	9	Do5	C5	318	318	1	8	385	99	96		58.6875
643	9	Si4b2	B4b1	312	313	1	16	192	95	96		58.75
644	12	Do5	C5	318	318	1	8	385	99	96	ça	58.875
645	9	Si4b2	B4b1	312	313	1	24	128	99	96		58.91667
646	9	La4	A4	305	305	1	24	128	99	96		58.95833
647	9	Si4b2	B4b1	312	313	1	24	128	95	96		59
648	9	La4	A4	305	305	3	8	1154	95	96	re  	59.375
649	9	La4	A4	305	305	1	16	192	95	96	SAZ	59.4375
650	9	Si4b2	B4b1	312	313	1	16	192	95	96	.	59.5
651	9	Do5	C5	318	318	1	16	192	95	96	.	59.5625
652	9	Si4b2	B4b1	312	313	1	16	192	95	96	.	59.625
653	9	La4	A4	305	305	1	16	192	95	96	.	59.6875
654	9	Si4b2	B4b1	312	313	1	16	192	95	96	.	59.75
655	9	La4	A4	305	305	1	4	769	95	96	.	60
656	53			0	0	0	0	0	0	0		60
657	9			-1	-1	1	4	769	100	0		60.25
658	9	Mi5	E5	336	336	1	8	385	95	96	Ça	60.375
659	9	Fa5	F5	340	340	1	8	385	95	96	re	60.5
660	9	Sol5	G5	349	349	1	8	385	99	96	siz 	60.625
661	9	Fa5	F5	340	340	1	16	192	99	96		60.6875
662	9	Mi5	E5	336	336	1	16	192	95	96		60.75
663	9	Fa5	F5	340	340	1	16	192	99	96	dert	60.8125
664	9	Mi5	E5	336	336	1	16	192	99	96		60.875
665	9	Re5b3	D5b4	324	323	1	16	192	99	96		60.9375
666	9	Do5	C5	318	318	1	16	192	95	96		61
667	9	Do5	C5	318	318	1	8	385	95	96	le	61.125
668	9	Re5b3	D5b4	324	323	1	16	192	99	96	re 	61.1875
669	9	Mi5	E5	336	336	1	16	192	99	96		61.25
670	9	Re5b3	D5b4	324	323	1	16	192	99	96		61.3125
671	9	Do5	C5	318	318	1	16	192	95	96		61.375
672	9	Re5b3	D5b4	324	323	1	16	192	99	96		61.4375
673	9	Si4b2	B4b1	312	313	1	16	192	95	96		61.5
674	12	Do5	C5	318	318	1	8	385	99	96	düş	61.625
675	9	Si4b2	B4b1	312	313	1	16	192	99	96		61.6875
676	9	La4	A4	305	305	1	16	192	95	96		61.75
677	9	La4	A4	305	305	1	4	769	95	96	tüm 	62
678	9	Mi5	E5	336	336	1	16	192	99	96	dok	62.0625
679	9	Fa5	F5	340	340	1	16	192	95	96		62.125
680	8	Sol5	G5	349	349	0	0	0	95	96		62.125
681	9	Fa5	F5	340	340	1	16	192	99	96	tor 	62.1875
682	9	Mi5	E5	336	336	1	16	192	95	96		62.25
683	9	Mi5	E5	336	336	1	16	192	99	96	ba	62.3125
684	9	Re5b3	D5b4	324	323	1	16	192	95	96		62.375
685	9	Re5b3	D5b4	324	323	1	16	192	99	96	na 	62.4375
686	9	Do5	C5	318	318	1	16	192	95	96		62.5
687	9	Re5b3	D5b4	324	323	1	16	192	99	96	bir 	62.5625
688	9	Do5	C5	318	318	1	8	385	99	96		62.6875
689	9	Si4b2	B4b1	312	313	1	16	192	95	96		62.75
690	12	Do5	C5	318	318	1	8	385	99	96	ça	62.875
691	9	Si4b2	B4b1	312	313	1	24	128	99	96		62.91667
692	9	La4	A4	305	305	1	24	128	99	96		62.95833
693	9	Si4b2	B4b1	312	313	1	24	128	95	96		63
694	9	La4	A4	305	305	3	8	1154	95	96	re  	63.375
695	9	La4	A4	305	305	1	16	192	95	96	SAZ	63.4375
696	9	Si4b2	B4b1	312	313	1	16	192	95	96	.	63.5
697	9	Do5	C5	318	318	1	16	192	95	96	.	63.5625
698	9	Si4b2	B4b1	312	313	1	16	192	95	96	.	63.625
699	9	La4	A4	305	305	1	16	192	95	96	.	63.6875
700	9	Si4b2	B4b1	312	313	1	16	192	95	96	.	63.75
701	9	La4	A4	305	305	1	4	769	95	96	.	64
702	53			0	0	0	0	0	0	0		64
