Sıra	Kod	Nota53	NotaAE	Koma53	KomaAE	Pay	Payda	Ms	LNS	Bas	Soz1	Offset
1	9	Si4b2	B4b1	312	313	1	8	294	95	96	ARANAĞME 	0.1111111
2	9	Si4b2	B4b1	312	313	1	4	588	95	96	.	0.3333333
3	9	Si4b2	B4b1	312	313	1	8	294	95	96	.	0.4444444
4	9	Re5b3	D5b4	324	323	1	4	588	95	96	.	0.6666667
5	9	Do5	C5	318	318	1	4	588	95	96	.	0.8888889
6	9	Si4b2	B4b1	312	313	1	8	294	95	96	.	1
7	9	Do5	C5	318	318	1	4	588	95	96	.	1.222222
8	9	Si4b2	B4b1	312	313	1	8	294	95	96	.	1.333333
9	9	La4	A4	305	305	1	8	294	95	96	.	1.444444
10	9	La4	A4	305	305	1	8	294	95	96	.	1.555556
11	9	Si4b2	B4b1	312	313	1	8	294	95	96	.	1.666667
12	9	Do5	C5	318	318	1	8	294	95	96	.	1.777778
13	9	Si4b2	B4b1	312	313	1	8	294	95	96	.	1.888889
14	9	Do5	C5	318	318	1	8	294	95	96	.	2
15	9	Si4b2	B4b1	312	313	1	8	294	95	96	.	2.111111
16	9	La4	A4	305	305	3	8	882	95	96	.	2.444444
17	9	Si4b2	B4b1	312	313	1	8	294	95	96	.	2.555556
18	9	La4	A4	305	305	1	8	294	95	96	.	2.666667
19	9	Si4b2	B4b1	312	313	3	8	882	95	96	.	3
20	53			0	0	0	0	0	0	0		3
21	9	Si4b2	B4b1	312	313	1	8	294	95	96	ARANAĞME 	3.111111
22	9	Si4b2	B4b1	312	313	1	4	588	95	96	.	3.333333
23	9	Si4b2	B4b1	312	313	1	8	294	95	96	.	3.444444
24	9	Re5b3	D5b4	324	323	1	4	588	95	96	.	3.666667
25	9	Do5	C5	318	318	1	4	588	95	96	.	3.888889
26	9	Si4b2	B4b1	312	313	1	8	294	95	96	.	4
27	9	Do5	C5	318	318	1	4	588	95	96	.	4.222222
28	9	Si4b2	B4b1	312	313	1	8	294	95	96	.	4.333333
29	9	La4	A4	305	305	1	8	294	95	96	.	4.444445
30	9	La4	A4	305	305	1	8	294	95	96	.	4.555555
31	9	Si4b2	B4b1	312	313	1	8	294	95	96	.	4.666667
32	9	Do5	C5	318	318	1	8	294	95	96	.	4.777778
33	9	Si4b2	B4b1	312	313	1	8	294	95	96	.	4.888889
34	9	Do5	C5	318	318	1	8	294	95	96	.	5
35	9	Si4b2	B4b1	312	313	1	8	294	95	96	.	5.111111
36	9	La4	A4	305	305	3	8	882	95	96	.	5.444445
37	9	La4	A4	305	305	1	4	588	95	96	.	5.666667
38	9	Do5	C5	318	318	1	16	147	95	96	.	5.722222
39	9	Re5b3	D5b4	324	323	1	16	147	95	96	.	5.777778
40	9	Do5	C5	318	318	1	16	147	95	96	.	5.833333
41	9	Si4b2	B4b1	312	313	1	16	147	95	96	.	5.888889
42	9	La4	A4	305	305	1	16	147	95	96	.	5.944445
43	9	Si4b2	B4b1	312	313	1	16	147	95	96	.	6
44	9	Do5	C5	318	318	1	4	588	95	96	.	6.222222
45	9	Do5	C5	318	318	1	8	294	95	96	Da	6.333333
46	9	Do5	C5	318	318	1	8	294	95	96	ra	6.444445
47	9	Do5	C5	318	318	1	4	588	95	96	cık 	6.666667
48	9	Do5	C5	318	318	1	4	588	99	96	so	6.888889
49	9	Re5b3	D5b4	324	323	1	8	294	95	96		7
50	9	Mi5	E5	336	336	1	8	294	99	96	kak	7.111111
51	9	Re5b3	D5b4	324	323	1	8	294	95	96		7.222222
52	9	Re5b3	D5b4	324	323	1	8	294	95	96	la	7.333333
53	9	Do5	C5	318	318	1	8	294	95	96	rı 	7.444445
54	9	Do5	C5	318	318	1	8	294	99	96	du	7.555555
55	9	Re5b3	D5b4	324	323	1	8	294	95	96		7.666667
56	9	Do5	C5	318	318	1	4	588	99	96	man 	7.888889
57	9	Si4b2	B4b1	312	313	1	8	294	95	96		8
58	9			-1	-1	1	4	588	100	0		8.222222
59	9	Si4b2	B4b1	312	313	1	8	294	95	96	bü	8.333333
60	9	Si4b2	B4b1	312	313	1	8	294	95	96	rü	8.444445
61	9	Re5b3	D5b4	324	323	1	4	588	99	96	dü  	8.666667
62	9	Do5	C5	318	318	1	4	588	99	96		8.888889
63	9	Si4b2	B4b1	312	313	1	8	294	95	96		9
64	53			0	0	0	0	0	0	0		9
65	9	Si4b2	B4b1	312	313	1	8	294	95	96	Kül	9.111111
66	9	Si4b2	B4b1	312	313	1	4	588	95	96	han 	9.333333
67	9	Si4b2	B4b1	312	313	1	8	294	95	96	da 	9.444445
68	9	Re5b3	D5b4	324	323	1	4	588	95	96	bey	9.666667
69	9	Do5	C5	318	318	1	4	588	99	96	ler 	9.888889
70	9	Si4b2	B4b1	312	313	1	8	294	95	96		10
71	9	Do5	C5	318	318	1	4	588	95	96	kız	10.22222
72	9	Si4b2	B4b1	312	313	1	8	294	95	96	la	10.33333
73	9	La4	A4	305	305	1	8	294	95	96	rı 	10.44444
74	9	La4	A4	305	305	1	8	294	99	96	al	10.55556
75	9	Si4b2	B4b1	312	313	1	8	294	95	96		10.66667
76	9	Do5	C5	318	318	1	8	294	99	96	dı 	10.77778
77	9	Si4b2	B4b1	312	313	1	8	294	99	96		10.88889
78	9	Do5	C5	318	318	1	8	294	95	96		11
79	9	Si4b2	B4b1	312	313	1	8	294	95	96	yü	11.11111
80	9	La4	A4	305	305	3	8	882	95	96	rü	11.44444
81	9	Si4b2	B4b1	312	313	1	8	294	99	96	dü  	11.55556
82	9	La4	A4	305	305	1	8	294	99	96		11.66667
83	9	Si4b2	B4b1	312	313	3	8	882	95	96		12
84	53			0	0	0	0	0	0	0		12
85	9	Si4b2	B4b1	312	313	1	8	294	95	96	Kül	12.11111
86	9	Si4b2	B4b1	312	313	1	4	588	95	96	han 	12.33333
87	9	Si4b2	B4b1	312	313	1	8	294	95	96	da 	12.44444
88	9	Re5b3	D5b4	324	323	1	4	588	95	96	bey	12.66667
89	9	Do5	C5	318	318	1	4	588	99	96	ler 	12.88889
90	9	Si4b2	B4b1	312	313	1	8	294	95	96		13
91	9	Do5	C5	318	318	1	4	588	95	96	kız	13.22222
92	9	Si4b2	B4b1	312	313	1	8	294	95	96	la	13.33333
93	9	La4	A4	305	305	1	8	294	95	96	rı 	13.44444
94	9	La4	A4	305	305	1	8	294	99	96	al	13.55556
95	9	Si4b2	B4b1	312	313	1	8	294	95	96		13.66667
96	9	Do5	C5	318	318	1	8	294	99	96	dı 	13.77778
97	9	Si4b2	B4b1	312	313	1	8	294	99	96		13.88889
98	9	Do5	C5	318	318	1	8	294	95	96		14
99	9	Si4b2	B4b1	312	313	1	8	294	95	96	yü	14.11111
100	9	La4	A4	305	305	3	8	882	95	96	rü	14.44444
101	9	La4	A4	305	305	1	4	588	95	96	dü  	14.66667
102	9	Do5	C5	318	318	1	16	147	95	96	.	14.72222
103	9	Re5b3	D5b4	324	323	1	16	147	95	96	.	14.77778
104	9	Do5	C5	318	318	1	16	147	95	96	.	14.83333
105	9	Si4b2	B4b1	312	313	1	16	147	95	96	.	14.88889
106	9	La4	A4	305	305	1	16	147	95	96	.	14.94444
107	9	Si4b2	B4b1	312	313	1	16	147	95	96	.	15
108	9	Do5	C5	318	318	1	4	588	95	96	.	15.22222
109	9	Do5	C5	318	318	1	8	294	95	96	Be	15.33333
110	9	Do5	C5	318	318	1	8	294	95	96	nim 	15.44444
111	9	Do5	C5	318	318	1	4	588	95	96	yâ	15.66667
112	9	Do5	C5	318	318	1	4	588	99	96	rim 	15.88889
113	9	Re5b3	D5b4	324	323	1	8	294	95	96		16
114	9	Mi5	E5	336	336	1	8	294	99	96	kü	16.11111
115	9	Re5b3	D5b4	324	323	1	8	294	95	96		16.22222
116	9	Re5b3	D5b4	324	323	1	8	294	99	96	çü	16.33333
117	9	Do5	C5	318	318	1	8	294	95	96		16.44444
118	9	Do5	C5	318	318	1	8	294	99	96	cük	16.55556
119	9	Re5b3	D5b4	324	323	1	8	294	95	96		16.66667
120	9	Do5	C5	318	318	1	4	588	99	96	tü 	16.88889
121	9	Si4b2	B4b1	312	313	1	8	294	95	96		17
122	9			-1	-1	1	4	588	100	0		17.22222
123	9	Si4b2	B4b1	312	313	1	8	294	95	96	bü	17.33333
124	9	Si4b2	B4b1	312	313	1	8	294	95	96	yü	17.44444
125	9	Re5b3	D5b4	324	323	1	4	588	99	96	dü  	17.66667
126	9	Do5	C5	318	318	1	4	588	99	96		17.88889
127	9	Si4b2	B4b1	312	313	1	8	294	95	96		18
128	53			0	0	0	0	0	0	0		18
129	9	Si4b2	B4b1	312	313	1	8	294	95	96	Sü	18.11111
130	9	Si4b2	B4b1	312	313	3	8	882	95	96	rü	18.44444
131	9	Re5b3	D5b4	324	323	1	4	588	95	96	den 	18.66667
132	9	Do5	C5	318	318	1	4	588	99	96	ay	18.88889
133	9	Si4b2	B4b1	312	313	1	8	294	95	96		19
134	9	Do5	C5	318	318	1	4	588	95	96	rı	19.22222
135	9	Si4b2	B4b1	312	313	1	8	294	95	96	lan 	19.33333
136	9	La4	A4	305	305	1	8	294	95	96		19.44444
137	9	La4	A4	305	305	1	8	294	99	96	sür	19.55556
138	9	Si4b2	B4b1	312	313	1	8	294	95	96		19.66667
139	9	Do5	C5	318	318	1	8	294	99	96	me	19.77778
140	9	Si4b2	B4b1	312	313	1	8	294	99	96		19.88889
141	9	Do5	C5	318	318	1	8	294	95	96		20
142	9	Si4b2	B4b1	312	313	1	8	294	95	96	li 	20.11111
143	9	La4	A4	305	305	3	8	882	95	96	ko	20.44444
144	9	Si4b2	B4b1	312	313	1	8	294	99	96	yun	20.55556
145	9	La4	A4	305	305	1	8	294	99	96		20.66667
146	9	Si4b2	B4b1	312	313	3	8	882	95	96		21
147	53			0	0	0	0	0	0	0		21
148	9	Si4b2	B4b1	312	313	1	8	294	95	96	Şa	21.11111
149	9	Si4b2	B4b1	312	313	3	8	882	95	96	fak	21.44444
150	9	Re5b3	D5b4	324	323	1	4	588	95	96	lar 	21.66667
151	9	Do5	C5	318	318	1	4	588	99	96	a	21.88889
152	9	Si4b2	B4b1	312	313	1	8	294	95	96		22
153	9	Do5	C5	318	318	1	4	588	95	96	tı	22.22222
154	9	Si4b2	B4b1	312	313	1	8	294	99	96	yor 	22.33333
155	9	La4	A4	305	305	1	8	294	95	96		22.44444
156	9	La4	A4	305	305	1	8	294	99	96	gel 	22.55556
157	9	Si4b2	B4b1	312	313	1	8	294	95	96		22.66667
158	9	Do5	C5	318	318	1	8	294	99	96	yâ	22.77778
159	9	Si4b2	B4b1	312	313	1	8	294	99	96		22.88889
160	9	Do5	C5	318	318	1	8	294	95	96		23
161	9	Si4b2	B4b1	312	313	1	8	294	95	96	rim_	23.11111
162	9	La4	A4	305	305	3	8	882	95	96	u	23.44444
163	9	La4	A4	305	305	1	4	588	95	96	yu 	23.66667
164	9			-1	-1	1	4	588	100	0		23.88889
165	9			-1	-1	1	8	294	100	0		24
166	9	Si4b2	B4b1	312	313	1	8	294	95	96	Sü	24.11111
167	9	Si4b2	B4b1	312	313	3	8	882	95	96	rü	24.44444
168	9	Re5b3	D5b4	324	323	1	4	588	95	96	den 	24.66667
169	9	Do5	C5	318	318	1	4	588	99	96	ay	24.88889
170	9	Si4b2	B4b1	312	313	1	8	294	95	96		25
171	9	Do5	C5	318	318	1	4	588	95	96	rı	25.22222
172	9	Si4b2	B4b1	312	313	1	8	294	95	96	lan 	25.33333
173	9	La4	A4	305	305	1	8	294	95	96		25.44444
174	9	La4	A4	305	305	1	8	294	99	96	sür	25.55556
175	9	Si4b2	B4b1	312	313	1	8	294	95	96		25.66667
176	9	Do5	C5	318	318	1	8	294	99	96	me	25.77778
177	9	Si4b2	B4b1	312	313	1	8	294	99	96		25.88889
178	9	Do5	C5	318	318	1	8	294	95	96		26
179	9	Si4b2	B4b1	312	313	1	8	294	95	96	li 	26.11111
180	9	La4	A4	305	305	3	8	882	95	96	ko	26.44444
181	9	Si4b2	B4b1	312	313	1	8	294	99	96	yun	26.55556
182	9	La4	A4	305	305	1	8	294	99	96		26.66667
183	9	Si4b2	B4b1	312	313	3	8	882	95	96		27
184	53			0	0	0	0	0	0	0		27
185	9	Si4b2	B4b1	312	313	1	8	294	95	96	Şa	27.11111
186	9	Si4b2	B4b1	312	313	3	8	882	95	96	fak	27.44444
187	9	Re5b3	D5b4	324	323	1	4	588	95	96	lar 	27.66667
188	9	Do5	C5	318	318	1	4	588	99	96	a	27.88889
189	9	Si4b2	B4b1	312	313	1	8	294	95	96		28
190	9	Do5	C5	318	318	1	4	588	95	96	tı	28.22222
191	9	Si4b2	B4b1	312	313	1	8	294	99	96	yor 	28.33333
192	9	La4	A4	305	305	1	8	294	95	96		28.44444
193	9	La4	A4	305	305	1	8	294	99	96	gel 	28.55556
194	9	Si4b2	B4b1	312	313	1	8	294	95	96		28.66667
195	9	Do5	C5	318	318	1	8	294	99	96	yâ	28.77778
196	9	Si4b2	B4b1	312	313	1	8	294	99	96		28.88889
197	9	Do5	C5	318	318	1	8	294	95	96		29
198	9	Si4b2	B4b1	312	313	1	8	294	95	96	rim_	29.11111
199	9	La4	A4	305	305	3	8	882	95	96	u	29.44444
200	9	La4	A4	305	305	1	4	588	95	96	yu 	29.66667
201	9			-1	-1	1	4	588	100	0		29.88889
202	9			-1	-1	1	8	294	100	0		30
203	9	Si4b2	B4b1	312	313	1	8	294	95	96	ARANAĞME 	30.11111
204	9	Si4b2	B4b1	312	313	1	4	588	95	96	.	30.33333
205	9	Si4b2	B4b1	312	313	1	8	294	95	96	.	30.44444
206	9	Re5b3	D5b4	324	323	1	4	588	95	96	.	30.66667
207	9	Do5	C5	318	318	1	4	588	95	96	.	30.88889
208	9	Si4b2	B4b1	312	313	1	8	294	95	96	.	31
209	9	Do5	C5	318	318	1	4	588	95	96	.	31.22222
210	9	Si4b2	B4b1	312	313	1	8	294	95	96	.	31.33333
211	9	La4	A4	305	305	1	8	294	95	96	.	31.44444
212	9	La4	A4	305	305	1	8	294	95	96	.	31.55556
213	9	Si4b2	B4b1	312	313	1	8	294	95	96	.	31.66667
214	9	Do5	C5	318	318	1	8	294	95	96	.	31.77778
215	9	Si4b2	B4b1	312	313	1	8	294	95	96	.	31.88889
216	9	Do5	C5	318	318	1	8	294	95	96	.	32
217	9	Si4b2	B4b1	312	313	1	8	294	95	96	.	32.11111
218	9	La4	A4	305	305	3	8	882	95	96	.	32.44444
219	9	Si4b2	B4b1	312	313	1	8	294	95	96	.	32.55556
220	9	La4	A4	305	305	1	8	294	95	96	.	32.66667
221	9	Si4b2	B4b1	312	313	3	8	882	95	96	.	33
222	53			0	0	0	0	0	0	0		33
223	9	Si4b2	B4b1	312	313	1	8	294	95	96	ARANAĞME 	33.11111
224	9	Si4b2	B4b1	312	313	1	4	588	95	96	.	33.33333
225	9	Si4b2	B4b1	312	313	1	8	294	95	96	.	33.44444
226	9	Re5b3	D5b4	324	323	1	4	588	95	96	.	33.66667
227	9	Do5	C5	318	318	1	4	588	95	96	.	33.88889
228	9	Si4b2	B4b1	312	313	1	8	294	95	96	.	34
229	9	Do5	C5	318	318	1	4	588	95	96	.	34.22222
230	9	Si4b2	B4b1	312	313	1	8	294	95	96	.	34.33333
231	9	La4	A4	305	305	1	8	294	95	96	.	34.44444
232	9	La4	A4	305	305	1	8	294	95	96	.	34.55556
233	9	Si4b2	B4b1	312	313	1	8	294	95	96	.	34.66667
234	9	Do5	C5	318	318	1	8	294	95	96	.	34.77778
235	9	Si4b2	B4b1	312	313	1	8	294	95	96	.	34.88889
236	9	Do5	C5	318	318	1	8	294	95	96	.	35
237	9	Si4b2	B4b1	312	313	1	8	294	95	96	.	35.11111
238	9	La4	A4	305	305	3	8	882	95	96	.	35.44444
239	9	La4	A4	305	305	1	4	588	95	96	.	35.66667
240	9	Do5	C5	318	318	1	16	147	95	96	.	35.72222
241	9	Re5b3	D5b4	324	323	1	16	147	95	96	.	35.77778
242	9	Do5	C5	318	318	1	16	147	95	96	.	35.83333
243	9	Si4b2	B4b1	312	313	1	16	147	95	96	.	35.88889
244	9	La4	A4	305	305	1	16	147	95	96	.	35.94444
245	9	Si4b2	B4b1	312	313	1	16	147	95	96	.	36
246	9	Do5	C5	318	318	1	4	588	95	96	.	36.22222
247	9	Do5	C5	318	318	1	8	294	95	96	Yük	36.33333
248	9	Do5	C5	318	318	1	8	294	95	96	sek 	36.44444
249	9	Do5	C5	318	318	1	4	588	95	96	mi	36.66667
250	9	Do5	C5	318	318	1	4	588	99	96	na	36.88889
251	9	Re5b3	D5b4	324	323	1	8	294	95	96		37
252	9	Mi5	E5	336	336	1	8	294	99	96	re	37.11111
253	9	Re5b3	D5b4	324	323	1	8	294	95	96		37.22222
254	9	Re5b3	D5b4	324	323	1	8	294	95	96	de 	37.33333
255	9	Do5	C5	318	318	1	8	294	95	96		37.44444
256	9	Do5	C5	318	318	1	8	294	99	96	kan	37.55556
257	9	Re5b3	D5b4	324	323	1	8	294	95	96		37.66667
258	9	Do5	C5	318	318	1	4	588	99	96	dil	37.88889
259	9	Si4b2	B4b1	312	313	1	8	294	95	96		38
260	9	Si4b2	B4b1	312	313	1	4	588	95	96	ler 	38.22222
261	9	Si4b2	B4b1	312	313	1	4	588	95	96	ya	38.44444
262	9	Re5b3	D5b4	324	323	1	4	588	99	96	nar  	38.66667
263	9	Do5	C5	318	318	1	4	588	99	96		38.88889
264	9	Si4b2	B4b1	312	313	1	8	294	95	96		39
265	53			0	0	0	0	0	0	0		39
266	9	Si4b2	B4b1	312	313	1	4	588	95	96	Kan	39.22222
267	9	Si4b2	B4b1	312	313	1	4	588	95	96	dil	39.44444
268	9	Re5b3	D5b4	324	323	1	4	588	95	96	ler 	39.66667
269	9	Do5	C5	318	318	1	4	588	99	96	şav	39.88889
270	9	Si4b2	B4b1	312	313	1	8	294	95	96		40
271	9	Do5	C5	318	318	1	4	588	95	96	kı	40.22222
272	9	Si4b2	B4b1	312	313	1	8	294	95	96	na 	40.33333
273	9	La4	A4	305	305	1	8	294	95	96		40.44444
274	9	La4	A4	305	305	1	8	294	99	96	bül	40.55556
275	9	Si4b2	B4b1	312	313	1	8	294	95	96		40.66667
276	9	Do5	C5	318	318	1	8	294	99	96	bül	40.77778
277	9	Si4b2	B4b1	312	313	1	8	294	99	96		40.88889
278	9	Do5	C5	318	318	1	8	294	95	96		41
279	9	Si4b2	B4b1	312	313	1	8	294	99	96	ler 	41.11111
280	9	La4	A4	305	305	1	4	588	95	96		41.33333
281	9	La4	A4	305	305	1	8	294	95	96	ka	41.44444
282	9	Si4b2	B4b1	312	313	1	8	294	99	96	nar  	41.55556
283	9	La4	A4	305	305	1	8	294	99	96		41.66667
284	9	Si4b2	B4b1	312	313	3	8	882	95	96		42
285	53			0	0	0	0	0	0	0		42
286	9	Si4b2	B4b1	312	313	1	4	588	95	96	Kan	42.22222
287	9	Si4b2	B4b1	312	313	1	4	588	95	96	dil	42.44444
288	9	Re5b3	D5b4	324	323	1	4	588	95	96	ler 	42.66667
289	9	Do5	C5	318	318	1	4	588	99	96	şav	42.88889
290	9	Si4b2	B4b1	312	313	1	8	294	95	96		43
291	9	Do5	C5	318	318	1	4	588	95	96	kı	43.22222
292	9	Si4b2	B4b1	312	313	1	8	294	95	96	na 	43.33333
293	9	La4	A4	305	305	1	8	294	95	96		43.44444
294	9	La4	A4	305	305	1	8	294	99	96	bül	43.55556
295	9	Si4b2	B4b1	312	313	1	8	294	95	96		43.66667
296	9	Do5	C5	318	318	1	8	294	99	96	bül	43.77778
297	9	Si4b2	B4b1	312	313	1	8	294	99	96		43.88889
298	9	Do5	C5	318	318	1	8	294	95	96		44
299	9	Si4b2	B4b1	312	313	1	8	294	99	96	ler 	44.11111
300	9	La4	A4	305	305	1	4	588	95	96		44.33333
301	9	La4	A4	305	305	1	8	294	95	96	ka	44.44444
302	9	La4	A4	305	305	1	4	588	95	96	nar  	44.66667
303	9	Do5	C5	318	318	1	16	147	95	96	SAZ 	44.72222
304	9	Re5b3	D5b4	324	323	1	16	147	95	96	.	44.77778
305	9	Do5	C5	318	318	1	16	147	95	96	.	44.83333
306	9	Si4b2	B4b1	312	313	1	16	147	95	96	.	44.88889
307	9	La4	A4	305	305	1	16	147	95	96	.	44.94444
308	9	Si4b2	B4b1	312	313	1	16	147	95	96	.	45
309	9	Do5	C5	318	318	1	4	588	95	96	.	45.22222
310	9	Do5	C5	318	318	1	8	294	95	96	İn	45.33333
311	9	Do5	C5	318	318	1	8	294	95	96	san 	45.44444
312	9	Do5	C5	318	318	1	4	588	95	96	sev	45.66667
313	9	Do5	C5	318	318	1	4	588	99	96	di	45.88889
314	9	Re5b3	D5b4	324	323	1	8	294	95	96		46
315	9	Mi5	E5	336	336	1	8	294	99	96	ği	46.11111
316	9	Re5b3	D5b4	324	323	1	8	294	95	96		46.22222
317	9	Re5b3	D5b4	324	323	1	8	294	99	96	ne 	46.33333
318	9	Do5	C5	318	318	1	8	294	95	96		46.44444
319	9	Do5	C5	318	318	1	8	294	99	96	böy	46.55556
320	9	Re5b3	D5b4	324	323	1	8	294	95	96		46.66667
321	9	Do5	C5	318	318	1	4	588	99	96	le 	46.88889
322	9	Si4b2	B4b1	312	313	1	8	294	95	96		47
323	9			-1	-1	1	4	588	100	0		47.22222
324	9	Si4b2	B4b1	312	313	1	8	294	95	96	mi 	47.33333
325	9	Si4b2	B4b1	312	313	1	8	294	95	96	ya	47.44444
326	9	Re5b3	D5b4	324	323	1	4	588	99	96	nar  	47.66667
327	9	Do5	C5	318	318	1	4	588	99	96		47.88889
328	9	Si4b2	B4b1	312	313	1	8	294	95	96		48
329	53			0	0	0	0	0	0	0		48
330	9	Si4b2	B4b1	312	313	1	8	294	95	96	Sü	48.11111
331	9	Si4b2	B4b1	312	313	3	8	882	95	96	rü	48.44444
332	9	Re5b3	D5b4	324	323	1	4	588	95	96	den 	48.66667
333	9	Do5	C5	318	318	1	4	588	99	96	ay	48.88889
334	9	Si4b2	B4b1	312	313	1	8	294	95	96		49
335	9	Do5	C5	318	318	1	4	588	95	96	rı	49.22222
336	9	Si4b2	B4b1	312	313	1	8	294	95	96	lan 	49.33333
337	9	La4	A4	305	305	1	8	294	95	96		49.44444
338	9	La4	A4	305	305	1	8	294	99	96	sür	49.55556
339	9	Si4b2	B4b1	312	313	1	8	294	95	96		49.66667
340	9	Do5	C5	318	318	1	8	294	99	96	me	49.77778
341	9	Si4b2	B4b1	312	313	1	8	294	99	96		49.88889
342	9	Do5	C5	318	318	1	8	294	95	96		50
343	9	Si4b2	B4b1	312	313	1	8	294	95	96	li 	50.11111
344	9	La4	A4	305	305	3	8	882	95	96	ko	50.44444
345	9	Si4b2	B4b1	312	313	1	8	294	99	96	yun	50.55556
346	9	La4	A4	305	305	1	8	294	99	96		50.66667
347	9	Si4b2	B4b1	312	313	3	8	882	95	96		51
348	53			0	0	0	0	0	0	0		51
349	9	Si4b2	B4b1	312	313	1	8	294	95	96	Şa	51.11111
350	9	Si4b2	B4b1	312	313	3	8	882	95	96	fak	51.44444
351	9	Re5b3	D5b4	324	323	1	4	588	95	96	lar 	51.66667
352	9	Do5	C5	318	318	1	4	588	99	96	a	51.88889
353	9	Si4b2	B4b1	312	313	1	8	294	95	96		52
354	9	Do5	C5	318	318	1	4	588	95	96	tı	52.22222
355	9	Si4b2	B4b1	312	313	1	8	294	99	96	yor 	52.33333
356	9	La4	A4	305	305	1	8	294	95	96		52.44444
357	9	La4	A4	305	305	1	8	294	99	96	gel 	52.55556
358	9	Si4b2	B4b1	312	313	1	8	294	95	96		52.66667
359	9	Do5	C5	318	318	1	8	294	99	96	yâ	52.77778
360	9	Si4b2	B4b1	312	313	1	8	294	99	96		52.88889
361	9	Do5	C5	318	318	1	8	294	95	96		53
362	9	Si4b2	B4b1	312	313	1	8	294	95	96	rim_	53.11111
363	9	La4	A4	305	305	3	8	882	95	96	u	53.44444
364	9	La4	A4	305	305	1	4	588	95	96	yu 	53.66667
365	9			-1	-1	1	4	588	100	0		53.88889
366	9			-1	-1	1	8	294	100	0		54
367	53			0	0	0	0	0	0	0		54
368	9	Si4b2	B4b1	312	313	1	8	294	95	96	Sü	54.11111
369	9	Si4b2	B4b1	312	313	3	8	882	95	96	rü	54.44444
370	9	Re5b3	D5b4	324	323	1	4	588	95	96	den 	54.66667
371	9	Do5	C5	318	318	1	4	588	99	96	ay	54.88889
372	9	Si4b2	B4b1	312	313	1	8	294	95	96		55
373	9	Do5	C5	318	318	1	4	588	95	96	rı	55.22222
374	9	Si4b2	B4b1	312	313	1	8	294	95	96	lan 	55.33333
375	9	La4	A4	305	305	1	8	294	95	96		55.44444
376	9	La4	A4	305	305	1	8	294	99	96	sür	55.55556
377	9	Si4b2	B4b1	312	313	1	8	294	95	96		55.66667
378	9	Do5	C5	318	318	1	8	294	99	96	me	55.77778
379	9	Si4b2	B4b1	312	313	1	8	294	99	96		55.88889
380	9	Do5	C5	318	318	1	8	294	95	96		56
381	9	Si4b2	B4b1	312	313	1	8	294	95	96	li 	56.11111
382	9	La4	A4	305	305	3	8	882	95	96	ko	56.44444
383	9	Si4b2	B4b1	312	313	1	8	294	99	96	yun	56.55556
384	9	La4	A4	305	305	1	8	294	99	96		56.66667
385	9	Si4b2	B4b1	312	313	3	8	882	95	96		57
386	53			0	0	0	0	0	0	0		57
387	9	Si4b2	B4b1	312	313	1	8	294	95	96	Şa	57.11111
388	9	Si4b2	B4b1	312	313	3	8	882	95	96	fak	57.44444
389	9	Re5b3	D5b4	324	323	1	4	588	95	96	lar 	57.66667
390	9	Do5	C5	318	318	1	4	588	99	96	a	57.88889
391	9	Si4b2	B4b1	312	313	1	8	294	95	96		58
392	9	Do5	C5	318	318	1	4	588	95	96	tı	58.22222
393	9	Si4b2	B4b1	312	313	1	8	294	99	96	yor 	58.33333
394	9	La4	A4	305	305	1	8	294	95	96		58.44444
395	9	La4	A4	305	305	1	8	294	99	96	gel 	58.55556
396	9	Si4b2	B4b1	312	313	1	8	294	95	96		58.66667
397	9	Do5	C5	318	318	1	8	294	99	96	yâ	58.77778
398	9	Si4b2	B4b1	312	313	1	8	294	99	96		58.88889
399	9	Do5	C5	318	318	1	8	294	95	96		59
400	9	Si4b2	B4b1	312	313	1	8	294	95	96	rim_	59.11111
401	9	La4	A4	305	305	3	8	882	95	96	u	59.44444
402	9	La4	A4	305	305	1	4	588	95	96	yu 	59.66667
403	9			-1	-1	1	4	588	100	0		59.88889
404	9			-1	-1	1	8	294	100	0		60
405	53			0	0	0	0	0	0	0		60
