Sýra	Kod	Nota53	NotaAE	Koma53	KomaAE	Pay	Payda	Ms	LNS	Bas	Soz1	Offset
1	9	Si4b1	B4b1	313	313	1	2	1176	95	96	(Ah) 	0.3333333
2	9	Mi5b1	E5b1	335	335	1	4	588	95	96	tû	0.5
3	9	Re5	D5	327	327	1	4	588	95	96	tî 	0.6666667
4	9	Do5	C5	318	318	3	8	882	99	96	i 	0.9166667
5	9	Si4b1	B4b1	313	313	1	8	294	95	96		1
6	9	Si4b1	B4b1	313	313	1	4	588	99	96	mû	1.166667
7	8	Do5	C5	318	318	0	0	0	99	96		1.166667
8	9	Si4b1	B4b1	313	313	1	8	294	99	96		1.25
9	9	La4#4	A4#4	309	309	1	8	294	95	96		1.333333
10	9	Sol4	G4	296	296	1	4	588	95	96	ci	1.5
11	9	La4#4	A4#4	309	309	1	4	588	95	96	ze 	1.666667
12	9	Si4b1	B4b1	313	313	1	2	1176	95	96	gû	2
13	53			0	0	0	0	0	0	0		2
14	9			-1	-1	1	4	588	100	0		2.166667
15	9	La4	A4	305	305	1	4	588	95	96	yem 	2.333333
16	9	Si4b2	B4b1	312	313	1	4	588	95	96	ne 	2.5
17	9	Do5	C5	318	318	1	4	588	95	96	de	2.666667
18	9	Re5	D5	327	327	1	2	1176	95	96	sem 	3
19	9	Re5	D5	327	327	1	2	1176	99	96	laf 	3.333333
20	9	Do5	C5	318	318	1	4	588	95	96		3.5
21	9	Mi5b1	E5b1	335	335	1	4	588	95	96	de	3.666667
22	9	Re5	D5	327	327	1	16	147	99	96	ðil  	3.708333
23	9	Do5	C5	318	318	1	16	147	99	96		3.75
24	9	Re5	D5	327	327	1	16	147	99	96		3.791667
25	9	Mi5b1	E5b1	335	335	1	16	147	99	96		3.833333
26	9	Re5	D5	327	327	1	8	294	99	96		3.916667
27	9	Do5	C5	318	318	1	8	294	95	96		4
28	9	Si4b1	B4b1	313	313	1	2	1176	95	96	(Ah) 	4.333333
29	9	Mi5b1	E5b1	335	335	1	4	588	95	96	tû	4.5
30	9	Re5	D5	327	327	1	4	588	95	96	tî 	4.666667
31	9	Do5	C5	318	318	3	8	882	99	96	i 	4.916667
32	9	Si4b1	B4b1	313	313	1	8	294	95	96		5
33	9	Si4b1	B4b1	313	313	1	4	588	99	96	mû	5.166667
34	8	Do5	C5	318	318	0	0	0	99	96		5.166667
35	9	Si4b1	B4b1	313	313	1	8	294	99	96		5.25
36	9	La4#4	A4#4	309	309	1	8	294	95	96		5.333333
37	9	Sol4	G4	296	296	1	4	588	95	96	ci	5.5
38	9	La4#4	A4#4	309	309	1	4	588	95	96	ze 	5.666667
39	9	Si4b1	B4b1	313	313	1	2	1176	95	96	gû	6
40	53			0	0	0	0	0	0	0		6
41	9			-1	-1	1	4	588	100	0		6.166667
42	9	La4	A4	305	305	1	4	588	95	96	yem 	6.333333
43	9	Si4b2	B4b1	312	313	1	4	588	95	96	ne 	6.5
44	9	Do5	C5	318	318	1	4	588	95	96	de	6.666667
45	9	Re5	D5	327	327	1	2	1176	95	96	sem 	7
46	9	Re5	D5	327	327	1	2	1176	99	96	laf 	7.333333
47	9	Do5	C5	318	318	1	4	588	95	96		7.5
48	9	Mi5b1	E5b1	335	335	1	4	588	95	96	de	7.666667
49	9	Re5	D5	327	327	1	16	147	99	96	ðil  	7.708333
50	9	Do5	C5	318	318	1	16	147	99	96		7.75
51	9	Re5	D5	327	327	1	16	147	99	96		7.791667
52	9	Mi5b1	E5b1	335	335	1	16	147	99	96		7.833333
53	9	Re5	D5	327	327	1	8	294	99	96		7.916667
54	9	Do5	C5	318	318	1	8	294	95	96		8
55	9	Si4b1	B4b1	313	313	1	2	1176	95	96		8.333333
56	53			0	0	0	0	0	0	0		8.333333
57	9	Mi5b1	E5b1	335	335	1	4	588	95	96	Be	8.5
58	9	Re5	D5	327	327	1	4	588	95	96	li 	8.666667
59	9	Do5	C5	318	318	3	8	882	99	96	yâ	8.916667
60	9	Si4b1	B4b1	313	313	1	8	294	95	96		9
61	9	Si4b1	B4b1	313	313	1	4	588	99	96	rim 	9.166667
62	8	Do5	C5	318	318	0	0	0	99	96		9.166667
63	9	Si4b1	B4b1	313	313	1	8	294	99	96		9.25
64	9	La4#4	A4#4	309	309	1	8	294	95	96		9.333333
65	9	Sol4	G4	296	296	1	4	588	95	96	be	9.5
66	9	La4#4	A4#4	309	309	1	4	588	95	96	li 	9.666667
67	9	Si4b1	B4b1	313	313	1	2	1176	95	96	dost  	10
68	53			0	0	0	0	0	0	0		10
69	9			-1	-1	1	2	1176	100	0		10.33333
70	9	Mi5b1	E5b1	335	335	1	4	588	95	96	Be	10.5
71	9	Re5	D5	327	327	1	4	588	95	96	li 	10.66667
72	9	Do5	C5	318	318	3	8	882	99	96	mî	10.91667
73	9	Si4b1	B4b1	313	313	1	8	294	95	96		11
74	9	Si4b1	B4b1	313	313	1	4	588	99	96	rim 	11.16667
75	8	Do5	C5	318	318	0	0	0	99	96		11.16667
76	9	Si4b1	B4b1	313	313	1	8	294	99	96		11.25
77	9	La4#4	A4#4	309	309	1	8	294	95	96		11.33333
78	9	Sol4	G4	296	296	1	4	588	95	96	be	11.5
79	9	La4#4	A4#4	309	309	1	4	588	95	96	li 	11.66667
80	9	Si4b1	B4b1	313	313	1	2	1176	95	96	dost  	12
81	9			-1	-1	1	2	1176	100	0		12.33333
82	53			0	0	0	0	0	0	0		12.33333
83	9	Re5	D5	327	327	1	8	294	99	96	Be	12.41667
84	9	Do5	C5	318	318	1	8	294	95	96		12.5
85	9	Si4b1	B4b1	313	313	1	8	294	99	96	li 	12.58333
86	9	Do5	C5	318	318	1	8	294	95	96		12.66667
87	9	Re5	D5	327	327	1	2	1176	95	96	öm	13
88	9	Re5	D5	327	327	1	2	1176	95	96	rüm 	13.33333
89	9	Re5	D5	327	327	1	8	294	99	96	be	13.41667
90	9	Do5	C5	318	318	1	8	294	95	96		13.5
91	9	Do5	C5	318	318	1	8	294	99	96	li 	13.58333
92	9	Si4b1	B4b1	313	313	1	8	294	95	96		13.66667
93	9	Mi5b1	E5b1	335	335	2	4	1176	99	96	dost  	14
94	53			0	0	0	0	0	0	0		14
95	9	Mi5b1	E5b1	335	335	1	4	588	99	96		14.16667
96	8	Fa5	F5	340	340	0	0	0	99	96		14.16667
97	9	Mi5b1	E5b1	335	335	1	8	294	99	96		14.25
98	9	Re5	D5	327	327	1	8	294	99	96		14.33333
99	9	Re5	D5	327	327	1	4	588	99	96		14.5
100	8	Mi5b1	E5b1	335	335	0	0	0	99	96		14.5
101	9	Re5	D5	327	327	1	8	294	99	96		14.58333
102	9	Do5	C5	318	318	1	8	294	99	96		14.66667
103	9	Do5	C5	318	318	1	4	588	99	96		14.83333
104	8	Re5	D5	327	327	0	0	0	99	96		14.83333
105	9	Do5	C5	318	318	1	8	294	99	96		14.91667
106	9	Si4b1	B4b1	313	313	1	8	294	99	96		15
107	9	Si4b1	B4b1	313	313	1	1	2352	95	96		15.66667
108	9			-1	-1	1	2	1176	100	0		16
109	53			0	0	0	0	0	0	0		16
110	9	Si4b1	B4b1	313	313	1	2	1176	95	96	(Ah) 	16.33333
111	9	Mi5b1	E5b1	335	335	1	4	588	95	96	tû	16.5
112	9	Re5	D5	327	327	1	4	588	95	96	tî 	16.66667
113	9	Do5	C5	318	318	3	8	882	99	96	i 	16.91667
114	9	Si4b1	B4b1	313	313	1	8	294	95	96		17
115	9	Si4b1	B4b1	313	313	1	4	588	99	96	mû	17.16667
116	8	Do5	C5	318	318	0	0	0	99	96		17.16667
117	9	Si4b1	B4b1	313	313	1	8	294	99	96		17.25
118	9	La4#4	A4#4	309	309	1	8	294	95	96		17.33333
119	9	Sol4	G4	296	296	1	4	588	95	96	ci	17.5
120	9	La4#4	A4#4	309	309	1	4	588	95	96	ze 	17.66667
121	9	Si4b1	B4b1	313	313	1	2	1176	95	96	gû	18
122	53			0	0	0	0	0	0	0		18
123	9			-1	-1	1	4	588	100	0		18.16667
124	9	La4	A4	305	305	1	4	588	95	96	yem 	18.33333
125	9	Si4b2	B4b1	312	313	1	4	588	95	96	ne 	18.5
126	9	Do5	C5	318	318	1	4	588	95	96	de	18.66667
127	9	Re5	D5	327	327	1	2	1176	95	96	sem 	19
128	9	Re5	D5	327	327	1	2	1176	99	96	laf 	19.33333
129	9	Do5	C5	318	318	1	4	588	95	96		19.5
130	9	Mi5b1	E5b1	335	335	1	4	588	95	96	de	19.66667
131	9	Re5	D5	327	327	1	16	147	99	96	ðil  	19.70833
132	9	Do5	C5	318	318	1	16	147	99	96		19.75
133	9	Re5	D5	327	327	1	16	147	99	96		19.79167
134	9	Mi5b1	E5b1	335	335	1	16	147	99	96		19.83333
135	9	Re5	D5	327	327	1	8	294	99	96		19.91667
136	9	Do5	C5	318	318	1	8	294	95	96		20
137	9	Si4b1	B4b1	313	313	1	2	1176	95	96	(Ah) 	20.33333
138	9	Mi5b1	E5b1	335	335	1	4	588	95	96	tû	20.5
139	9	Re5	D5	327	327	1	4	588	95	96	tî 	20.66667
140	9	Do5	C5	318	318	3	8	882	99	96	i 	20.91667
141	9	Si4b1	B4b1	313	313	1	8	294	95	96		21
142	9	Si4b1	B4b1	313	313	1	4	588	99	96	mû	21.16667
143	8	Do5	C5	318	318	0	0	0	99	96		21.16667
144	9	Si4b1	B4b1	313	313	1	8	294	99	96		21.25
145	9	La4#4	A4#4	309	309	1	8	294	95	96		21.33333
146	9	Sol4	G4	296	296	1	4	588	95	96	ci	21.5
147	9	La4#4	A4#4	309	309	1	4	588	95	96	ze 	21.66667
148	9	Si4b1	B4b1	313	313	1	2	1176	95	96	gû	22
149	53			0	0	0	0	0	0	0		22
150	9			-1	-1	1	4	588	100	0		22.16667
151	9	La4	A4	305	305	1	4	588	95	96	yem 	22.33333
152	9	Si4b2	B4b1	312	313	1	4	588	95	96	ne 	22.5
153	9	Do5	C5	318	318	1	4	588	95	96	de	22.66667
154	9	Re5	D5	327	327	1	2	1176	95	96	sem 	23
155	9	Re5	D5	327	327	1	2	1176	99	96	laf 	23.33333
156	9	Do5	C5	318	318	1	4	588	95	96		23.5
157	9	Mi5b1	E5b1	335	335	1	4	588	95	96	de	23.66667
158	9	Re5	D5	327	327	1	16	147	99	96	ðil  	23.70833
159	9	Do5	C5	318	318	1	16	147	99	96		23.75
160	9	Re5	D5	327	327	1	16	147	99	96		23.79167
161	9	Mi5b1	E5b1	335	335	1	16	147	99	96		23.83333
162	9	Re5	D5	327	327	1	8	294	99	96		23.91667
163	9	Do5	C5	318	318	1	8	294	95	96		24
164	9	Si4b1	B4b1	313	313	1	2	1176	95	96		24.33333
165	53			0	0	0	0	0	0	0		24.33333
166	9	Mi5b1	E5b1	335	335	1	4	588	95	96	Be	24.5
167	9	Re5	D5	327	327	1	4	588	95	96	li 	24.66667
168	9	Do5	C5	318	318	3	8	882	99	96	yâ	24.91667
169	9	Si4b1	B4b1	313	313	1	8	294	95	96		25
170	9	Si4b1	B4b1	313	313	1	4	588	99	96	rim 	25.16667
171	8	Do5	C5	318	318	0	0	0	99	96		25.16667
172	9	Si4b1	B4b1	313	313	1	8	294	99	96		25.25
173	9	La4#4	A4#4	309	309	1	8	294	95	96		25.33333
174	9	Sol4	G4	296	296	1	4	588	95	96	be	25.5
175	9	La4#4	A4#4	309	309	1	4	588	95	96	li 	25.66667
176	9	Si4b1	B4b1	313	313	1	2	1176	95	96	dost  	26
177	53			0	0	0	0	0	0	0		26
178	9			-1	-1	1	2	1176	100	0		26.33333
179	9	Mi5b1	E5b1	335	335	1	4	588	95	96	Be	26.5
180	9	Re5	D5	327	327	1	4	588	95	96	li 	26.66667
181	9	Do5	C5	318	318	3	8	882	99	96	mî	26.91667
182	9	Si4b1	B4b1	313	313	1	8	294	95	96		27
183	9	Si4b1	B4b1	313	313	1	4	588	99	96	rim 	27.16667
184	8	Do5	C5	318	318	0	0	0	99	96		27.16667
185	9	Si4b1	B4b1	313	313	1	8	294	99	96		27.25
186	9	La4#4	A4#4	309	309	1	8	294	95	96		27.33333
187	9	Sol4	G4	296	296	1	4	588	95	96	be	27.5
188	9	La4#4	A4#4	309	309	1	4	588	95	96	li 	27.66667
189	9	Si4b1	B4b1	313	313	1	2	1176	95	96	dost  	28
190	9			-1	-1	1	2	1176	100	0		28.33333
191	53			0	0	0	0	0	0	0		28.33333
192	9	Re5	D5	327	327	1	8	294	99	96	Be	28.41667
193	9	Do5	C5	318	318	1	8	294	95	96		28.5
194	9	Si4b1	B4b1	313	313	1	8	294	99	96	li 	28.58333
195	9	Do5	C5	318	318	1	8	294	95	96		28.66667
196	9	Re5	D5	327	327	1	2	1176	95	96	öm	29
197	9	Re5	D5	327	327	1	2	1176	95	96	rüm 	29.33333
198	9	Re5	D5	327	327	1	8	294	99	96	be	29.41667
199	9	Do5	C5	318	318	1	8	294	95	96		29.5
200	9	Do5	C5	318	318	1	8	294	99	96	li 	29.58333
201	9	Si4b1	B4b1	313	313	1	8	294	95	96		29.66667
202	9	Mi5b1	E5b1	335	335	2	4	1176	99	96	dost  	30
203	53			0	0	0	0	0	0	0		30
204	9	Mi5b1	E5b1	335	335	1	4	588	99	96		30.16667
205	8	Fa5	F5	340	340	0	0	0	99	96		30.16667
206	9	Mi5b1	E5b1	335	335	1	8	294	99	96		30.25
207	9	Re5	D5	327	327	1	8	294	99	96		30.33333
208	9	Re5	D5	327	327	1	4	588	99	96		30.5
209	8	Mi5b1	E5b1	335	335	0	0	0	99	96		30.5
210	9	Re5	D5	327	327	1	8	294	99	96		30.58333
211	9	Do5	C5	318	318	1	8	294	99	96		30.66667
212	9	Do5	C5	318	318	1	4	588	99	96		30.83333
213	8	Re5	D5	327	327	0	0	0	99	96		30.83333
214	9	Do5	C5	318	318	1	8	294	99	96		30.91667
215	9	Si4b1	B4b1	313	313	1	8	294	99	96		31
216	9	Si4b1	B4b1	313	313	1	1	2352	95	96		31.66667
217	9			-1	-1	1	2	1176	100	0		32
218	53			0	0	0	0	0	0	0		32
219	9	Fa5#4	F5#4	344	344	1	2	1176	95	96	(Ah) 	32.33333
220	9	Fa5#4	F5#4	344	344	1	4	588	95	96	ehl_	32.5
221	9	Fa5#4	F5#4	344	344	1	4	588	95	96	i 	32.66667
222	9	Fa5#4	F5#4	344	344	1	2	1176	95	96	dil	33
223	9	Fa5#4	F5#4	344	344	1	8	294	99	96	dir 	33.08333
224	9	Sol5	G5	349	349	1	8	294	99	96		33.16667
225	9	Fa5#4	F5#4	344	344	1	8	294	99	96		33.25
226	9	Mi5b1	E5b1	335	335	1	8	294	95	96		33.33333
227	9	Re5	D5	327	327	1	4	588	95	96	di	33.5
228	9	La5	A5	358	358	1	4	588	95	96	ye	33.66667
229	9	Sol5	G5	349	349	1	4	588	99	96	mem 	33.83333
230	9	Fa5	F5	340	340	1	4	588	99	96		34
231	9	Mi5b1	E5b1	335	335	1	4	588	95	96		34.16667
232	9	Re5	D5	327	327	1	4	588	95	96	sî	34.33333
233	53			0	0	0	0	0	0	0		34.33333
234	9	Re5	D5	327	327	1	4	588	95	96	ne	34.5
235	9	Re5	D5	327	327	1	4	588	95	96	si 	34.66667
236	9	La5	A5	358	358	1	8	294	99	96	saf 	34.75
237	9	Sol5	G5	349	349	1	8	294	99	96		34.83333
238	9	Fa5	F5	340	340	1	8	294	99	96		34.91667
239	9	Mi5b1	E5b1	335	335	1	8	294	95	96		35
240	9	Mi5b1	E5b1	335	335	1	8	294	99	96	ol	35.08333
241	9	Re5	D5	327	327	1	4	588	99	96		35.25
242	9	Do5	C5	318	318	1	8	294	95	96		35.33333
243	9	Re5	D5	327	327	1	8	294	99	96	ma	35.41667
244	9	Do5	C5	318	318	1	8	294	95	96		35.5
245	9	Do5	C5	318	318	1	8	294	99	96	ya	35.58333
246	9	Si4b1	B4b1	313	313	1	8	294	95	96		35.66667
247	9	Si4b1	B4b1	313	313	1	2	1176	95	96	na  	36
248	53			0	0	0	0	0	0	0		36
249	9	Fa5#4	F5#4	344	344	1	2	1176	95	96	(Ah) 	36.33333
250	9	Fa5#4	F5#4	344	344	1	4	588	95	96	ehl_	36.5
251	9	Fa5#4	F5#4	344	344	1	4	588	95	96	i 	36.66667
252	9	Fa5#4	F5#4	344	344	1	2	1176	95	96	dil	37
253	9	Fa5#4	F5#4	344	344	1	8	294	99	96	dir 	37.08333
254	9	Sol5	G5	349	349	1	8	294	99	96		37.16667
255	9	Fa5#4	F5#4	344	344	1	8	294	99	96		37.25
256	9	Mi5b1	E5b1	335	335	1	8	294	95	96		37.33333
257	9	Re5	D5	327	327	1	4	588	95	96	di	37.5
258	9	La5	A5	358	358	1	4	588	95	96	ye	37.66667
259	9	Sol5	G5	349	349	1	4	588	99	96	mem 	37.83333
260	9	Fa5	F5	340	340	1	4	588	99	96		38
261	9	Mi5b1	E5b1	335	335	1	4	588	95	96		38.16667
262	9	Re5	D5	327	327	1	4	588	95	96	sî	38.33333
263	53			0	0	0	0	0	0	0		38.33333
264	9	Re5	D5	327	327	1	4	588	95	96	ne	38.5
265	9	Re5	D5	327	327	1	4	588	95	96	si 	38.66667
266	9	La5	A5	358	358	1	8	294	99	96	saf 	38.75
267	9	Sol5	G5	349	349	1	8	294	99	96		38.83333
268	9	Fa5	F5	340	340	1	8	294	99	96		38.91667
269	9	Mi5b1	E5b1	335	335	1	8	294	95	96		39
270	9	Mi5b1	E5b1	335	335	1	8	294	99	96	ol	39.08333
271	9	Re5	D5	327	327	1	4	588	99	96		39.25
272	9	Do5	C5	318	318	1	8	294	95	96		39.33333
273	9	Re5	D5	327	327	1	8	294	99	96	ma	39.41667
274	9	Do5	C5	318	318	1	8	294	95	96		39.5
275	9	Do5	C5	318	318	1	8	294	99	96	ya	39.58333
276	9	Si4b1	B4b1	313	313	1	8	294	95	96		39.66667
277	9	Si4b1	B4b1	313	313	1	2	1176	95	96	na  	40
278	53			0	0	0	0	0	0	0		40
279	9	Fa5#4	F5#4	344	344	1	2	1176	95	96	Ah 	40.33333
280	9	Fa5#4	F5#4	344	344	1	4	588	95	96	be	40.5
281	9	Fa5#4	F5#4	344	344	1	4	588	95	96	li 	40.66667
282	9	Fa5#4	F5#4	344	344	1	2	1176	95	96	yâ	41
283	9	Fa5#4	F5#4	344	344	1	8	294	99	96	rim 	41.08333
284	9	Sol5	G5	349	349	1	8	294	99	96		41.16667
285	9	Fa5#4	F5#4	344	344	1	8	294	99	96		41.25
286	9	Mi5b1	E5b1	335	335	1	8	294	95	96		41.33333
287	9	Re5	D5	327	327	1	4	588	95	96	be	41.5
288	9	La5	A5	358	358	1	4	588	95	96	li 	41.66667
289	9	Sol5	G5	349	349	1	4	588	99	96	dost 	41.83333
290	9	Fa5	F5	340	340	1	4	588	99	96		42
291	9	Mi5b1	E5b1	335	335	1	4	588	99	96		42.16667
292	9	Re5	D5	327	327	1	4	588	95	96		42.33333
293	53			0	0	0	0	0	0	0		42.33333
294	9	Re5	D5	327	327	1	4	588	95	96	be	42.5
295	9	Re5	D5	327	327	1	4	588	95	96	li 	42.66667
296	9	La5	A5	358	358	1	8	294	99	96	mî	42.75
297	9	Sol5	G5	349	349	1	8	294	99	96		42.83333
298	9	Fa5	F5	340	340	1	8	294	99	96		42.91667
299	9	Mi5b1	E5b1	335	335	1	8	294	95	96		43
300	9	Mi5b1	E5b1	335	335	1	8	294	99	96	rim 	43.08333
301	9	Re5	D5	327	327	1	4	588	99	96		43.25
302	9	Do5	C5	318	318	1	8	294	95	96		43.33333
303	9	Re5	D5	327	327	1	8	294	99	96	be	43.41667
304	9	Do5	C5	318	318	1	8	294	95	96		43.5
305	9	Do5	C5	318	318	1	8	294	99	96	li 	43.58333
306	9	Si4b1	B4b1	313	313	1	8	294	95	96		43.66667
307	9	Si4b1	B4b1	313	313	1	2	1176	95	96	dost  	44
308	53			0	0	0	0	0	0	0		44
309	9			-1	-1	1	2	1176	100	0		44.33333
310	9	Re5	D5	327	327	1	8	294	99	96	Be	44.41667
311	9	Do5	C5	318	318	1	8	294	95	96		44.5
312	9	Si4b1	B4b1	313	313	1	8	294	99	96	li 	44.58333
313	9	Do5	C5	318	318	1	8	294	95	96		44.66667
314	9	Re5	D5	327	327	1	2	1176	95	96	öm	45
315	9	Re5	D5	327	327	1	2	1176	95	96	rüm 	45.33333
316	9	Re5	D5	327	327	1	8	294	99	96	be	45.41667
317	9	Do5	C5	318	318	1	8	294	95	96		45.5
318	9	Do5	C5	318	318	1	8	294	99	96	li 	45.58333
319	9	Si4b1	B4b1	313	313	1	8	294	95	96		45.66667
320	9	Mi5b1	E5b1	335	335	2	4	1176	99	96	dost  	46
321	53			0	0	0	0	0	0	0		46
322	9	Mi5b1	E5b1	335	335	1	4	588	99	96		46.16667
323	8	Fa5	F5	340	340	0	0	0	99	96		46.16667
324	9	Mi5b1	E5b1	335	335	1	8	294	99	96		46.25
325	9	Re5	D5	327	327	1	8	294	99	96		46.33333
326	9	Re5	D5	327	327	1	4	588	99	96		46.5
327	8	Mi5b1	E5b1	335	335	0	0	0	99	96		46.5
328	9	Re5	D5	327	327	1	8	294	99	96		46.58333
329	9	Do5	C5	318	318	1	8	294	99	96		46.66667
330	9	Do5	C5	318	318	1	4	588	99	96		46.83333
331	8	Re5	D5	327	327	0	0	0	99	96		46.83333
332	9	Do5	C5	318	318	1	8	294	99	96		46.91667
333	9	Si4b1	B4b1	313	313	1	8	294	99	96		47
334	9	Si4b1	B4b1	313	313	1	1	2352	95	96		47.66667
335	9			-1	-1	1	2	1176	100	0		48
336	53			0	0	0	0	0	0	0		48
337	9	Si4b1	B4b1	313	313	1	2	1000	95	96	(Ah) 	48.33333
338	9	Mi5b1	E5b1	335	335	1	4	500	95	96	ehl_	48.5
339	9	Re5	D5	327	327	1	4	500	95	96	i 	48.66667
340	9	Do5	C5	318	318	3	8	750	99	96	dil 	48.91667
341	9	Si4b1	B4b1	313	313	1	8	250	95	96		49
342	9	Si4b1	B4b1	313	313	1	4	500	99	96	bir	49.16667
343	8	Do5	C5	318	318	0	0	0	99	96		49.16667
344	9	Si4b1	B4b1	313	313	1	8	250	99	96		49.25
345	9	La4#4	A4#4	309	309	1	8	250	95	96		49.33333
346	9	Sol4	G4	296	296	1	4	500	95	96	bi	49.5
347	9	La4#4	A4#4	309	309	1	4	500	95	96	ri	49.66667
348	9	Si4b1	B4b1	313	313	1	2	1000	95	96	ni 	50
349	53			0	0	0	0	0	0	0		50
350	9			-1	-1	1	4	500	100	0		50.16667
351	9	La4	A4	305	305	1	4	500	95	96	bil	50.33333
352	9	Si4b2	B4b1	312	313	1	4	500	95	96	me	50.5
353	9	Do5	C5	318	318	1	4	500	95	96	mek 	50.66667
354	9	Re5	D5	327	327	1	2	1000	95	96	in	51
355	9	Re5	D5	327	327	1	2	1000	99	96	saf 	51.33333
356	9	Do5	C5	318	318	1	4	500	95	96		51.5
357	9	Mi5b1	E5b1	335	335	1	4	500	95	96	de	51.66667
358	9	Re5	D5	327	327	1	4	500	99	96	ðil  	51.83333
359	8	Mi5b1	E5b1	335	335	0	0	0	99	96		51.83333
360	9	Re5	D5	327	327	1	8	250	99	96		51.91667
361	9	Do5	C5	318	318	1	8	250	95	96		52
362	9	Si4b1	B4b1	313	313	1	2	1000	95	96	(Ah) 	52.33333
363	9	Mi5b1	E5b1	335	335	1	4	500	95	96	ehl_	52.5
364	9	Re5	D5	327	327	1	4	500	95	96	i 	52.66667
365	9	Do5	C5	318	318	3	8	750	99	96	dil 	52.91667
366	9	Si4b1	B4b1	313	313	1	8	250	95	96		53
367	9	Si4b1	B4b1	313	313	1	4	500	99	96	bir	53.16667
368	8	Do5	C5	318	318	0	0	0	99	96		53.16667
369	9	Si4b1	B4b1	313	313	1	8	250	99	96		53.25
370	9	La4#4	A4#4	309	309	1	8	250	95	96		53.33333
371	9	Sol4	G4	296	296	1	4	500	95	96	bi	53.5
372	9	La4#4	A4#4	309	309	1	4	500	95	96	ri	53.66667
373	9	Si4b1	B4b1	313	313	1	2	1000	95	96	ni 	54
374	53			0	0	0	0	0	0	0		54
375	9			-1	-1	1	4	500	100	0		54.16667
376	9	La4	A4	305	305	1	4	500	95	96	bil	54.33333
377	9	Si4b2	B4b1	312	313	1	4	500	95	96	me	54.5
378	9	Do5	C5	318	318	1	4	500	95	96	mek 	54.66667
379	9	Re5	D5	327	327	1	2	1000	95	96	in	55
380	9	Re5	D5	327	327	1	2	1000	99	96	saf 	55.33333
381	9	Do5	C5	318	318	1	4	500	95	96		55.5
382	9	Mi5b1	E5b1	335	335	1	4	500	95	96	de	55.66667
383	9	Re5	D5	327	327	1	4	500	99	96	ðil  	55.83333
384	8	Mi5b1	E5b1	335	335	0	0	0	99	96		55.83333
385	9	Re5	D5	327	327	1	8	250	99	96		55.91667
386	9	Do5	C5	318	318	1	8	250	95	96		56
387	9	Si4b1	B4b1	313	313	1	2	1000	95	96		56.33333
388	53			0	0	0	0	0	0	0		56.33333
389	9	Mi5b1	E5b1	335	335	1	4	500	95	96	Be	56.5
390	9	Re5	D5	327	327	1	4	500	95	96	li 	56.66667
391	9	Do5	C5	318	318	3	8	750	99	96	yâ	56.91667
392	9	Si4b1	B4b1	313	313	1	8	250	95	96		57
393	9	Si4b1	B4b1	313	313	1	4	500	99	96	rim 	57.16667
394	8	Do5	C5	318	318	0	0	0	99	96		57.16667
395	9	Si4b1	B4b1	313	313	1	8	250	99	96		57.25
396	9	La4#4	A4#4	309	309	1	8	250	95	96		57.33333
397	9	Sol4	G4	296	296	1	4	500	95	96	be	57.5
398	9	La4#4	A4#4	309	309	1	4	500	95	96	li 	57.66667
399	9	Si4b1	B4b1	313	313	1	2	1000	95	96	dost  	58
400	53			0	0	0	0	0	0	0		58
401	9			-1	-1	1	2	1053	100	0		58.33333
402	9	Mi5b1	E5b1	335	335	1	4	526	95	96	Be	58.5
403	9	Re5	D5	327	327	1	4	526	95	96	li 	58.66667
404	9	Do5	C5	318	318	3	8	789	99	96	mî	58.91667
405	9	Si4b1	B4b1	313	313	1	8	263	95	96		59
406	9	Si4b1	B4b1	313	313	1	4	526	99	96	rim 	59.16667
407	8	Do5	C5	318	318	0	0	0	99	96		59.16667
408	9	Si4b1	B4b1	313	313	1	8	263	99	96		59.25
409	9	La4#4	A4#4	309	309	1	8	263	95	96		59.33333
410	9	Sol4	G4	296	296	1	4	526	95	96	be	59.5
411	9	La4#4	A4#4	309	309	1	4	526	95	96	li 	59.66667
412	9	Si4b1	B4b1	313	313	1	2	1053	95	96	dost  	60
413	53			0	0	0	0	0	0	0		60
414	9			-1	-1	1	2	1053	100	0		60.33333
415	9	Re5	D5	327	327	1	8	263	99	96	Be	60.41667
416	9	Do5	C5	318	318	1	8	263	95	96		60.5
417	9	Si4b1	B4b1	313	313	1	8	263	99	96	li 	60.58333
418	9	Do5	C5	318	318	1	8	263	95	96		60.66667
419	9	Re5	D5	327	327	1	2	1053	95	96	öm	61
420	9	Re5	D5	327	327	1	2	1053	95	96	rüm 	61.33333
421	9	Re5	D5	327	327	1	8	263	99	96	be	61.41667
422	9	Do5	C5	318	318	1	8	263	95	96		61.5
423	9	Do5	C5	318	318	1	8	263	99	96	li 	61.58333
424	9	Si4b1	B4b1	313	313	1	8	263	95	96		61.66667
425	9	Mi5b1	E5b1	335	335	2	4	1053	99	96	dost  	62
426	53			0	0	0	0	0	0	0		62
427	9	Mi5b1	E5b1	335	335	1	4	526	99	96		62.16667
428	53			0	0	0	0	0	0	0		62.16667
429	8	Fa5	F5	340	340	0	0	0	99	96		62.16667
430	9	Mi5b1	E5b1	335	335	1	8	263	99	96		62.25
431	9	Re5	D5	327	327	1	8	263	99	96		62.33333
432	9	Re5	D5	327	327	1	4	526	99	96		62.5
433	8	Mi5b1	E5b1	335	335	0	0	0	99	96		62.5
434	9	Re5	D5	327	327	1	8	263	99	96		62.58333
435	9	Do5	C5	318	318	1	8	263	99	96		62.66667
436	9	Do5	C5	318	318	1	16	132	99	96		62.70833
437	9	Si4b1	B4b1	313	313	1	16	132	99	96		62.75
438	9	Do5	C5	318	318	1	16	132	99	96		62.79167
439	9	Re5	D5	327	327	1	16	132	99	96		62.83333
440	9	Do5	C5	318	318	1	8	263	99	96		62.91667
441	9	Si4b1	B4b1	313	313	1	8	263	99	96		63
442	9	Si4b1	B4b1	313	313	1	1	2106	95	96		63.66667
443	9			-1	-1	1	2	1053	100	0		64
444	53			0	0	0	0	0	0	0		64
