Sıra	Kod	Nota53	NotaAE	Koma53	KomaAE	Pay	Payda	Ms	LNS	Bas	Soz1	Offset
1	54			0	0	0	0	0	0	0	huzzam@si4b1	0
2	9	Si4b1	B4b1	313	313	3	32	312	95	96	ARANAĞME	4.166667E-02
3	9	La4#4	A4#4	309	309	1	32	104	95	96	.	5.555556E-02
4	9	Sol4	G4	296	296	1	8	417	95	96	.	0.1111111
5	9	La4#4	A4#4	309	309	1	8	417	95	96	.	0.1666667
6	9	Si4b1	B4b1	313	313	1	8	417	95	96	.	0.2222222
7	9	Do5	C5	318	318	1	8	417	95	96	.	0.2777778
8	9	Re5	D5	327	327	1	8	417	95	96	.	0.3333333
9	9	Mi5b2	E5b1	334	335	1	16	208	95	96	.	0.3611111
10	9	Fa5#4	F5#4	344	344	1	16	208	95	96	.	0.3888889
11	9	Mi5b2	E5b1	334	335	1	32	104	95	96	.	0.4027778
12	9	Re5	D5	327	327	1	32	104	95	96	.	0.4166667
13	9	Do5	C5	318	318	1	16	208	95	96	.	0.4444444
14	9	Re5	D5	327	327	1	16	208	95	96	.	0.4722222
15	9	Mi5b2	E5b1	334	335	1	16	208	95	96	.	0.5
16	9	Re5	D5	327	327	1	32	104	95	96	.	0.5138889
17	9	Do5	C5	318	318	1	32	104	95	96	.	0.5277778
18	9	Si4b1	B4b1	313	313	1	16	208	95	96	.	0.5555556
19	9	Do5	C5	318	318	1	16	208	95	96	.	0.5833333
20	9	Re5	D5	327	327	1	16	208	95	96	.	0.6111111
21	9	Do5	C5	318	318	1	32	104	95	96	.	0.625
22	9	Si4b1	B4b1	313	313	1	32	104	95	96	.	0.6388889
23	9	La4#4	A4#4	309	309	1	16	208	95	96	.	0.6666667
24	9	Si4b1	B4b1	313	313	1	4	833	95	96	.	0.7777778
25	9	La4#4	A4#4	309	309	1	16	208	95	96	.	0.8055556
26	9	Si4b1	B4b1	313	313	1	16	208	95	96	.	0.8333333
27	9	Do5	C5	318	318	1	16	208	95	96	.	0.8611111
28	9	La4#4	A4#4	309	309	1	16	208	95	96	.	0.8888889
29	9	Si4b1	B4b1	313	313	1	4	833	95	96	.	1
30	53			0	0	0	0	0	0	0		1
31	9	Do5	C5	318	318	1	16	208	95	96	.	1.027778
32	9	Re5	D5	327	327	1	8	417	95	96	.	1.083333
33	9	Do5	C5	318	318	1	16	208	95	96	.	1.111111
34	9	Si4b1	B4b1	313	313	1	8	417	95	96	.	1.166667
35	9	Do5	C5	318	318	1	8	417	95	96	.	1.222222
36	9	Re5	D5	327	327	1	8	417	95	96	.	1.277778
37	9	Mi5b2	E5b1	334	335	1	8	417	95	96	.	1.333333
38	9	Re5	D5	327	327	1	8	417	95	96	.	1.388889
39	55			0	0	0	0	0	0	0		1.388889
40	54			0	0	0	0	0	0	0	hicaz@re5	1.388889
41	9	La5	A5	358	358	1	16	208	95	96	.	1.416667
42	9	Sol5	G5	349	349	1	16	208	95	96	.	1.444444
43	9	Sol5	G5	349	349	1	16	208	95	96	.	1.472222
44	9	Fa5#4	F5#4	344	344	1	8	417	95	96	.	1.527778
45	9	Mi5b2	E5b1	334	335	1	16	208	95	96	.	1.555556
46	9	Fa5#4	F5#4	344	344	1	16	208	95	96	.	1.583333
47	9	Mi5b2	E5b1	334	335	1	16	208	95	96	.	1.611111
48	9	Mi5b2	E5b1	334	335	1	16	208	95	96	.	1.638889
49	11	Re5	D5	327	327	1	16	208	95	96	.	1.666667
50	9	Re5	D5	327	327	1	4	833	95	96	.	1.777778
51	9	Do5	C5	318	318	1	16	208	95	96	.	1.805556
52	9	Re5	D5	327	327	1	16	208	95	96	.	1.833333
53	9	Mi5b2	E5b1	334	335	1	16	208	95	96	.	1.861111
54	9	Fa5#4	F5#4	344	344	1	16	208	95	96	.	1.888889
55	9	Re5	D5	327	327	1	4	833	95	96	.	2
56	53			0	0	0	0	0	0	0		2
57	9	Do5	C5	318	318	1	16	208	95	96	.	2.027778
58	9	Re5	D5	327	327	1	8	417	95	96	.	2.083333
59	9	Mi5b2	E5b1	334	335	1	16	208	95	96	.	2.111111
60	9	Fa5#4	F5#4	344	344	1	8	417	95	96	.	2.166667
61	9	Sol5	G5	349	349	1	8	417	95	96	.	2.222222
62	9	La5	A5	358	358	1	8	417	95	96	.	2.277778
63	9	Sol5	G5	349	349	1	16	208	95	96	.	2.305556
64	9	Fa5#4	F5#4	344	344	1	16	208	95	96	.	2.333333
65	55			0	0	0	0	0	0	0		2.333333
66	54			0	0	0	0	0	0	0	buselik@sol5	2.333333
67	9	Si5b5	B5b5	362	362	1	8	417	95	96	.	2.388889
68	9	La5	A5	358	358	1	16	208	95	96	.	2.416667
69	9	Sol5	G5	349	349	1	16	208	95	96	.	2.444444
70	55			0	0	0	0	0	0	0		2.444444
71	54			0	0	0	0	0	0	0	hicaz@re5	2.444444
72	9	Sol5	G5	349	349	1	8	417	95	96	.	2.5
73	9	Fa5#4	F5#4	344	344	1	16	208	95	96	.	2.527778
74	9	Mi5b2	E5b1	334	335	1	16	208	95	96	.	2.555556
75	9	La5	A5	358	358	1	8	417	95	96	.	2.611111
76	9	Sol5	G5	349	349	1	16	208	95	96	.	2.638889
77	9	Fa5#4	F5#4	344	344	1	16	208	95	96	.	2.666667
78	9	Fa5#4	F5#4	344	344	1	8	417	95	96	.	2.722222
79	9	Mi5b2	E5b1	334	335	1	16	208	95	96	.	2.75
80	9	Re5	D5	327	327	1	16	208	95	96	.	2.777778
81	55			0	0	0	0	0	0	0		2.777778
82	9	Sol5	G5	349	349	1	8	417	95	96	.	2.833333
83	9	Fa5#4	F5#4	344	344	1	16	208	95	96	.	2.861111
84	9	Mi5b1	E5b1	335	335	1	16	208	95	96	.	2.888889
85	9	Re5	D5	327	327	1	8	417	95	96	.	2.944444
86	9	Do5	C5	318	318	1	8	417	95	96	.	3
87	9	Si4b1	B4b1	313	313	1	16	208	95	96	.	3.027778
88	9	La4#4	A4#4	309	309	1	16	208	95	96	.	3.055556
89	9	Si4b1	B4b1	313	313	1	16	208	95	96	.	3.083333
90	54			0	0	0	0	0	0	0	hicaz@re5	3.083333
91	9	Do5	C5	318	318	1	16	208	95	96	.	3.111111
92	9	Re5	D5	327	327	1	8	417	95	96	.	3.166667
93	9	Mi5b2	E5b1	334	335	1	8	417	95	96	.	3.222222
94	9	Fa5#4	F5#4	344	344	1	16	208	95	96	.	3.25
95	9	Sol5	G5	349	349	1	16	208	95	96	.	3.277778
96	55			0	0	0	0	0	0	0		3.277778
97	54			0	0	0	0	0	0	0	buselik@sol5	3.277778
98	9	La5	A5	358	358	1	16	208	95	96	.	3.305556
99	9	Si5b5	B5b5	362	362	1	16	208	95	96	.	3.333333
100	9	La5	A5	358	358	1	16	208	95	96	.	3.361111
101	9	Sol5	G5	349	349	1	16	208	95	96	.	3.388889
102	55			0	0	0	0	0	0	0		3.388889
103	54			0	0	0	0	0	0	0	huzzam@si4b1	3.388889
104	9	Fa5#4	F5#4	344	344	1	16	208	95	96	.	3.416667
105	9	Mi5b2	E5b1	334	335	1	16	208	95	96	.	3.444444
106	9	Re5	D5	327	327	3	16	625	95	96	.	3.527778
107	9	Do5	C5	318	318	1	16	208	95	96	.	3.555556
108	9	Re5	D5	327	327	1	16	208	95	96	.	3.583333
109	9	Do5	C5	318	318	1	16	208	95	96	.	3.611111
110	9	Do5	C5	318	318	1	16	208	95	96	.	3.638889
111	11	Si4b1	B4b1	313	313	1	16	208	95	96	.	3.666667
112	9	Si4b1	B4b1	313	313	1	4	833	95	96	.	3.777778
113	9	La4#4	A4#4	309	309	1	16	208	95	96	.	3.805556
114	9	Si4b1	B4b1	313	313	1	16	208	95	96	.	3.833333
115	9	Do5	C5	318	318	1	16	208	95	96	.	3.861111
116	9	La4#4	A4#4	309	309	1	16	208	95	96	.	3.888889
117	9	Si4b1	B4b1	313	313	3	16	625	95	96		3.972222
118	9	Do5	C5	318	318	1	16	208	95	96		4
119	55			0	0	0	0	0	0	0		4
120	53			0	0	0	0	0	0	0		4
121	54			0	0	0	0	0	0	0	huzzam@si4b1	4
122	9	Si4b1	B4b1	313	313	3	32	312	95	96	ARANAĞME	4.041667
123	9	La4#4	A4#4	309	309	1	32	104	95	96	.	4.055555
124	9	Sol4	G4	296	296	1	8	417	95	96	.	4.111111
125	9	La4#4	A4#4	309	309	1	8	417	95	96	.	4.166667
126	9	Si4b1	B4b1	313	313	1	8	417	95	96	.	4.222222
127	9	Do5	C5	318	318	1	8	417	95	96	.	4.277778
128	9	Re5	D5	327	327	1	8	417	95	96	.	4.333333
129	9	Mi5b2	E5b1	334	335	1	16	208	95	96	.	4.361111
130	9	Fa5#4	F5#4	344	344	1	16	208	95	96	.	4.388889
131	9	Mi5b2	E5b1	334	335	1	32	104	95	96	.	4.402778
132	9	Re5	D5	327	327	1	32	104	95	96	.	4.416667
133	9	Do5	C5	318	318	1	16	208	95	96	.	4.444445
134	9	Re5	D5	327	327	1	16	208	95	96	.	4.472222
135	9	Mi5b2	E5b1	334	335	1	16	208	95	96	.	4.5
136	9	Re5	D5	327	327	1	32	104	95	96	.	4.513889
137	9	Do5	C5	318	318	1	32	104	95	96	.	4.527778
138	9	Si4b1	B4b1	313	313	1	16	208	95	96	.	4.555555
139	9	Do5	C5	318	318	1	16	208	95	96	.	4.583333
140	9	Re5	D5	327	327	1	16	208	95	96	.	4.611111
141	9	Do5	C5	318	318	1	32	104	95	96	.	4.625
142	9	Si4b1	B4b1	313	313	1	32	104	95	96	.	4.638889
143	9	La4#4	A4#4	309	309	1	16	208	95	96	.	4.666667
144	9	Si4b1	B4b1	313	313	1	4	833	95	96	.	4.777778
145	9	La4#4	A4#4	309	309	1	16	208	95	96	.	4.805555
146	9	Si4b1	B4b1	313	313	1	16	208	95	96	.	4.833333
147	9	Do5	C5	318	318	1	16	208	95	96	.	4.861111
148	9	La4#4	A4#4	309	309	1	16	208	95	96	.	4.888889
149	9	Si4b1	B4b1	313	313	1	4	833	95	96	.	5
150	53			0	0	0	0	0	0	0		5
151	9	Do5	C5	318	318	1	16	208	95	96	.	5.027778
152	9	Re5	D5	327	327	1	8	417	95	96	.	5.083333
153	9	Do5	C5	318	318	1	16	208	95	96	.	5.111111
154	9	Si4b1	B4b1	313	313	1	8	417	95	96	.	5.166667
155	9	Do5	C5	318	318	1	8	417	95	96	.	5.222222
156	9	Re5	D5	327	327	1	8	417	95	96	.	5.277778
157	9	Mi5b2	E5b1	334	335	1	8	417	95	96	.	5.333333
158	9	Re5	D5	327	327	1	8	417	95	96	.	5.388889
159	55			0	0	0	0	0	0	0		5.388889
160	54			0	0	0	0	0	0	0	hicaz@re5	5.388889
161	9	La5	A5	358	358	1	16	208	95	96	.	5.416667
162	9	Sol5	G5	349	349	1	16	208	95	96	.	5.444445
163	9	Sol5	G5	349	349	1	16	208	95	96	.	5.472222
164	9	Fa5#4	F5#4	344	344	1	8	417	95	96	.	5.527778
165	9	Mi5b2	E5b1	334	335	1	16	208	95	96	.	5.555555
166	9	Fa5#4	F5#4	344	344	1	16	208	95	96	.	5.583333
167	9	Mi5b2	E5b1	334	335	1	16	208	95	96	.	5.611111
168	9	Mi5b2	E5b1	334	335	1	16	208	95	96	.	5.638889
169	11	Re5	D5	327	327	1	16	208	95	96	.	5.666667
170	9	Re5	D5	327	327	1	4	833	95	96	.	5.777778
171	9	Do5	C5	318	318	1	16	208	95	96	.	5.805555
172	9	Re5	D5	327	327	1	16	208	95	96	.	5.833333
173	9	Mi5b2	E5b1	334	335	1	16	208	95	96	.	5.861111
174	9	Fa5#4	F5#4	344	344	1	16	208	95	96	.	5.888889
175	9	Re5	D5	327	327	1	4	833	95	96	.	6
176	53			0	0	0	0	0	0	0		6
177	9	Do5	C5	318	318	1	16	208	95	96	.	6.027778
178	9	Re5	D5	327	327	1	8	417	95	96	.	6.083333
179	9	Mi5b2	E5b1	334	335	1	16	208	95	96	.	6.111111
180	9	Fa5#4	F5#4	344	344	1	8	417	95	96	.	6.166667
181	9	Sol5	G5	349	349	1	8	417	95	96	.	6.222222
182	9	La5	A5	358	358	1	8	417	95	96	.	6.277778
183	9	Sol5	G5	349	349	1	16	208	95	96	.	6.305555
184	9	Fa5#4	F5#4	344	344	1	16	208	95	96	.	6.333333
185	55			0	0	0	0	0	0	0		6.333333
186	54			0	0	0	0	0	0	0	buselik@sol5	6.333333
187	9	Si5b5	B5b5	362	362	1	8	417	95	96	.	6.388889
188	9	La5	A5	358	358	1	16	208	95	96	.	6.416667
189	9	Sol5	G5	349	349	1	16	208	95	96	.	6.444445
190	55			0	0	0	0	0	0	0		6.444445
191	54			0	0	0	0	0	0	0	hicaz@re5	6.444445
192	9	Sol5	G5	349	349	1	8	417	95	96	.	6.5
193	9	Fa5#4	F5#4	344	344	1	16	208	95	96	.	6.527778
194	9	Mi5b2	E5b1	334	335	1	16	208	95	96	.	6.555555
195	9	La5	A5	358	358	1	8	417	95	96	.	6.611111
196	9	Sol5	G5	349	349	1	16	208	95	96	.	6.638889
197	9	Fa5#4	F5#4	344	344	1	16	208	95	96	.	6.666667
198	9	Fa5#4	F5#4	344	344	1	8	417	95	96	.	6.722222
199	9	Mi5b2	E5b1	334	335	1	16	208	95	96	.	6.75
200	9	Re5	D5	327	327	1	16	208	95	96	.	6.777778
201	55			0	0	0	0	0	0	0		6.777778
202	9	Sol5	G5	349	349	1	8	417	95	96	.	6.833333
203	9	Fa5#4	F5#4	344	344	1	16	208	95	96	.	6.861111
204	9	Mi5b1	E5b1	335	335	1	16	208	95	96	.	6.888889
205	9	Re5	D5	327	327	1	8	417	95	96	.	6.944445
206	9	Do5	C5	318	318	1	8	417	95	96	.	7
207	9	Si4b1	B4b1	313	313	1	16	208	95	96	.	7.027778
208	9	La4#4	A4#4	309	309	1	16	208	95	96	.	7.055555
209	9	Si4b1	B4b1	313	313	1	16	208	95	96	.	7.083333
210	54			0	0	0	0	0	0	0	hicaz@re5	7.083333
211	9	Do5	C5	318	318	1	16	208	95	96	.	7.111111
212	9	Re5	D5	327	327	1	8	417	95	96	.	7.166667
213	9	Mi5b2	E5b1	334	335	1	8	417	95	96	.	7.222222
214	9	Fa5#4	F5#4	344	344	1	16	208	95	96	.	7.25
215	9	Sol5	G5	349	349	1	16	208	95	96	.	7.277778
216	55			0	0	0	0	0	0	0		7.277778
217	54			0	0	0	0	0	0	0	buselik@sol5	7.277778
218	9	La5	A5	358	358	1	16	208	95	96	.	7.305555
219	9	Si5b5	B5b5	362	362	1	16	208	95	96	.	7.333333
220	9	La5	A5	358	358	1	16	208	95	96	.	7.361111
221	9	Sol5	G5	349	349	1	16	208	95	96	.	7.388889
222	55			0	0	0	0	0	0	0		7.388889
223	54			0	0	0	0	0	0	0	huzzam@si4b1	7.388889
224	9	Fa5#4	F5#4	344	344	1	16	208	95	96	.	7.416667
225	9	Mi5b2	E5b1	334	335	1	16	208	95	96	.	7.444445
226	9	Re5	D5	327	327	3	16	625	95	96	.	7.527778
227	9	Do5	C5	318	318	1	16	208	95	96	.	7.555555
228	9	Re5	D5	327	327	1	16	208	95	96	.	7.583333
229	9	Do5	C5	318	318	1	16	208	95	96	.	7.611111
230	9	Do5	C5	318	318	1	16	208	95	96	.	7.638889
231	11	Si4b1	B4b1	313	313	1	16	208	95	96	.	7.666667
232	9	Si4b1	B4b1	313	313	1	4	833	95	96	.	7.777778
233	9	La4#4	A4#4	309	309	1	16	208	95	96	.	7.805555
234	9	Si4b1	B4b1	313	313	1	16	208	95	96	.	7.833333
235	9	Do5	C5	318	318	1	16	208	95	96	.	7.861111
236	9	La4#4	A4#4	309	309	1	16	208	95	96	.	7.888889
237	9	Si4b1	B4b1	313	313	3	16	625	95	96		7.972222
238	9	Do5	C5	318	318	1	16	208	95	96		8
239	55			0	0	0	0	0	0	0		8
240	53			0	0	0	0	0	0	0		8
241	9	Re5	D5	327	327	1	8	417	95	96		8.055555
242	8	Sol5	G5	349	349	0	0	0	95	96		8.055555
243	9	Fa5	F5	340	340	1	16	208	95	96		8.083333
244	9	Mi5b1	E5b1	335	335	1	16	208	95	96		8.111111
245	9	Re5	D5	327	327	1	16	208	95	96		8.138889
246	9	Do5	C5	318	318	1	16	208	95	96		8.166667
247	9	Si4b1	B4b1	313	313	1	16	208	95	96		8.194445
248	9	La4#4	A4#4	309	309	1	16	208	95	96		8.222222
249	8	La4#4	A4#4	309	309	0	0	0	95	96		8.222222
250	9	Sol4	G4	296	296	1	8	417	95	96		8.277778
251	9	Sol4	G4	296	296	1	4	833	95	96	Ben	8.388889
252	9	La4#4	A4#4	309	309	1	8	417	99	96	siz_	8.444445
253	9	Si4b1	B4b1	313	313	1	2	1667	95	96	ey 	8.666667
254	9	Do5	C5	318	318	1	4	833	99	96	gül 	8.777778
255	54			0	0	0	0	0	0	0	ussak@la4	8.777778
256	9	Re5	D5	327	327	1	4	833	99	96		8.888889
257	9	Do5	C5	318	318	1	8	417	99	96		8.944445
258	9	Si4b2	B4b1	312	313	1	8	417	99	96		9
259	9	Do5	C5	318	318	1	8	417	99	96		9.055555
260	9	Si4b2	B4b1	312	313	1	16	208	99	96		9.083333
261	11	La4	A4	305	305	1	16	208	99	90		9.111111
262	9	La4	A4	305	305	1	4	833	95	96		9.222222
263	55			0	0	0	0	0	0	0		9.222222
264	53			0	0	0	0	0	0	0		9.222222
265	9			-1	-1	1	8	417	100	0		9.277778
266	9	Sol4	G4	296	296	1	4	833	95	96	gül	9.388889
267	9	La4#4	A4#4	309	309	1	8	417	99	96	şen_	9.444445
268	9	Si4b1	B4b1	313	313	1	2	1667	95	96	i 	9.666667
269	9	Do5	C5	318	318	1	8	417	99	96	â	9.722222
270	9	Re5	D5	327	327	1	8	417	99	96		9.777778
271	9	Do5	C5	318	318	1	4	833	99	96		9.888889
272	9	Re5	D5	327	327	1	4	833	99	96		10
273	53			0	0	0	0	0	0	0		10
274	9	Re5	D5	327	327	1	8	417	99	96		10.05556
275	9	Mi5b2	E5b1	334	335	1	4	833	99	96		10.16667
276	9	Re5	D5	327	327	1	16	208	99	96		10.19444
277	9	Do5	C5	318	318	1	16	208	99	96		10.22222
278	9	Do5	C5	318	318	1	8	417	95	96		10.27778
279	9	Re5	D5	327	327	1	4	833	95	96	lem	10.38889
280	9	Mi5b2	E5b1	334	335	1	8	417	95	96	de 	10.44444
281	9	Fa5#4	F5#4	344	344	1	8	417	99	96	mey 	10.5
282	54			0	0	0	0	0	0	0	rast@sol5	10.5
283	9	Sol5	G5	349	349	1	8	417	99	96		10.55556
284	10	La5	A5	358	358	1	8	417	99	96		10.61111
285	8	Si5b5	B5b5	362	362	0	0	0	99	96		10.61111
286	9	La5	A5	358	358	1	16	208	99	96		10.63889
287	10	Sol5	G5	349	349	1	16	208	95	96		10.66667
288	8	La5	A5	358	358	0	0	0	99	96		10.66667
289	9	Sol5	G5	349	349	3	8	1250	99	96	nûş 	10.83333
290	55			0	0	0	0	0	0	0		10.83333
291	9	Sol5	G5	349	349	1	16	208	99	96		10.86111
292	11	Fa5#4	F5#4	344	344	1	16	208	99	96		10.88889
293	9	Fa5#4	F5#4	344	344	3	16	625	99	96		10.97222
294	11	Mi5b2	E5b1	334	335	1	16	208	99	96		11
295	9	Mi5b2	E5b1	334	335	1	8	417	99	96		11.05556
296	9	Re5	D5	327	327	1	4	833	99	96		11.16667
297	9	Do5	C5	318	318	1	8	417	95	96		11.22222
298	9			-1	-1	1	8	417	100	0		11.27778
299	53			0	0	0	0	0	0	0		11.27778
300	9	Re5	D5	327	327	1	8	417	99	96	ey	11.33333
301	9	Mi5b2	E5b1	334	335	1	8	417	99	96		11.38889
302	9	Sol5	G5	349	349	1	8	417	99	96		11.44444
303	9	Sol5	G5	349	349	1	16	208	99	96		11.47222
304	9	Fa5#4	F5#4	344	344	1	8	417	99	96		11.52778
305	9	Mi5b2	E5b1	334	335	1	16	208	99	96		11.55556
306	9	Fa5#4	F5#4	344	344	1	16	208	99	96		11.58333
307	9	Mi5b2	E5b1	334	335	1	16	208	95	96		11.61111
308	9	Mi5b2	E5b1	334	335	1	16	208	95	96	le	11.63889
309	11	Re5	D5	327	327	1	16	208	95	96		11.66667
310	9	Re5	D5	327	327	3	8	1250	95	96	me  	11.83333
311	9	Fa5#4	F5#4	344	344	1	16	208	95	96	SAZ	11.86111
312	9	Mi5b2	E5b1	334	335	1	16	208	95	96	.	11.88889
313	9	Re5	D5	327	327	1	16	208	95	96	.	11.91667
314	9	Do5	C5	318	318	1	16	208	95	96	.	11.94444
315	9	Si4b1	B4b1	313	313	1	16	208	95	96	.	11.97222
316	9	Do5	C5	318	318	1	16	208	95	96	.	12
317	9	Re5	D5	327	327	1	2	1667	95	96	.	12.22222
318	54			0	0	0	0	0	0	0	hicaz@re5	12.22222
319	53			0	0	0	0	0	0	0		12.22222
320	9			-1	-1	1	8	417	100	0		12.27778
321	9	Re5	D5	327	327	1	4	833	95	96	An	12.38889
322	9	Sol5	G5	349	349	1	8	417	95	96	de	12.44444
323	9	Sol5	G5	349	349	3	16	625	99	96	lib_	12.52778
324	9	Fa5#4	F5#4	344	344	1	16	208	99	96		12.55556
325	9	Mi5b2	E5b1	334	335	1	8	417	99	96		12.61111
326	9	Re5	D5	327	327	1	8	417	95	96		12.66667
327	9	Fa5#4	F5#4	344	344	1	8	417	99	96	i 	12.72222
328	9	Sol5	G5	349	349	1	8	417	99	96		12.77778
329	9	La5	A5	358	358	1	8	417	99	96		12.83333
330	9	Sol5	G5	349	349	1	8	417	99	96		12.88889
331	9	Fa5#4	F5#4	344	344	1	8	417	99	96		12.94444
332	9	Mi5b2	E5b1	334	335	1	8	417	99	96		13
333	9	Fa5#4	F5#4	344	344	1	8	417	99	96		13.05556
334	9	Sol5	G5	349	349	1	16	208	99	96		13.08333
335	9	Fa5#4	F5#4	344	344	1	16	208	99	96		13.11111
336	9	Mi5b2	E5b1	334	335	1	8	417	99	96		13.16667
337	9	Re5	D5	327	327	1	8	417	95	96		13.22222
338	55			0	0	0	0	0	0	0		13.22222
339	54			0	0	0	0	0	0	0	ussak@re5	13.22222
340	53			0	0	0	0	0	0	0		13.22222
341	9			-1	-1	1	8	417	100	0		13.27778
342	9	Re5	D5	327	327	1	4	833	95	96	aş	13.38889
343	9	Mi5b1	E5b1	335	335	1	8	417	95	96	kı	13.44444
344	9	Fa5	F5	340	340	3	16	625	99	96	nı 	13.52778
345	9	Mi5b1	E5b1	335	335	1	16	208	99	96		13.55556
346	9	Re5	D5	327	327	1	4	833	95	96		13.66667
347	55			0	0	0	0	0	0	0		13.66667
348	9	Mi5b1	E5b1	335	335	3	16	625	99	96	has	13.75
349	9	Re5	D5	327	327	1	16	208	99	96		13.77778
350	9	Do5	C5	318	318	1	4	833	99	96		13.88889
351	9	Re5	D5	327	327	1	8	417	99	96		13.94444
352	9	Mi5b1	E5b1	335	335	1	8	417	99	96		14
353	9	Re5	D5	327	327	1	8	417	99	96		14.05556
354	9	Do5	C5	318	318	1	4	833	99	96		14.16667
355	9	Si4b1	B4b1	313	313	1	8	417	95	96		14.22222
356	9			-1	-1	1	8	417	100	0		14.27778
357	53			0	0	0	0	0	0	0		14.27778
358	9	Si4b1	B4b1	313	313	1	4	833	95	96	ret	14.38889
359	9	Re5	D5	327	327	1	8	417	95	96	le 	14.44444
360	9	Do5	C5	318	318	1	8	417	99	96	hâ	14.5
361	9	Re5	D5	327	327	1	8	417	99	96		14.55556
362	9	Do5	C5	318	318	1	8	417	99	96		14.61111
363	54			0	0	0	0	0	0	0	rast@re5	14.61111
364	9	Si4b1	B4b1	313	313	1	8	417	95	96		14.66667
365	9	Sol5	G5	349	349	3	8	1250	99	96	mûş 	14.83333
366	9	Fa5#4	F5#4	344	344	1	16	208	99	96		14.86111
367	9	Mi5b1	E5b1	335	335	1	16	208	99	96		14.88889
368	9	Fa5#4	F5#4	344	344	1	8	417	99	96		14.94444
369	9	Mi5b1	E5b1	335	335	1	16	208	99	96		14.97222
370	9	Re5	D5	327	327	1	16	208	99	96		15
371	55			0	0	0	0	0	0	0		15
372	9	Mi5b1	E5b1	335	335	1	8	417	99	96		15.05556
373	9	Re5	D5	327	327	1	16	208	99	96		15.08333
374	9	Do5	C5	318	318	1	16	208	99	96		15.11111
375	9	Re5	D5	327	327	1	8	417	99	96		15.16667
376	9	Do5	C5	318	318	1	16	208	99	96		15.19444
377	9	Si4b1	B4b1	313	313	1	16	208	99	96		15.22222
378	9	Si4b1	B4b1	313	313	1	8	417	95	96		15.27778
379	9	Do5	C5	318	318	1	16	208	99	96	ey	15.30556
380	9	Re5	D5	327	327	1	16	208	99	96		15.33333
381	9	Do5	C5	318	318	1	8	417	99	96		15.38889
382	9	Re5	D5	327	327	1	8	417	99	96		15.44444
383	9	Re5	D5	327	327	1	16	208	99	96		15.47222
384	9	Do5	C5	318	318	1	8	417	99	96		15.52778
385	9	Si4b1	B4b1	313	313	1	16	208	99	96		15.55556
386	9	La4#4	A4#4	309	309	1	16	208	99	96		15.58333
387	9	Si4b1	B4b1	313	313	1	16	208	99	96		15.61111
388	9	Do5	C5	318	318	1	32	104	99	96		15.625
389	9	Re5	D5	327	327	1	32	104	95	96		15.63889
390	9	Do5	C5	318	318	1	32	104	99	96	le	15.65278
391	9	Si4b1	B4b1	313	313	1	32	104	95	96		15.66667
392	54			0	0	0	0	0	0	0	huzzam@si4b1	15.66667
393	9	Si4b1	B4b1	313	313	3	8	1250	95	96	me  	15.83333
394	9	Fa5#4	F5#4	344	344	1	16	208	95	96	SAZ	15.86111
395	9	Mi5b2	E5b1	334	335	1	16	208	95	96	.	15.88889
396	9	Re5	D5	327	327	1	16	208	95	96	.	15.91667
397	9	Do5	C5	318	318	1	16	208	95	96	.	15.94444
398	9	Si4b1	B4b1	313	313	1	16	208	95	96	.	15.97222
399	9	Do5	C5	318	318	1	16	208	95	96	.	16
400	55			0	0	0	0	0	0	0		16
401	53			0	0	0	0	0	0	0		16
402	9	Re5	D5	327	327	1	2	1667	95	96	.	16.22222
403	54			0	0	0	0	0	0	0	hicaz@re5	16.22222
404	53			0	0	0	0	0	0	0		16.22222
405	9			-1	-1	1	8	417	100	0		16.27778
406	9	Re5	D5	327	327	1	4	833	95	96	An	16.38889
407	9	Sol5	G5	349	349	1	8	417	95	96	de	16.44444
408	9	Sol5	G5	349	349	3	16	625	99	96	lib_	16.52778
409	9	Fa5#4	F5#4	344	344	1	16	208	99	96		16.55556
410	9	Mi5b2	E5b1	334	335	1	8	417	99	96		16.61111
411	9	Re5	D5	327	327	1	8	417	95	96		16.66667
412	9	Fa5#4	F5#4	344	344	1	8	417	99	96	i 	16.72222
413	9	Sol5	G5	349	349	1	8	417	99	96		16.77778
414	9	La5	A5	358	358	1	8	417	99	96		16.83333
415	9	Sol5	G5	349	349	1	8	417	99	96		16.88889
416	9	Fa5#4	F5#4	344	344	1	8	417	99	96		16.94444
417	9	Mi5b2	E5b1	334	335	1	8	417	99	96		17
418	9	Fa5#4	F5#4	344	344	1	8	417	99	96		17.05556
419	9	Sol5	G5	349	349	1	16	208	99	96		17.08333
420	9	Fa5#4	F5#4	344	344	1	16	208	99	96		17.11111
421	9	Mi5b2	E5b1	334	335	1	8	417	99	96		17.16667
422	9	Re5	D5	327	327	1	8	417	95	96		17.22222
423	55			0	0	0	0	0	0	0		17.22222
424	54			0	0	0	0	0	0	0	ussak@re5	17.22222
425	53			0	0	0	0	0	0	0		17.22222
426	9			-1	-1	1	8	417	100	0		17.27778
427	9	Re5	D5	327	327	1	4	833	95	96	aş	17.38889
428	9	Mi5b1	E5b1	335	335	1	8	417	95	96	kı	17.44444
429	9	Fa5	F5	340	340	3	16	625	99	96	nı 	17.52778
430	9	Mi5b1	E5b1	335	335	1	16	208	99	96		17.55556
431	9	Re5	D5	327	327	1	4	833	95	96		17.66667
432	55			0	0	0	0	0	0	0		17.66667
433	9	Mi5b1	E5b1	335	335	3	16	625	99	96	has	17.75
434	9	Re5	D5	327	327	1	16	208	99	96		17.77778
435	9	Do5	C5	318	318	1	4	833	99	96		17.88889
436	9	Re5	D5	327	327	1	8	417	99	96		17.94444
437	9	Mi5b1	E5b1	335	335	1	8	417	99	96		18
438	9	Re5	D5	327	327	1	8	417	99	96		18.05556
439	9	Do5	C5	318	318	1	4	833	99	96		18.16667
440	9	Si4b1	B4b1	313	313	1	8	417	95	96		18.22222
441	9			-1	-1	1	8	417	100	0		18.27778
442	53			0	0	0	0	0	0	0		18.27778
443	9	Si4b1	B4b1	313	313	1	4	833	95	96	ret	18.38889
444	9	Re5	D5	327	327	1	8	417	95	96	le 	18.44444
445	9	Do5	C5	318	318	1	8	417	99	96	hâ	18.5
446	9	Re5	D5	327	327	1	8	417	99	96		18.55556
447	9	Do5	C5	318	318	1	8	417	99	96		18.61111
448	54			0	0	0	0	0	0	0	rast@re5	18.61111
449	9	Si4b1	B4b1	313	313	1	8	417	95	96		18.66667
450	9	Sol5	G5	349	349	3	8	1250	99	96	mûş 	18.83333
451	9	Fa5#4	F5#4	344	344	1	16	208	99	96		18.86111
452	9	Mi5b1	E5b1	335	335	1	16	208	99	96		18.88889
453	9	Fa5#4	F5#4	344	344	1	8	417	99	96		18.94444
454	9	Mi5b1	E5b1	335	335	1	16	208	99	96		18.97222
455	9	Re5	D5	327	327	1	16	208	99	96		19
456	55			0	0	0	0	0	0	0		19
457	9	Mi5b1	E5b1	335	335	1	8	417	99	96		19.05556
458	9	Re5	D5	327	327	1	16	208	99	96		19.08333
459	9	Do5	C5	318	318	1	16	208	99	96		19.11111
460	9	Re5	D5	327	327	1	8	417	99	96		19.16667
461	9	Do5	C5	318	318	1	16	208	99	96		19.19444
462	9	Si4b1	B4b1	313	313	1	16	208	99	96		19.22222
463	9	Si4b1	B4b1	313	313	1	8	417	95	96		19.27778
464	9	Do5	C5	318	318	1	16	208	99	96	ey	19.30556
465	9	Re5	D5	327	327	1	16	208	99	96		19.33333
466	9	Do5	C5	318	318	1	8	417	99	96		19.38889
467	9	Re5	D5	327	327	1	8	417	99	96		19.44444
468	9	Re5	D5	327	327	1	16	208	99	96		19.47222
469	9	Do5	C5	318	318	1	8	417	99	96		19.52778
470	9	Si4b1	B4b1	313	313	1	16	208	99	96		19.55556
471	9	La4#4	A4#4	309	309	1	16	208	99	96		19.58333
472	9	Si4b1	B4b1	313	313	1	16	208	99	96		19.61111
473	9	Do5	C5	318	318	1	32	104	99	96		19.625
474	9	Re5	D5	327	327	1	32	104	95	96		19.63889
475	9	Do5	C5	318	318	1	32	104	99	96	le	19.65278
476	9	Si4b1	B4b1	313	313	1	32	104	95	96		19.66667
477	54			0	0	0	0	0	0	0	segah@fa5#4	19.66667
478	53			0	0	0	0	0	0	0		19.66667
479	9	Si4b1	B4b1	313	313	3	8	1250	95	96	me  	19.83333
480	9	La5	A5	358	358	1	16	208	95	96	SAZ	19.86111
481	9	Sol5	G5	349	349	1	16	208	95	96	.	19.88889
482	9	Sol5	G5	349	349	1	16	208	95	96	.	19.91667
483	9	Fa5#4	F5#4	344	344	1	16	208	95	96	.	19.94444
484	9	Fa5#4	F5#4	344	344	1	16	208	95	96	.	19.97222
485	9	Mi5#4	E5#4	340	340	1	16	208	95	96		20
486	9	Fa5#4	F5#4	344	344	1	2	1667	95	96	.	20.22222
487	55			0	0	0	0	0	0	0		20.22222
488	54			0	0	0	0	0	0	0	hicaz@fa5#4	20.22222
489	53			0	0	0	0	0	0	0		20.22222
490	9			-1	-1	1	8	417	100	0		20.27778
491	9	Mi5#4	E5#4	340	340	1	4	833	95	96	Gön	20.38889
492	9	Sol5	G5	349	349	1	8	417	95	96	lü	20.44444
493	9	Fa5#4	F5#4	344	344	1	2	1667	95	96	mü 	20.66667
494	9	Fa5#4	F5#4	344	344	1	8	417	99	96	sah	20.72222
495	9	Sol5	G5	349	349	1	8	417	99	96		20.77778
496	9	La5#4	A5#4	362	362	1	8	417	99	96		20.83333
497	9	Si5b1	B5b1	366	366	1	8	417	99	96		20.88889
498	9	Do6	C6	371	371	1	8	417	99	96		20.94444
499	9	Si5b1	B5b1	366	366	1	8	417	99	96		21
500	9	La5#4	A5#4	362	362	1	8	417	99	96		21.05556
501	9	Sol5	G5	349	349	1	4	833	99	96		21.16667
502	9	Fa5#4	F5#4	344	344	1	16	208	99	96		21.19444
503	9	Mi5#4	E5#4	340	340	1	16	208	99	96		21.22222
504	9	Fa5#4	F5#4	344	344	1	8	417	95	96		21.27778
505	55			0	0	0	0	0	0	0		21.27778
506	54			0	0	0	0	0	0	0	buselik@sol5	21.27778
507	53			0	0	0	0	0	0	0		21.27778
508	9	Do6	C6	371	371	1	8	417	99	96	ba	21.33333
509	9	Si5b5	B5b5	362	362	1	8	417	95	96		21.38889
510	9	La5	A5	358	358	1	8	417	95	96	yı 	21.44444
511	9	La5	A5	358	358	1	8	417	99	96	hic	21.5
512	9	Sol5	G5	349	349	1	4	833	99	96		21.61111
513	9	La5	A5	358	358	1	16	208	99	96		21.63889
514	9	Si5b5	B5b5	362	362	1	16	208	95	96		21.66667
515	9	La5	A5	358	358	1	16	208	99	96	râ	21.69444
516	9	Sol5	G5	349	349	1	16	208	99	96		21.72222
517	55			0	0	0	0	0	0	0		21.72222
518	9	Fa5#4	F5#4	344	344	1	16	208	99	96		21.75
519	9	Mi5#4	E5#4	340	340	1	16	208	99	96		21.77778
520	9	Fa5#4	F5#4	344	344	3	16	625	99	96		21.86111
521	9	Sol5	G5	349	349	1	16	208	99	96		21.88889
522	9	Sol5	G5	349	349	1	16	208	99	96		21.91667
523	9	Fa5#4	F5#4	344	344	1	16	208	99	96		21.94444
524	9	Mi5b2	E5b1	334	335	1	16	208	99	96		21.97222
525	9	Re5	D5	327	327	1	16	208	99	96		22
526	9	Mi5b2	E5b1	334	335	3	8	1250	99	96		22.16667
527	9	Re5	D5	327	327	1	8	417	95	96		22.22222
528	9			-1	-1	1	8	417	100	0		22.27778
529	53			0	0	0	0	0	0	0		22.27778
530	9	Re5	D5	327	327	1	4	833	95	96	nın	22.38889
531	54			0	0	0	0	0	0	0	rast@sol5	22.38889
532	9	Mi5b2	E5b1	334	335	1	8	417	95	96	la 	22.44444
533	9	Fa5#4	F5#4	344	344	1	8	417	99	96	bî	22.5
534	9	Sol5	G5	349	349	1	8	417	99	96		22.55556
535	9	La5	A5	358	358	1	8	417	99	96		22.61111
536	8	Si5b5	B5b5	362	362	0	0	0	99	96		22.61111
537	9	La5	A5	358	358	1	16	208	99	96		22.63889
538	10	Sol5	G5	349	349	1	16	208	95	96		22.66667
539	8	La5	A5	358	358	0	0	0	99	96		22.66667
540	9	Sol5	G5	349	349	3	8	1250	99	96	hûş 	22.83333
541	55			0	0	0	0	0	0	0		22.83333
542	9	Sol5	G5	349	349	1	16	208	99	96		22.86111
543	9	Fa5#4	F5#4	344	344	1	16	208	99	96		22.88889
544	9	Fa5#4	F5#4	344	344	3	16	625	99	96		22.97222
545	9	Mi5b2	E5b1	334	335	1	16	208	99	96		23
546	9	Mi5b2	E5b1	334	335	1	8	417	99	96		23.05556
547	9	Re5	D5	327	327	1	4	833	99	96		23.16667
548	9	Do5	C5	318	318	1	8	417	95	96		23.22222
549	9			-1	-1	1	8	417	100	0		23.27778
550	53			0	0	0	0	0	0	0		23.27778
551	9	Re5	D5	327	327	1	8	417	99	96	ey	23.33333
552	9	Mi5b2	E5b1	334	335	1	8	417	99	96		23.38889
553	9	Sol5	G5	349	349	1	8	417	99	96		23.44444
554	9	Sol5	G5	349	349	1	16	208	99	96		23.47222
555	9	Fa5#4	F5#4	344	344	1	8	417	99	96		23.52778
556	9	Mi5b2	E5b1	334	335	1	16	208	99	96		23.55556
557	9	Fa5#4	F5#4	344	344	1	16	208	99	96		23.58333
558	9	Mi5b2	E5b1	334	335	1	16	208	95	96		23.61111
559	9	Mi5b2	E5b1	334	335	1	16	208	99	96	le	23.63889
560	11	Re5	D5	327	327	1	16	208	95	96		23.66667
561	9	Re5	D5	327	327	3	8	1250	99	96	me  	23.83333
562	9	Fa5#4	F5#4	344	344	1	16	208	99	96	SAZ	23.86111
563	9	Mi5b2	E5b1	334	335	1	16	208	99	96	.	23.88889
564	9	Re5	D5	327	327	1	16	208	99	96	.	23.91667
565	9	Do5	C5	318	318	1	16	208	99	96	.	23.94444
566	9	Si4b1	B4b1	313	313	1	16	208	99	96	.	23.97222
567	9	Do5	C5	318	318	1	16	208	95	96	.	24
568	9	Re5	D5	327	327	1	2	1667	95	96	.	24.22222
569	54			0	0	0	0	0	0	0	hicaz@re5	24.22222
570	53			0	0	0	0	0	0	0		24.22222
571	9			-1	-1	1	8	417	100	0		24.27778
572	9	Re5	D5	327	327	1	4	833	95	96	An	24.38889
573	9	Sol5	G5	349	349	1	8	417	95	96	de	24.44444
574	9	Sol5	G5	349	349	3	16	625	99	96	lib_	24.52778
575	9	Fa5#4	F5#4	344	344	1	16	208	99	96		24.55556
576	9	Mi5b2	E5b1	334	335	1	8	417	99	96		24.61111
577	9	Re5	D5	327	327	1	8	417	95	96		24.66667
578	9	Fa5#4	F5#4	344	344	1	8	417	99	96	i 	24.72222
579	9	Sol5	G5	349	349	1	8	417	99	96		24.77778
580	9	La5	A5	358	358	1	8	417	99	96		24.83333
581	9	Sol5	G5	349	349	1	8	417	99	96		24.88889
582	9	Fa5#4	F5#4	344	344	1	8	417	99	96		24.94444
583	9	Mi5b2	E5b1	334	335	1	8	417	99	96		25
584	9	Fa5#4	F5#4	344	344	1	8	417	99	96		25.05556
585	9	Sol5	G5	349	349	1	16	208	99	96		25.08333
586	9	Fa5#4	F5#4	344	344	1	16	208	99	96		25.11111
587	9	Mi5b2	E5b1	334	335	1	8	417	99	96		25.16667
588	9	Re5	D5	327	327	1	8	417	95	96		25.22222
589	55			0	0	0	0	0	0	0		25.22222
590	54			0	0	0	0	0	0	0	ussak@re5	25.22222
591	53			0	0	0	0	0	0	0		25.22222
592	9			-1	-1	1	8	417	100	0		25.27778
593	9	Re5	D5	327	327	1	4	833	95	96	aş	25.38889
594	9	Mi5b1	E5b1	335	335	1	8	417	95	96	kı	25.44444
595	9	Fa5	F5	340	340	3	16	625	99	96	nı 	25.52778
596	9	Mi5b1	E5b1	335	335	1	16	208	99	96		25.55556
597	9	Re5	D5	327	327	1	4	833	95	96		25.66667
598	55			0	0	0	0	0	0	0		25.66667
599	9	Mi5b1	E5b1	335	335	3	16	625	99	96	has	25.75
600	9	Re5	D5	327	327	1	16	208	99	96		25.77778
601	9	Do5	C5	318	318	1	4	833	99	96		25.88889
602	9	Re5	D5	327	327	1	8	417	99	96		25.94444
603	9	Mi5b1	E5b1	335	335	1	8	417	99	96		26
604	9	Re5	D5	327	327	1	8	417	99	96		26.05556
605	9	Do5	C5	318	318	1	4	833	99	96		26.16667
606	9	Si4b1	B4b1	313	313	1	8	417	95	96		26.22222
607	9			-1	-1	1	8	417	100	0		26.27778
608	53			0	0	0	0	0	0	0		26.27778
609	9	Si4b1	B4b1	313	313	1	4	833	95	96	ret	26.38889
610	9	Re5	D5	327	327	1	8	417	95	96	le 	26.44444
611	9	Do5	C5	318	318	1	8	417	99	96	hâ	26.5
612	9	Re5	D5	327	327	1	8	417	99	96		26.55556
613	9	Do5	C5	318	318	1	8	417	99	96		26.61111
614	54			0	0	0	0	0	0	0	rast@re5	26.61111
615	9	Si4b1	B4b1	313	313	1	8	417	95	96		26.66667
616	9	Sol5	G5	349	349	3	8	1250	99	96	mûş 	26.83333
617	9	Fa5#4	F5#4	344	344	1	16	208	99	96		26.86111
618	9	Mi5b1	E5b1	335	335	1	16	208	99	96		26.88889
619	9	Fa5#4	F5#4	344	344	1	8	417	99	96		26.94444
620	9	Mi5b1	E5b1	335	335	1	16	208	99	96		26.97222
621	9	Re5	D5	327	327	1	16	208	99	96		27
622	55			0	0	0	0	0	0	0		27
623	9	Mi5b1	E5b1	335	335	1	8	417	99	96		27.05556
624	9	Re5	D5	327	327	1	16	208	99	96		27.08333
625	9	Do5	C5	318	318	1	16	208	99	96		27.11111
626	9	Re5	D5	327	327	1	8	417	99	96		27.16667
627	9	Do5	C5	318	318	1	16	208	99	96		27.19444
628	9	Si4b1	B4b1	313	313	1	16	208	99	96		27.22222
629	9	Si4b1	B4b1	313	313	1	8	417	95	96		27.27778
630	9	Do5	C5	318	318	1	16	208	99	96	ey	27.30556
631	9	Re5	D5	327	327	1	16	208	99	96		27.33333
632	9	Do5	C5	318	318	1	8	417	99	96		27.38889
633	9	Re5	D5	327	327	1	8	417	99	96		27.44444
634	9	Re5	D5	327	327	1	16	208	99	96		27.47222
635	9	Do5	C5	318	318	1	8	417	99	96		27.52778
636	9	Si4b1	B4b1	313	313	1	16	208	99	96		27.55556
637	9	La4#4	A4#4	309	309	1	16	208	99	96		27.58333
638	9	Si4b1	B4b1	313	313	1	16	208	99	96		27.61111
639	9	Do5	C5	318	318	1	32	104	99	96		27.625
640	9	Re5	D5	327	327	1	32	104	95	96		27.63889
641	9	Do5	C5	318	318	1	32	104	99	96	le	27.65278
642	9	Si4b1	B4b1	313	313	1	32	104	95	96		27.66667
643	54			0	0	0	0	0	0	0	huzzam@si4b1	27.66667
644	9	Si4b1	B4b1	313	313	3	8	1250	95	96	me  	27.83333
645	9	Fa5#4	F5#4	344	344	1	16	208	95	96	SAZ	27.86111
646	9	Mi5b2	E5b1	334	335	1	16	208	95	96	.	27.88889
647	9	Re5	D5	327	327	1	16	208	95	96	.	27.91667
648	9	Do5	C5	318	318	1	16	208	95	96	.	27.94444
649	9	Si4b1	B4b1	313	313	1	16	208	95	96	.	27.97222
650	9	Do5	C5	318	318	1	16	208	95	96	.	28
651	55			0	0	0	0	0	0	0		28
652	53			0	0	0	0	0	0	0		28
653	9	Re5	D5	327	327	1	2	1667	95	96	.	28.22222
654	54			0	0	0	0	0	0	0	hicaz@re5	28.22222
655	53			0	0	0	0	0	0	0		28.22222
656	9			-1	-1	1	8	417	100	0		28.27778
657	9	Re5	D5	327	327	1	4	833	95	96	An	28.38889
658	9	Sol5	G5	349	349	1	8	417	95	96	de	28.44444
659	9	Sol5	G5	349	349	3	16	625	99	96	lib_	28.52778
660	9	Fa5#4	F5#4	344	344	1	16	208	99	96		28.55556
661	9	Mi5b2	E5b1	334	335	1	8	417	99	96		28.61111
662	9	Re5	D5	327	327	1	8	417	95	96		28.66667
663	9	Fa5#4	F5#4	344	344	1	8	417	99	96	i 	28.72222
664	9	Sol5	G5	349	349	1	8	417	99	96		28.77778
665	9	La5	A5	358	358	1	8	417	99	96		28.83333
666	9	Sol5	G5	349	349	1	8	417	99	96		28.88889
667	9	Fa5#4	F5#4	344	344	1	8	417	99	96		28.94444
668	9	Mi5b2	E5b1	334	335	1	8	417	99	96		29
669	9	Fa5#4	F5#4	344	344	1	8	417	99	96		29.05556
670	9	Sol5	G5	349	349	1	16	208	99	96		29.08333
671	9	Fa5#4	F5#4	344	344	1	16	208	99	96		29.11111
672	9	Mi5b2	E5b1	334	335	1	8	417	99	96		29.16667
673	9	Re5	D5	327	327	1	8	417	95	96		29.22222
674	55			0	0	0	0	0	0	0		29.22222
675	54			0	0	0	0	0	0	0	ussak@re5	29.22222
676	53			0	0	0	0	0	0	0		29.22222
677	9			-1	-1	1	8	417	100	0		29.27778
678	9	Re5	D5	327	327	1	4	833	95	96	aş	29.38889
679	9	Mi5b1	E5b1	335	335	1	8	417	95	96	kı	29.44444
680	9	Fa5	F5	340	340	3	16	625	99	96	nı 	29.52778
681	9	Mi5b1	E5b1	335	335	1	16	208	99	96		29.55556
682	9	Re5	D5	327	327	1	4	833	95	96		29.66667
683	55			0	0	0	0	0	0	0		29.66667
684	9	Mi5b1	E5b1	335	335	3	16	625	99	96	has	29.75
685	9	Re5	D5	327	327	1	16	208	99	96		29.77778
686	9	Do5	C5	318	318	1	4	833	99	96		29.88889
687	9	Re5	D5	327	327	1	8	417	99	96		29.94444
688	9	Mi5b1	E5b1	335	335	1	8	417	99	96		30
689	9	Re5	D5	327	327	1	8	417	99	96		30.05556
690	9	Do5	C5	318	318	1	4	833	99	96		30.16667
691	9	Si4b1	B4b1	313	313	1	8	417	95	96		30.22222
692	9			-1	-1	1	8	417	100	0		30.27778
693	53			0	0	0	0	0	0	0		30.27778
694	9	Si4b1	B4b1	313	313	1	4	833	95	96	ret	30.38889
695	9	Re5	D5	327	327	1	8	417	95	96	le 	30.44444
696	9	Do5	C5	318	318	1	8	417	99	96	hâ	30.5
697	9	Re5	D5	327	327	1	8	417	99	96		30.55556
698	9	Do5	C5	318	318	1	8	417	99	96		30.61111
699	54			0	0	0	0	0	0	0	rast@re5	30.61111
700	9	Si4b1	B4b1	313	313	1	8	417	95	96		30.66667
701	9	Sol5	G5	349	349	3	8	1250	99	96	mûş 	30.83333
702	9	Fa5#4	F5#4	344	344	1	16	208	99	96		30.86111
703	9	Mi5b1	E5b1	335	335	1	16	208	99	96		30.88889
704	9	Fa5#4	F5#4	344	344	1	8	417	99	96		30.94444
705	9	Mi5b1	E5b1	335	335	1	16	208	99	96		30.97222
706	9	Re5	D5	327	327	1	16	208	99	96		31
707	55			0	0	0	0	0	0	0		31
708	9	Mi5b1	E5b1	335	335	1	8	417	99	96		31.05556
709	9	Re5	D5	327	327	1	16	208	99	96		31.08333
710	9	Do5	C5	318	318	1	16	208	99	96		31.11111
711	9	Re5	D5	327	327	1	8	417	99	96		31.16667
712	9	Do5	C5	318	318	1	16	208	99	96		31.19444
713	9	Si4b1	B4b1	313	313	1	16	208	99	96		31.22222
714	9	Si4b1	B4b1	313	313	1	8	417	95	96		31.27778
715	9	Do5	C5	318	318	1	16	208	99	96	ey	31.30556
716	9	Re5	D5	327	327	1	16	208	99	96		31.33333
717	9	Do5	C5	318	318	1	8	417	99	96		31.38889
718	9	Re5	D5	327	327	1	8	417	99	96		31.44444
719	9	Re5	D5	327	327	1	16	208	99	96		31.47222
720	9	Do5	C5	318	318	1	8	417	99	96		31.52778
721	9	Si4b1	B4b1	313	313	1	16	208	99	96		31.55556
722	9	La4#4	A4#4	309	309	1	16	208	99	96		31.58333
723	9	Si4b1	B4b1	313	313	1	16	208	99	96		31.61111
724	9	Do5	C5	318	318	1	32	104	99	96		31.625
725	9	Re5	D5	327	327	1	32	104	95	96		31.63889
726	9	Do5	C5	318	318	1	32	104	99	96	le	31.65278
727	9	Si4b1	B4b1	313	313	1	32	104	95	96		31.66667
728	54			0	0	0	0	0	0	0	segah@fa5#4	31.66667
729	53			0	0	0	0	0	0	0		31.66667
730	9	Si4b1	B4b1	313	313	3	8	1250	95	96	me  	31.83333
