Sıra	Kod	Nota53	NotaAE	Koma53	KomaAE	Pay	Payda	Ms	LNS	Bas	Soz1	Offset
1	54			0	0	0	0	0	0	0	hicaz@fa4#4	0
2	9	Do5	C5	318	318	1	16	147	95	96	ARANAĞME	5.555556E-02
3	9	Si4b1	B4b1	313	313	1	16	147	95	96	.	0.1111111
4	9	La4#4	A4#4	309	309	1	8	294	95	96	.	0.2222222
5	9	Si4b1	B4b1	313	313	1	8	294	95	96	.	0.3333333
6	9	Do5	C5	318	318	1	8	294	95	96	.	0.4444444
7	9	La4#4	A4#4	309	309	1	8	294	95	96	.	0.5555556
8	9	Si4b1	B4b1	313	313	1	8	294	95	96	.	0.6666667
9	9	Sol4	G4	296	296	1	8	294	95	96	.	0.7777778
10	9	Fa4#4	F4#4	291	291	1	8	294	95	96	.	0.8888889
11	9	Sol4	G4	296	296	1	8	294	95	96	.	1
12	9	La4#4	A4#4	309	309	1	8	294	95	96	.	1.111111
13	9	Sol4	G4	296	296	1	16	147	95	96	.	1.166667
14	9	La4#4	A4#4	309	309	1	16	147	95	96	.	1.222222
15	55			0	0	0	0	0	0	0		1.222222
16	9	Si4b1	B4b1	313	313	1	8	294	95	96	.	1.333333
17	9	La4#4	A4#4	309	309	1	16	147	95	96	.	1.388889
18	9	Si4b1	B4b1	313	313	1	16	147	95	96	.	1.444444
19	9	Do5	C5	318	318	1	8	294	95	96	.	1.555556
20	9	Si4b1	B4b1	313	313	1	16	147	95	96	.	1.611111
21	9	Do5	C5	318	318	1	16	147	95	96	.	1.666667
22	9	Re5	D5	327	327	3	8	882	95	96	.	2
23	53			0	0	0	0	0	0	0		2
24	9	Sol5	G5	349	349	3	16	441	95	96	.	2.166667
25	9	Fa5	F5	340	340	1	16	147	95	96	.	2.222222
26	9	Fa5	F5	340	340	3	16	441	95	96	.	2.388889
27	9	Mi5b1	E5b1	335	335	1	16	147	95	96	.	2.444444
28	9	Mi5b1	E5b1	335	335	3	16	441	95	96	.	2.611111
29	9	Re5	D5	327	327	1	16	147	95	96	.	2.666667
30	9	Re5	D5	327	327	1	16	147	95	96	.	2.722222
31	9	Mi5b1	E5b1	335	335	1	16	147	95	96	.	2.777778
32	9	Re5	D5	327	327	1	16	147	95	96	.	2.833333
33	9	Do5	C5	318	318	1	16	147	95	96	.	2.888889
34	9	Si4b1	B4b1	313	313	1	16	147	95	96	.	2.944444
35	9	La4#4	A4#4	309	309	1	16	147	95	96	.	3
36	9	Si4b1	B4b1	313	313	1	16	147	95	96	.	3.055556
37	9	Do5	C5	318	318	1	16	147	95	96	.	3.111111
38	9	Re5	D5	327	327	1	16	147	95	96	.	3.166667
39	9	Mi5b1	E5b1	335	335	1	16	147	95	96	.	3.222222
40	9	Fa5	F5	340	340	1	8	294	95	96	.	3.333333
41	9	Mi5b1	E5b1	335	335	1	16	147	95	96	.	3.388889
42	9	Re5	D5	327	327	1	16	147	95	96	.	3.444444
43	9	Re5	D5	327	327	1	16	147	95	96	.	3.5
44	9	Do5	C5	318	318	1	16	147	95	96	.	3.555556
45	9	Do5	C5	318	318	1	16	147	95	96	.	3.611111
46	11	Si4b1	B4b1	313	313	1	16	147	95	96	.	3.666667
47	9	Si4b1	B4b1	313	313	3	8	882	95	96	.	4
48	53			0	0	0	0	0	0	0		4
49	54			0	0	0	0	0	0	0	hicaz@fa4#4	4
50	9	Do5	C5	318	318	1	16	147	95	96	ARANAĞME	4.055555
51	9	Si4b1	B4b1	313	313	1	16	147	95	96	.	4.111111
52	9	La4#4	A4#4	309	309	1	8	294	95	96	.	4.222222
53	9	Si4b1	B4b1	313	313	1	8	294	95	96	.	4.333333
54	9	Do5	C5	318	318	1	8	294	95	96	.	4.444445
55	9	La4#4	A4#4	309	309	1	8	294	95	96	.	4.555555
56	9	Si4b1	B4b1	313	313	1	8	294	95	96	.	4.666667
57	9	Sol4	G4	296	296	1	8	294	95	96	.	4.777778
58	9	Fa4#4	F4#4	291	291	1	8	294	95	96	.	4.888889
59	9	Sol4	G4	296	296	1	8	294	95	96	.	5
60	9	La4#4	A4#4	309	309	1	8	294	95	96	.	5.111111
61	9	Sol4	G4	296	296	1	16	147	95	96	.	5.166667
62	9	La4#4	A4#4	309	309	1	16	147	95	96	.	5.222222
63	55			0	0	0	0	0	0	0		5.222222
64	9	Si4b1	B4b1	313	313	1	8	294	95	96	.	5.333333
65	9	La4#4	A4#4	309	309	1	16	147	95	96	.	5.388889
66	9	Si4b1	B4b1	313	313	1	16	147	95	96	.	5.444445
67	9	Do5	C5	318	318	1	8	294	95	96	.	5.555555
68	9	Si4b1	B4b1	313	313	1	16	147	95	96	.	5.611111
69	9	Do5	C5	318	318	1	16	147	95	96	.	5.666667
70	9	Re5	D5	327	327	3	8	882	95	96	.	6
71	53			0	0	0	0	0	0	0		6
72	9	Sol5	G5	349	349	3	16	441	95	96	.	6.166667
73	9	Fa5	F5	340	340	1	16	147	95	96	.	6.222222
74	9	Fa5	F5	340	340	3	16	441	95	96	.	6.388889
75	9	Mi5b1	E5b1	335	335	1	16	147	95	96	.	6.444445
76	9	Mi5b1	E5b1	335	335	3	16	441	95	96	.	6.611111
77	9	Re5	D5	327	327	1	16	147	95	96	.	6.666667
78	9	Re5	D5	327	327	1	16	147	95	96	.	6.722222
79	9	Mi5b1	E5b1	335	335	1	16	147	95	96	.	6.777778
80	9	Re5	D5	327	327	1	16	147	95	96	.	6.833333
81	9	Do5	C5	318	318	1	16	147	95	96	.	6.888889
82	9	Si4b1	B4b1	313	313	1	16	147	95	96	.	6.944445
83	9	La4#4	A4#4	309	309	1	16	147	95	96	.	7
84	9	Si4b1	B4b1	313	313	1	16	147	95	96	.	7.055555
85	9	Do5	C5	318	318	1	16	147	95	96	.	7.111111
86	9	Re5	D5	327	327	1	16	147	95	96	.	7.166667
87	9	Mi5b1	E5b1	335	335	1	16	147	95	96	.	7.222222
88	9	Fa5	F5	340	340	1	8	294	95	96	.	7.333333
89	9	Mi5b1	E5b1	335	335	1	16	147	95	96	.	7.388889
90	9	Re5	D5	327	327	1	16	147	95	96	.	7.444445
91	9	Re5	D5	327	327	1	16	147	95	96	.	7.5
92	9	Do5	C5	318	318	1	16	147	95	96	.	7.555555
93	9	Do5	C5	318	318	1	16	147	95	96	.	7.611111
94	9	Si4b1	B4b1	313	313	1	16	147	95	96	.	7.666667
95	9	Si4b1	B4b1	313	313	3	16	441	95	96	.	7.833333
96	9	Do5	C5	318	318	1	16	147	95	96	.	7.888889
97	9	La4#4	A4#4	309	309	1	16	147	95	96	.	7.944445
98	9	Do5	C5	318	318	1	16	147	95	96	.	8
99	9	Si4b1	B4b1	313	313	1	4	588	95	96	.	8.222222
100	9	Si4b1	B4b1	313	313	1	8	294	95	96	Be	8.333333
101	9	Si4b1	B4b1	313	313	1	8	294	95	96	nim 	8.444445
102	9	Si4b1	B4b1	313	313	1	4	588	95	96	sen 	8.666667
103	9	Si4b1	B4b1	313	313	3	8	882	95	96	nem	9
104	9	Si4b1	B4b1	313	313	1	4	588	95	96	sin 	9.222222
105	9	Si4b1	B4b1	313	313	1	4	588	95	96	ey 	9.444445
106	9	Do5	C5	318	318	1	4	588	95	96	dil	9.666667
107	9	Re5	D5	327	327	1	4	588	99	96	ber  	9.888889
108	9	Mi5b1	E5b1	335	335	1	16	147	99	96		9.944445
109	11	Re5	D5	327	327	1	16	147	99	96		10
110	9	Re5	D5	327	327	3	16	441	99	96		10.16667
111	9	Do5	C5	318	318	1	16	147	95	96		10.22222
112	9	Si4b1	B4b1	313	313	1	8	294	95	96	Be	10.33333
113	9	Si4b1	B4b1	313	313	1	8	294	95	96	nim 	10.44444
114	53			0	0	0	0	0	0	0		10.44444
115	9	Si4b1	B4b1	313	313	1	4	588	95	96	sen 	10.66667
116	9	Si4b1	B4b1	313	313	3	8	882	95	96	nem	11
117	9	Si4b1	B4b1	313	313	1	4	588	95	96	sin 	11.22222
118	9	Si4b1	B4b1	313	313	1	4	588	95	96	ey 	11.44444
119	9	Do5	C5	318	318	1	4	588	95	96	dil	11.66667
120	9	Re5	D5	327	327	1	4	588	99	96	ber  	11.88889
121	9	Mi5b1	E5b1	335	335	1	16	147	99	96		11.94444
122	11	Re5	D5	327	327	1	16	147	99	96		12
123	9	Re5	D5	327	327	1	8	294	95	96		12.11111
124	54			0	0	0	0	0	0	0	buselik@re5	12.11111
125	53			0	0	0	0	0	0	0		12.11111
126	9			-1	-1	1	8	294	100	0		12.22222
127	9	Sol5	G5	349	349	1	8	294	95	96	De	12.33333
128	9	Sol5	G5	349	349	1	16	147	99	96	li 	12.38889
129	9	Fa5	F5	340	340	1	16	147	95	96		12.44444
130	9	Fa5	F5	340	340	3	16	441	99	96	gön	12.61111
131	9	Mi5b1	E5b1	335	335	1	16	147	95	96		12.66667
132	9	Mi5b1	E5b1	335	335	1	4	588	99	96	lüm 	12.88889
133	9	Re5	D5	327	327	1	8	294	95	96		13
134	9	Re5	D5	327	327	1	8	294	95	96	se	13.11111
135	9	Mi5b1	E5b1	335	335	1	4	588	99	96	ni 	13.33333
136	9	Re5	D5	327	327	1	8	294	95	96		13.44444
137	55			0	0	0	0	0	0	0		13.44444
138	9	Re5	D5	327	327	3	16	441	99	96	is	13.61111
139	9	Do5	C5	318	318	1	16	147	95	96		13.66667
140	9	Si4b1	B4b1	313	313	1	4	588	95	96	ter  	13.88889
141	54			0	0	0	0	0	0	0	rast@sol4	13.88889
142	9	Do5	C5	318	318	1	8	294	95	96	Yâr 	14
143	9	Re5	D5	327	327	2	4	1176	95	96	ey 	14.44444
144	9	Sol4	G4	296	296	1	16	147	95	96	SAZ	14.5
145	9	La4	A4	305	305	1	16	147	95	96	.	14.55556
146	9	Si4b1	B4b1	313	313	1	16	147	95	96	.	14.61111
147	9	Do5	C5	318	318	1	16	147	95	96	.	14.66667
148	9	Re5	D5	327	327	1	8	294	95	96	.	14.77778
149	55			0	0	0	0	0	0	0		14.77778
150	54			0	0	0	0	0	0	0	buselik@re5	14.77778
151	53			0	0	0	0	0	0	0		14.77778
152	9			-1	-1	1	4	588	100	0		15
153	9	Re5	D5	327	327	1	8	294	99	96	yâr 	15.11111
154	9	Do5	C5	318	318	1	16	147	99	96		15.16667
155	9	Re5	D5	327	327	1	16	147	99	96		15.22222
156	9	Mi5b1	E5b1	335	335	3	16	441	99	96		15.38889
157	9	Re5	D5	327	327	1	16	147	99	96		15.44444
158	9	Re5	D5	327	327	1	8	294	99	96		15.55556
159	9	Do5	C5	318	318	1	16	147	99	96		15.61111
160	9	Re5	D5	327	327	1	16	147	99	96		15.66667
161	9	Mi5b1	E5b1	335	335	1	4	588	99	96		15.88889
162	9	Re5	D5	327	327	1	8	294	95	96		16
163	55			0	0	0	0	0	0	0		16
164	9			-1	-1	1	8	294	100	0		16.11111
165	9	Sol5	G5	349	349	1	8	294	99	96	yâr 	16.22222
166	9	Fa5	F5	340	340	1	8	294	99	96		16.33333
167	9	Mi5b1	E5b1	335	335	1	8	294	99	96		16.44444
168	9	Re5	D5	327	327	1	8	294	99	96		16.55556
169	9	Do5	C5	318	318	1	8	294	99	96		16.66667
170	9	Re5	D5	327	327	1	8	294	99	96		16.77778
171	9	Do5	C5	318	318	1	8	294	95	96		16.88889
172	9	Do5	C5	318	318	1	16	147	99	96	a	16.94444
173	11	Si4b1	B4b1	313	313	1	16	147	95	96		17
174	9	Si4b1	B4b1	313	313	1	4	588	95	96	man  	17.22222
175	9			-1	-1	1	8	294	100	0		17.33333
176	53			0	0	0	0	0	0	0		17.33333
177	9	Si4b1	B4b1	313	313	1	16	147	95	96	SAZ	17.38889
178	9	Do5	C5	318	318	1	16	147	95	96	.	17.44444
179	9	Si4b1	B4b1	313	313	1	16	147	95	96	.	17.5
180	9	La4#3	A4#4	308	309	1	16	147	95	96	.	17.55556
181	9	Sol4	G4	296	296	1	16	147	95	96	.	17.61111
182	9	La4#3	A4#4	308	309	1	16	147	95	96	.	17.66667
183	9	Si4b1	B4b1	313	313	3	16	441	95	96	.	17.83333
184	9	Do5	C5	318	318	1	16	147	95	96	.	17.88889
185	9	Si4b1	B4b1	313	313	1	16	147	95	96	.	17.94444
186	9	Do5	C5	318	318	1	16	147	95	96	.	18
187	54			0	0	0	0	0	0	0	ussak@la4	18
188	9	Re5	D5	327	327	1	4	588	95	96	.	18.22222
189	9	Re5	D5	327	327	1	8	294	95	96	De	18.33333
190	9	Do5	C5	318	318	1	16	147	99	96	li 	18.38889
191	9	Si4b1	B4b1	313	313	1	16	147	95	96		18.44444
192	9	Do5	C5	318	318	1	8	294	99	96	gön	18.55556
193	9	Si4b2	B4b1	312	313	1	16	147	99	96		18.61111
194	9	La4	A4	305	305	1	16	147	95	96		18.66667
195	9	La4	A4	305	305	1	4	588	99	96	lüm 	18.88889
196	55			0	0	0	0	0	0	0		18.88889
197	54			0	0	0	0	0	0	0	rast@sol4	18.88889
198	9	Si4b2	B4b1	312	313	1	8	294	95	96		19
199	9	Sol4	G4	296	296	1	8	294	95	96	se	19.11111
200	55			0	0	0	0	0	0	0		19.11111
201	53			0	0	0	0	0	0	0		19.11111
202	9	Sol5	G5	349	349	1	8	294	99	96	ni 	19.22222
203	9	Fa5	F5	340	340	1	8	294	99	96		19.33333
204	9	Mi5b1	E5b1	335	335	1	8	294	95	96		19.44444
205	9	Re5	D5	327	327	1	8	294	99	96	is	19.55556
206	9	Do5	C5	318	318	1	8	294	99	96		19.66667
207	7	Re5	D5	327	327	1	8	294	99	96		19.77778
208	9	Do5	C5	318	318	1	16	147	99	96		19.83333
209	9	Do5	C5	318	318	1	16	147	99	96		19.88889
210	9	Do5	C5	318	318	1	16	147	99	96		19.94444
211	11	Si4b1	B4b1	313	313	1	16	147	95	96		20
212	54			0	0	0	0	0	0	0	segah@fa5#4	20
213	9	Si4b1	B4b1	313	313	3	8	882	95	96	ter  	20.33333
214	9	La5	A5	358	358	1	16	147	95	96	SAZ	20.38889
215	9	Sol5	G5	349	349	1	16	147	95	96	.	20.44444
216	9	Sol5	G5	349	349	1	16	147	95	96	.	20.5
217	9	Fa5#4	F5#4	344	344	1	16	147	95	96	.	20.55556
218	9	Fa5#4	F5#4	344	344	1	16	147	95	96	.	20.61111
219	9	Mi5#3	E5#4	339	340	1	16	147	95	96	.	20.66667
220	9	Fa5#4	F5#4	344	344	3	16	441	95	96	.	20.83333
221	9	Sol5	G5	349	349	1	16	147	95	96	.	20.88889
222	9	Mi5#3	E5#4	339	340	1	16	147	95	96	.	20.94444
223	9	Sol5	G5	349	349	1	16	147	95	96	.	21
224	9	Fa5#4	F5#4	344	344	1	4	588	95	96	.	21.22222
225	53			0	0	0	0	0	0	0		21.22222
226	9	Fa5#4	F5#4	344	344	1	8	294	95	96	Zan	21.33333
227	9	Fa5#4	F5#4	344	344	1	8	294	95	96	ne	21.44444
228	9	Fa5#4	F5#4	344	344	1	4	588	95	96	der	21.66667
229	9	Fa5#4	F5#4	344	344	1	4	588	95	96	ler 	21.88889
230	9			-1	-1	1	8	294	100	0		22
231	9	Mi5#3	E5#4	339	340	1	8	294	99	96	et	22.11111
232	9	Fa5#4	F5#4	344	344	1	8	294	99	96		22.22222
233	9	Sol5	G5	349	349	1	8	294	95	96		22.33333
234	9	La5	A5	358	358	1	8	294	95	96	miş 	22.44444
235	9	Sol5	G5	349	349	1	8	294	99	96	ez	22.55556
236	9	Fa5#4	F5#4	344	344	1	8	294	95	96		22.66667
237	55			0	0	0	0	0	0	0		22.66667
238	54			0	0	0	0	0	0	0	rast@re5	22.66667
239	9	Sol5	G5	349	349	1	4	588	99	96	ber  	22.88889
240	9	Fa5#4	F5#4	344	344	1	16	147	99	96		22.94444
241	9	Mi5	E5	336	336	1	16	147	99	96		23
242	9	Re5	D5	327	327	1	4	588	95	96		23.22222
243	55			0	0	0	0	0	0	0		23.22222
244	54			0	0	0	0	0	0	0	segah@fa5#4	23.22222
245	53			0	0	0	0	0	0	0		23.22222
246	9	Fa5#4	F5#4	344	344	1	8	294	95	96	Zan	23.33333
247	9	Fa5#4	F5#4	344	344	1	8	294	95	96	ne	23.44444
248	9	Fa5#4	F5#4	344	344	1	4	588	95	96	der	23.66667
249	9	Fa5#4	F5#4	344	344	1	4	588	95	96	ler 	23.88889
250	9			-1	-1	1	8	294	100	0		24
251	9	Mi5#3	E5#4	339	340	1	8	294	99	96	et	24.11111
252	9	Fa5#4	F5#4	344	344	1	8	294	99	96		24.22222
253	9	Sol5	G5	349	349	1	8	294	95	96		24.33333
254	9	La5	A5	358	358	1	8	294	95	96	miş 	24.44444
255	9	Sol5	G5	349	349	1	8	294	99	96	ez	24.55556
256	9	Fa5#4	F5#4	344	344	1	8	294	95	96		24.66667
257	55			0	0	0	0	0	0	0		24.66667
258	54			0	0	0	0	0	0	0	rast@re5	24.66667
259	9	Sol5	G5	349	349	1	4	588	99	96	ber  	24.88889
260	9	Fa5#4	F5#4	344	344	1	16	147	99	96		24.94444
261	9	Mi5	E5	336	336	1	16	147	99	96		25
262	9	Re5	D5	327	327	1	4	588	95	96		25.22222
263	55			0	0	0	0	0	0	0		25.22222
264	54			0	0	0	0	0	0	0	buselik@re5	25.22222
265	53			0	0	0	0	0	0	0		25.22222
266	9	Sol5	G5	349	349	1	8	294	95	96	Se	25.33333
267	9	Sol5	G5	349	349	1	16	147	99	96	ni 	25.38889
268	9	Fa5	F5	340	340	1	16	147	95	96		25.44444
269	9	Fa5	F5	340	340	1	8	294	99	96	söy	25.55556
270	9	Mi5b1	E5b1	335	335	1	8	294	95	96		25.66667
271	9	Mi5b1	E5b1	335	335	1	4	588	99	96	ler 	25.88889
272	9	Re5	D5	327	327	1	8	294	95	96		26
273	9	Re5	D5	327	327	1	8	294	95	96	se	26.11111
274	9	Mi5b1	E5b1	335	335	1	4	588	99	96	ni 	26.33333
275	9	Re5	D5	327	327	1	8	294	95	96		26.44444
276	55			0	0	0	0	0	0	0		26.44444
277	9	Re5	D5	327	327	3	16	441	99	96	is	26.61111
278	9	Do5	C5	318	318	1	16	147	95	96		26.66667
279	9	Si4b1	B4b1	313	313	1	4	588	95	96	ter  	26.88889
280	9	Do5	C5	318	318	1	8	294	95	96	Yâr 	27
281	54			0	0	0	0	0	0	0	rast@sol4	27
282	9	Re5	D5	327	327	2	4	1176	95	96	ey 	27.44444
283	9	Sol4	G4	296	296	1	16	147	95	96	SAZ	27.5
284	9	La4	A4	305	305	1	16	147	95	96	.	27.55556
285	9	Si4b1	B4b1	313	313	1	16	147	95	96	.	27.61111
286	9	Do5	C5	318	318	1	16	147	95	96	.	27.66667
287	9	Re5	D5	327	327	1	8	294	95	96	.	27.77778
288	55			0	0	0	0	0	0	0		27.77778
289	54			0	0	0	0	0	0	0	buselik@re5	27.77778
290	53			0	0	0	0	0	0	0		27.77778
291	9			-1	-1	1	4	588	100	0		28
292	9	Re5	D5	327	327	1	8	294	99	96	yâr 	28.11111
293	9	Do5	C5	318	318	1	16	147	99	96		28.16667
294	9	Re5	D5	327	327	1	16	147	99	96		28.22222
295	9	Mi5b1	E5b1	335	335	3	16	441	99	96		28.38889
296	9	Re5	D5	327	327	1	16	147	99	96		28.44444
297	9	Re5	D5	327	327	1	8	294	99	96		28.55556
298	9	Do5	C5	318	318	1	16	147	99	96		28.61111
299	9	Re5	D5	327	327	1	16	147	99	96		28.66667
300	9	Mi5b1	E5b1	335	335	1	4	588	99	96		28.88889
301	9	Re5	D5	327	327	1	8	294	95	96		29
302	55			0	0	0	0	0	0	0		29
303	9			-1	-1	1	8	294	100	0		29.11111
304	9	Sol5	G5	349	349	1	8	294	99	96	yâr 	29.22222
305	9	Fa5	F5	340	340	1	8	294	99	96		29.33333
306	9	Mi5b1	E5b1	335	335	1	8	294	99	96		29.44444
307	9	Re5	D5	327	327	1	8	294	99	96		29.55556
308	9	Do5	C5	318	318	1	8	294	99	96		29.66667
309	12	Re5	D5	327	327	1	8	294	99	96		29.77778
310	12	Do5	C5	318	318	1	8	294	95	90		29.88889
311	9	Do5	C5	318	318	1	16	147	99	90	a	29.94444
312	11	Si4b1	B4b1	313	313	1	16	147	95	93		30
313	9	Si4b1	B4b1	313	313	3	8	882	95	96	man  	30.33333
314	53			0	0	0	0	0	0	0		30.33333
315	9	Si4b1	B4b1	313	313	1	16	147	95	96	SAZ	30.38889
316	9	Do5	C5	318	318	1	16	147	95	96	.	30.44444
317	9	Si4b1	B4b1	313	313	1	16	147	95	96	.	30.5
318	9	La4#3	A4#4	308	309	1	16	147	95	96	.	30.55556
319	9	Sol4	G4	296	296	1	16	147	95	96	.	30.61111
320	9	La4#3	A4#4	308	309	1	16	147	95	96	.	30.66667
321	9	Si4b1	B4b1	313	313	3	16	441	95	96	.	30.83333
322	9	Do5	C5	318	318	1	16	147	95	96	.	30.88889
323	9	Si4b1	B4b1	313	313	1	16	147	95	96	.	30.94444
324	9	Do5	C5	318	318	1	16	147	95	96	.	31
325	54			0	0	0	0	0	0	0	ussak@la4	31
326	9	Re5	D5	327	327	1	4	588	95	96	.	31.22222
327	9	Re5	D5	327	327	1	8	294	95	96	De	31.33333
328	9	Do5	C5	318	318	1	16	147	99	96	li 	31.38889
329	9	Si4b1	B4b1	313	313	1	16	147	95	96		31.44444
330	7	Do5	C5	318	318	1	8	294	99	96	gön	31.55556
331	9	Si4b2	B4b1	312	313	1	16	147	99	96		31.61111
332	9	La4	A4	305	305	1	16	147	95	96		31.66667
333	9	La4	A4	305	305	1	4	588	99	96	lüm 	31.88889
334	55			0	0	0	0	0	0	0		31.88889
335	54			0	0	0	0	0	0	0	rast@sol4	31.88889
336	9	Si4b2	B4b1	312	313	1	8	294	95	96		32
337	9	Sol4	G4	296	296	1	8	294	95	96	se	32.11111
338	55			0	0	0	0	0	0	0		32.11111
339	53			0	0	0	0	0	0	0		32.11111
340	9	Sol5	G5	349	349	1	8	294	99	96	ni 	32.22222
341	9	Fa5	F5	340	340	1	8	294	99	96		32.33333
342	9	Mi5b1	E5b1	335	335	1	8	294	95	96		32.44444
343	9	Re5	D5	327	327	1	8	294	99	96	is	32.55556
344	9	Do5	C5	318	318	1	8	294	99	96		32.66667
345	11	Re5	D5	327	327	1	16	147	99	96		32.72222
346	11	Re5	D5	327	327	1	16	147	99	96		32.77778
347	11	Do5	C5	318	318	1	16	147	99	96		32.83333
348	11	Do5	C5	318	318	1	16	147	99	96		32.88889
349	9	Do5	C5	318	318	1	16	147	99	96		32.94444
350	11	Si4b1	B4b1	313	313	1	16	147	95	96		33
351	9	Si4b1	B4b1	313	313	3	8	882	95	96	ter  	33.33333
352	9	Si4b1	B4b1	313	313	1	16	147	95	96	SAZ	33.38889
353	9	Do5	C5	318	318	1	16	147	95	96	.	33.44444
354	9	Si4b1	B4b1	313	313	1	16	147	95	96	.	33.5
355	9	La4#3	A4#4	308	309	1	16	147	95	96	.	33.55556
356	9	Sol4	G4	296	296	1	16	147	95	96	.	33.61111
357	9	La4#3	A4#4	308	309	1	16	147	95	96	.	33.66667
358	9	Si4b1	B4b1	313	313	3	8	882	95	96	.	34
359	53			0	0	0	0	0	0	0		34
360	54			0	0	0	0	0	0	0	hicaz@fa4#4	34
361	9	Do5	C5	318	318	1	16	147	95	96	ARANAĞME	34.05556
362	9	Si4b1	B4b1	313	313	1	16	147	95	96	.	34.11111
363	9	La4#4	A4#4	309	309	1	8	294	95	96	.	34.22222
364	9	Si4b1	B4b1	313	313	1	8	294	95	96	.	34.33333
365	9	Do5	C5	318	318	1	8	294	95	96	.	34.44444
366	9	La4#4	A4#4	309	309	1	8	294	95	96	.	34.55556
367	9	Si4b1	B4b1	313	313	1	8	294	95	96	.	34.66667
368	9	Sol4	G4	296	296	1	8	294	95	96	.	34.77778
369	9	Fa4#4	F4#4	291	291	1	8	294	95	96	.	34.88889
370	9	Sol4	G4	296	296	1	8	294	95	96	.	35
371	9	La4#4	A4#4	309	309	1	8	294	95	96	.	35.11111
372	9	Sol4	G4	296	296	1	16	147	95	96	.	35.16667
373	9	La4#4	A4#4	309	309	1	16	147	95	96	.	35.22222
374	55			0	0	0	0	0	0	0		35.22222
375	9	Si4b1	B4b1	313	313	1	8	294	95	96	.	35.33333
376	9	La4#4	A4#4	309	309	1	16	147	95	96	.	35.38889
377	9	Si4b1	B4b1	313	313	1	16	147	95	96	.	35.44444
378	9	Do5	C5	318	318	1	8	294	95	96	.	35.55556
379	9	Si4b1	B4b1	313	313	1	16	147	95	96	.	35.61111
380	9	Do5	C5	318	318	1	16	147	95	96	.	35.66667
381	9	Re5	D5	327	327	3	8	882	95	96	.	36
382	53			0	0	0	0	0	0	0		36
383	9	Sol5	G5	349	349	3	16	441	95	96	.	36.16667
384	9	Fa5	F5	340	340	1	16	147	95	96	.	36.22222
385	9	Fa5	F5	340	340	3	16	441	95	96	.	36.38889
386	9	Mi5b1	E5b1	335	335	1	16	147	95	96	.	36.44444
387	9	Mi5b1	E5b1	335	335	3	16	441	95	96	.	36.61111
388	9	Re5	D5	327	327	1	16	147	95	96	.	36.66667
389	9	Re5	D5	327	327	1	16	147	95	96	.	36.72222
390	9	Mi5b1	E5b1	335	335	1	16	147	95	96	.	36.77778
391	9	Re5	D5	327	327	1	16	147	95	96	.	36.83333
392	9	Do5	C5	318	318	1	16	147	95	96	.	36.88889
393	9	Si4b1	B4b1	313	313	1	16	147	95	96	.	36.94444
394	9	La4#4	A4#4	309	309	1	16	147	95	96	.	37
395	9	Si4b1	B4b1	313	313	1	16	147	95	96	.	37.05556
396	9	Do5	C5	318	318	1	16	147	95	96	.	37.11111
397	9	Re5	D5	327	327	1	16	147	95	96	.	37.16667
398	9	Mi5b1	E5b1	335	335	1	16	147	95	96	.	37.22222
399	9	Fa5	F5	340	340	1	8	294	95	96	.	37.33333
400	9	Mi5b1	E5b1	335	335	1	16	147	95	96	.	37.38889
401	9	Re5	D5	327	327	1	16	147	95	96	.	37.44444
402	9	Re5	D5	327	327	1	16	147	95	96	.	37.5
403	9	Do5	C5	318	318	1	16	147	95	96	.	37.55556
404	9	Do5	C5	318	318	1	16	147	95	96	.	37.61111
405	11	Si4b1	B4b1	313	313	1	16	147	95	96	.	37.66667
406	9	Si4b1	B4b1	313	313	3	8	882	95	96	.	38
407	53			0	0	0	0	0	0	0		38
408	54			0	0	0	0	0	0	0	hicaz@fa4#4	38
409	9	Do5	C5	318	318	1	16	147	95	96	ARANAĞME	38.05556
410	9	Si4b1	B4b1	313	313	1	16	147	95	96	.	38.11111
411	9	La4#4	A4#4	309	309	1	8	294	95	96	.	38.22222
412	9	Si4b1	B4b1	313	313	1	8	294	95	96	.	38.33333
413	9	Do5	C5	318	318	1	8	294	95	96	.	38.44444
414	9	La4#4	A4#4	309	309	1	8	294	95	96	.	38.55556
415	9	Si4b1	B4b1	313	313	1	8	294	95	96	.	38.66667
416	9	Sol4	G4	296	296	1	8	294	95	96	.	38.77778
417	9	Fa4#4	F4#4	291	291	1	8	294	95	96	.	38.88889
418	9	Sol4	G4	296	296	1	8	294	95	96	.	39
419	9	La4#4	A4#4	309	309	1	8	294	95	96	.	39.11111
420	9	Sol4	G4	296	296	1	16	147	95	96	.	39.16667
421	9	La4#4	A4#4	309	309	1	16	147	95	96	.	39.22222
422	55			0	0	0	0	0	0	0		39.22222
423	9	Si4b1	B4b1	313	313	1	8	294	95	96	.	39.33333
424	9	La4#4	A4#4	309	309	1	16	147	95	96	.	39.38889
425	9	Si4b1	B4b1	313	313	1	16	147	95	96	.	39.44444
426	9	Do5	C5	318	318	1	8	294	95	96	.	39.55556
427	9	Si4b1	B4b1	313	313	1	16	147	95	96	.	39.61111
428	9	Do5	C5	318	318	1	16	147	95	96	.	39.66667
429	9	Re5	D5	327	327	3	8	882	95	96	.	40
430	53			0	0	0	0	0	0	0		40
431	9	Sol5	G5	349	349	3	16	441	95	96	.	40.16667
432	9	Fa5	F5	340	340	1	16	147	95	96	.	40.22222
433	9	Fa5	F5	340	340	3	16	441	95	96	.	40.38889
434	9	Mi5b1	E5b1	335	335	1	16	147	95	96	.	40.44444
435	9	Mi5b1	E5b1	335	335	3	16	441	95	96	.	40.61111
436	9	Re5	D5	327	327	1	16	147	95	96	.	40.66667
437	9	Re5	D5	327	327	1	16	147	95	96	.	40.72222
438	9	Mi5b1	E5b1	335	335	1	16	147	95	96	.	40.77778
439	9	Re5	D5	327	327	1	16	147	95	96	.	40.83333
440	9	Do5	C5	318	318	1	16	147	95	96	.	40.88889
441	9	Si4b1	B4b1	313	313	1	16	147	95	96	.	40.94444
442	9	La4#4	A4#4	309	309	1	16	147	95	96	.	41
443	9	Si4b1	B4b1	313	313	1	16	147	95	96	.	41.05556
444	9	Do5	C5	318	318	1	16	147	95	96	.	41.11111
445	9	Re5	D5	327	327	1	16	147	95	96	.	41.16667
446	9	Mi5b1	E5b1	335	335	1	16	147	95	96	.	41.22222
447	9	Fa5	F5	340	340	1	8	294	95	96	.	41.33333
448	9	Mi5b1	E5b1	335	335	1	16	147	95	96	.	41.38889
449	9	Re5	D5	327	327	1	16	147	95	96	.	41.44444
450	9	Re5	D5	327	327	1	16	147	95	96	.	41.5
451	9	Do5	C5	318	318	1	16	147	95	96	.	41.55556
452	9	Do5	C5	318	318	1	16	147	95	96	.	41.61111
453	9	Si4b1	B4b1	313	313	1	16	147	95	96	.	41.66667
454	9	Si4b1	B4b1	313	313	3	16	441	95	96	.	41.83333
455	9	Do5	C5	318	318	1	16	147	95	96	.	41.88889
456	9	La4#4	A4#4	309	309	1	16	147	95	96	.	41.94444
457	9	Do5	C5	318	318	1	16	147	95	96	.	42
458	9	Si4b1	B4b1	313	313	1	4	588	95	96	.	42.22222
459	9	Si4b1	B4b1	313	313	1	8	294	95	96	Be	42.33333
460	9	Si4b1	B4b1	313	313	1	8	294	95	96	nim 	42.44444
461	9	Si4b1	B4b1	313	313	1	4	588	95	96	sen 	42.66667
462	9	Si4b1	B4b1	313	313	3	8	882	95	96	nem	43
463	9	Si4b1	B4b1	313	313	1	4	588	95	96	sin 	43.22222
464	9	Si4b1	B4b1	313	313	1	4	588	95	96	ey 	43.44444
465	9	Do5	C5	318	318	1	4	588	95	96	dil	43.66667
466	9	Re5	D5	327	327	1	4	588	99	96	ber  	43.88889
467	9	Mi5b1	E5b1	335	335	1	16	147	99	96		43.94444
468	11	Re5	D5	327	327	1	16	147	99	96		44
469	9	Re5	D5	327	327	3	16	441	99	96		44.16667
470	9	Do5	C5	318	318	1	16	147	95	96		44.22222
471	9	Si4b1	B4b1	313	313	1	8	294	95	96	Be	44.33333
472	9	Si4b1	B4b1	313	313	1	8	294	95	96	nim 	44.44444
473	53			0	0	0	0	0	0	0		44.44444
474	9	Si4b1	B4b1	313	313	1	4	588	95	96	sen 	44.66667
475	9	Si4b1	B4b1	313	313	3	8	882	95	96	nem	45
476	9	Si4b1	B4b1	313	313	1	4	588	95	96	sin 	45.22222
477	9	Si4b1	B4b1	313	313	1	4	588	95	96	ey 	45.44444
478	9	Do5	C5	318	318	1	4	588	95	96	dil	45.66667
479	9	Re5	D5	327	327	1	4	588	99	96	ber  	45.88889
480	9	Mi5b1	E5b1	335	335	1	16	147	99	96		45.94444
481	11	Re5	D5	327	327	1	16	147	99	96		46
482	9	Re5	D5	327	327	1	8	294	95	96		46.11111
483	54			0	0	0	0	0	0	0	buselik@re5	46.11111
484	53			0	0	0	0	0	0	0		46.11111
485	9			-1	-1	1	8	294	100	0		46.22222
486	9	Sol5	G5	349	349	1	8	294	95	96	De	46.33333
487	9	Sol5	G5	349	349	1	16	147	99	96	li 	46.38889
488	9	Fa5	F5	340	340	1	16	147	95	96		46.44444
489	9	Fa5	F5	340	340	3	16	441	99	96	gön	46.61111
490	9	Mi5b1	E5b1	335	335	1	16	147	95	96		46.66667
491	9	Mi5b1	E5b1	335	335	1	4	588	99	96	lüm 	46.88889
492	9	Re5	D5	327	327	1	8	294	95	96		47
493	9	Re5	D5	327	327	1	8	294	95	96	se	47.11111
494	9	Mi5b1	E5b1	335	335	1	4	588	99	96	ni 	47.33333
495	9	Re5	D5	327	327	1	8	294	95	96		47.44444
496	55			0	0	0	0	0	0	0		47.44444
497	9	Re5	D5	327	327	3	16	441	99	96	is	47.61111
498	9	Do5	C5	318	318	1	16	147	95	96		47.66667
499	9	Si4b1	B4b1	313	313	1	4	588	95	96	ter  	47.88889
500	54			0	0	0	0	0	0	0	rast@sol4	47.88889
501	9	Do5	C5	318	318	1	8	294	95	96	Yâr 	48
502	9	Re5	D5	327	327	2	4	1176	95	96	ey 	48.44444
503	9	Sol4	G4	296	296	1	16	147	95	96	SAZ	48.5
504	9	La4	A4	305	305	1	16	147	95	96	.	48.55556
505	9	Si4b1	B4b1	313	313	1	16	147	95	96	.	48.61111
506	9	Do5	C5	318	318	1	16	147	95	96	.	48.66667
507	9	Re5	D5	327	327	1	8	294	95	96	.	48.77778
508	55			0	0	0	0	0	0	0		48.77778
509	54			0	0	0	0	0	0	0	buselik@re5	48.77778
510	53			0	0	0	0	0	0	0		48.77778
511	9			-1	-1	1	4	588	100	0		49
512	9	Re5	D5	327	327	1	8	294	99	96	yâr 	49.11111
513	9	Do5	C5	318	318	1	16	147	99	96		49.16667
514	9	Re5	D5	327	327	1	16	147	99	96		49.22222
515	9	Mi5b1	E5b1	335	335	3	16	441	99	96		49.38889
516	9	Re5	D5	327	327	1	16	147	99	96		49.44444
517	9	Re5	D5	327	327	1	8	294	99	96		49.55556
518	9	Do5	C5	318	318	1	16	147	99	96		49.61111
519	9	Re5	D5	327	327	1	16	147	99	96		49.66667
520	9	Mi5b1	E5b1	335	335	1	4	588	99	96		49.88889
521	9	Re5	D5	327	327	1	8	294	95	96		50
522	55			0	0	0	0	0	0	0		50
523	9			-1	-1	1	8	294	100	0		50.11111
524	9	Sol5	G5	349	349	1	8	294	99	96	yâr 	50.22222
525	9	Fa5	F5	340	340	1	8	294	99	96		50.33333
526	9	Mi5b1	E5b1	335	335	1	8	294	99	96		50.44444
527	9	Re5	D5	327	327	1	8	294	99	96		50.55556
528	9	Do5	C5	318	318	1	8	294	99	96		50.66667
529	9	Re5	D5	327	327	1	8	294	99	96		50.77778
530	9	Do5	C5	318	318	1	8	294	95	96		50.88889
531	9	Do5	C5	318	318	1	16	147	99	96	a	50.94444
532	11	Si4b1	B4b1	313	313	1	16	147	95	96		51
533	9	Si4b1	B4b1	313	313	1	4	588	95	96	man  	51.22222
534	9			-1	-1	1	8	294	100	0		51.33333
535	53			0	0	0	0	0	0	0		51.33333
536	9	Si4b1	B4b1	313	313	1	16	147	95	96	SAZ	51.38889
537	9	Do5	C5	318	318	1	16	147	95	96	.	51.44444
538	9	Si4b1	B4b1	313	313	1	16	147	95	96	.	51.5
539	9	La4#3	A4#4	308	309	1	16	147	95	96	.	51.55556
540	9	Sol4	G4	296	296	1	16	147	95	96	.	51.61111
541	9	La4#3	A4#4	308	309	1	16	147	95	96	.	51.66667
542	9	Si4b1	B4b1	313	313	3	16	441	95	96	.	51.83333
543	9	Do5	C5	318	318	1	16	147	95	96	.	51.88889
544	9	Si4b1	B4b1	313	313	1	16	147	95	96	.	51.94444
545	9	Do5	C5	318	318	1	16	147	95	96	.	52
546	54			0	0	0	0	0	0	0	ussak@la4	52
547	9	Re5	D5	327	327	1	4	588	95	96	.	52.22222
548	9	Re5	D5	327	327	1	8	294	95	96	De	52.33333
549	9	Do5	C5	318	318	1	16	147	99	96	li 	52.38889
550	9	Si4b1	B4b1	313	313	1	16	147	95	96		52.44444
551	9	Do5	C5	318	318	1	8	294	99	96	gön	52.55556
552	9	Si4b2	B4b1	312	313	1	16	147	99	96		52.61111
553	9	La4	A4	305	305	1	16	147	95	96		52.66667
554	9	La4	A4	305	305	1	4	588	99	96	lüm 	52.88889
555	55			0	0	0	0	0	0	0		52.88889
556	54			0	0	0	0	0	0	0	rast@sol4	52.88889
557	9	Si4b2	B4b1	312	313	1	8	294	95	96		53
558	9	Sol4	G4	296	296	1	8	294	95	96	se	53.11111
559	55			0	0	0	0	0	0	0		53.11111
560	53			0	0	0	0	0	0	0		53.11111
561	9	Sol5	G5	349	349	1	8	294	99	96	ni 	53.22222
562	9	Fa5	F5	340	340	1	8	294	99	96		53.33333
563	9	Mi5b1	E5b1	335	335	1	8	294	95	96		53.44444
564	9	Re5	D5	327	327	1	8	294	99	96	is	53.55556
565	9	Do5	C5	318	318	1	8	294	99	96		53.66667
566	7	Re5	D5	327	327	1	8	294	99	96		53.77778
567	9	Do5	C5	318	318	1	16	147	99	96		53.83333
568	9	Do5	C5	318	318	1	16	147	99	96		53.88889
569	9	Do5	C5	318	318	1	16	147	99	96		53.94444
570	11	Si4b1	B4b1	313	313	1	16	147	95	96		54
571	54			0	0	0	0	0	0	0	segah@fa5#4	54
572	9	Si4b1	B4b1	313	313	3	8	882	95	96	ter  	54.33333
573	9	La5	A5	358	358	1	16	147	95	96	SAZ	54.38889
574	9	Sol5	G5	349	349	1	16	147	95	96	.	54.44444
575	9	Sol5	G5	349	349	1	16	147	95	96	.	54.5
576	9	Fa5#4	F5#4	344	344	1	16	147	95	96	.	54.55556
577	9	Fa5#4	F5#4	344	344	1	16	147	95	96	.	54.61111
578	9	Mi5#3	E5#4	339	340	1	16	147	95	96	.	54.66667
579	9	Fa5#4	F5#4	344	344	3	16	441	95	96	.	54.83333
580	9	Sol5	G5	349	349	1	16	147	95	96	.	54.88889
581	9	Mi5#3	E5#4	339	340	1	16	147	95	96	.	54.94444
582	9	Sol5	G5	349	349	1	16	147	95	96	.	55
583	9	Fa5#4	F5#4	344	344	1	4	588	95	96	.	55.22222
584	53			0	0	0	0	0	0	0		55.22222
585	9	Fa5#4	F5#4	344	344	1	8	294	95	96	Zan	55.33333
586	9	Fa5#4	F5#4	344	344	1	8	294	95	96	ne	55.44444
587	9	Fa5#4	F5#4	344	344	1	4	588	95	96	der	55.66667
588	9	Fa5#4	F5#4	344	344	1	4	588	95	96	ler 	55.88889
589	9			-1	-1	1	8	294	100	0		56
590	9	Mi5#3	E5#4	339	340	1	8	294	99	96	et	56.11111
591	9	Fa5#4	F5#4	344	344	1	8	294	99	96		56.22222
592	9	Sol5	G5	349	349	1	8	294	95	96		56.33333
593	9	La5	A5	358	358	1	8	294	95	96	miş 	56.44444
594	9	Sol5	G5	349	349	1	8	294	99	96	ez	56.55556
595	9	Fa5#4	F5#4	344	344	1	8	294	95	96		56.66667
596	55			0	0	0	0	0	0	0		56.66667
597	54			0	0	0	0	0	0	0	rast@re5	56.66667
598	9	Sol5	G5	349	349	1	4	588	99	96	ber  	56.88889
599	9	Fa5#4	F5#4	344	344	1	16	147	99	96		56.94444
600	9	Mi5	E5	336	336	1	16	147	99	96		57
601	9	Re5	D5	327	327	1	4	588	95	96		57.22222
602	55			0	0	0	0	0	0	0		57.22222
603	54			0	0	0	0	0	0	0	segah@fa5#4	57.22222
604	53			0	0	0	0	0	0	0		57.22222
605	9	Fa5#4	F5#4	344	344	1	8	294	95	96	Zan	57.33333
606	9	Fa5#4	F5#4	344	344	1	8	294	95	96	ne	57.44444
607	9	Fa5#4	F5#4	344	344	1	4	588	95	96	der	57.66667
608	9	Fa5#4	F5#4	344	344	1	4	588	95	96	ler 	57.88889
609	9			-1	-1	1	8	294	100	0		58
610	9	Mi5#3	E5#4	339	340	1	8	294	99	96	et	58.11111
611	9	Fa5#4	F5#4	344	344	1	8	294	99	96		58.22222
612	9	Sol5	G5	349	349	1	8	294	95	96		58.33333
613	9	La5	A5	358	358	1	8	294	95	96	miş 	58.44444
614	9	Sol5	G5	349	349	1	8	294	99	96	ez	58.55556
615	9	Fa5#4	F5#4	344	344	1	8	294	95	96		58.66667
616	55			0	0	0	0	0	0	0		58.66667
617	54			0	0	0	0	0	0	0	rast@re5	58.66667
618	9	Sol5	G5	349	349	1	4	588	99	96	ber  	58.88889
619	9	Fa5#4	F5#4	344	344	1	16	147	99	96		58.94444
620	9	Mi5	E5	336	336	1	16	147	99	96		59
621	9	Re5	D5	327	327	1	4	588	95	96		59.22222
622	55			0	0	0	0	0	0	0		59.22222
623	54			0	0	0	0	0	0	0	buselik@re5	59.22222
624	53			0	0	0	0	0	0	0		59.22222
625	9	Sol5	G5	349	349	1	8	294	95	96	Se	59.33333
626	9	Sol5	G5	349	349	1	16	147	99	96	ni 	59.38889
627	9	Fa5	F5	340	340	1	16	147	95	96		59.44444
628	9	Fa5	F5	340	340	1	8	294	99	96	söy	59.55556
629	9	Mi5b1	E5b1	335	335	1	8	294	95	96		59.66667
630	9	Mi5b1	E5b1	335	335	1	4	588	99	96	ler 	59.88889
631	9	Re5	D5	327	327	1	8	294	95	96		60
632	9	Re5	D5	327	327	1	8	294	95	96	se	60.11111
633	9	Mi5b1	E5b1	335	335	1	4	588	99	96	ni 	60.33333
634	9	Re5	D5	327	327	1	8	294	95	96		60.44444
635	55			0	0	0	0	0	0	0		60.44444
636	9	Re5	D5	327	327	3	16	441	99	96	is	60.61111
637	9	Do5	C5	318	318	1	16	147	95	96		60.66667
638	9	Si4b1	B4b1	313	313	1	4	588	95	96	ter  	60.88889
639	9	Do5	C5	318	318	1	8	294	95	96	Yâr 	61
640	54			0	0	0	0	0	0	0	rast@sol4	61
641	9	Re5	D5	327	327	2	4	1176	95	96	ey 	61.44444
642	9	Sol4	G4	296	296	1	16	147	95	96	SAZ	61.5
643	9	La4	A4	305	305	1	16	147	95	96	.	61.55556
644	9	Si4b1	B4b1	313	313	1	16	147	95	96	.	61.61111
645	9	Do5	C5	318	318	1	16	147	95	96	.	61.66667
646	9	Re5	D5	327	327	1	8	294	95	96	.	61.77778
647	55			0	0	0	0	0	0	0		61.77778
648	54			0	0	0	0	0	0	0	buselik@re5	61.77778
649	53			0	0	0	0	0	0	0		61.77778
650	9			-1	-1	1	4	588	100	0		62
651	9	Re5	D5	327	327	1	8	294	99	96	yâr 	62.11111
652	9	Do5	C5	318	318	1	16	147	99	96		62.16667
653	9	Re5	D5	327	327	1	16	147	99	96		62.22222
654	9	Mi5b1	E5b1	335	335	3	16	441	99	96		62.38889
655	9	Re5	D5	327	327	1	16	147	99	96		62.44444
656	9	Re5	D5	327	327	1	8	294	99	96		62.55556
657	9	Do5	C5	318	318	1	16	147	99	96		62.61111
658	9	Re5	D5	327	327	1	16	147	99	96		62.66667
659	9	Mi5b1	E5b1	335	335	1	4	588	99	96		62.88889
660	9	Re5	D5	327	327	1	8	294	95	96		63
661	55			0	0	0	0	0	0	0		63
662	9			-1	-1	1	8	294	100	0		63.11111
663	9	Sol5	G5	349	349	1	8	294	99	96	yâr 	63.22222
664	9	Fa5	F5	340	340	1	8	294	99	96		63.33333
665	9	Mi5b1	E5b1	335	335	1	8	294	99	96		63.44444
666	9	Re5	D5	327	327	1	8	294	99	96		63.55556
667	9	Do5	C5	318	318	1	8	294	99	96		63.66667
668	12	Re5	D5	327	327	1	8	294	99	96		63.77778
669	12	Do5	C5	318	318	1	8	294	95	90		63.88889
670	9	Do5	C5	318	318	1	16	147	99	90	a	63.94444
671	11	Si4b1	B4b1	313	313	1	16	147	95	93		64
672	9	Si4b1	B4b1	313	313	3	8	882	95	96	man  	64.33334
673	53			0	0	0	0	0	0	0		64.33334
674	9	Si4b1	B4b1	313	313	1	16	147	95	96	SAZ	64.38889
675	9	Do5	C5	318	318	1	16	147	95	96	.	64.44444
676	9	Si4b1	B4b1	313	313	1	16	147	95	96	.	64.5
677	9	La4#3	A4#4	308	309	1	16	147	95	96	.	64.55556
678	9	Sol4	G4	296	296	1	16	147	95	96	.	64.61111
679	9	La4#3	A4#4	308	309	1	16	147	95	96	.	64.66666
680	9	Si4b1	B4b1	313	313	3	16	441	95	96	.	64.83334
681	9	Do5	C5	318	318	1	16	147	95	96	.	64.88889
682	9	Si4b1	B4b1	313	313	1	16	147	95	96	.	64.94444
683	9	Do5	C5	318	318	1	16	147	95	96	.	65
684	54			0	0	0	0	0	0	0	ussak@la4	65
685	9	Re5	D5	327	327	1	4	588	95	96	.	65.22222
686	9	Re5	D5	327	327	1	8	294	95	96	De	65.33334
687	9	Do5	C5	318	318	1	16	147	99	96	li 	65.38889
688	9	Si4b1	B4b1	313	313	1	16	147	95	96		65.44444
689	7	Do5	C5	318	318	1	8	294	99	96	gön	65.55556
690	9	Si4b2	B4b1	312	313	1	16	147	99	96		65.61111
691	9	La4	A4	305	305	1	16	147	95	96		65.66666
692	9	La4	A4	305	305	1	4	588	99	96	lüm 	65.88889
693	55			0	0	0	0	0	0	0		65.88889
694	54			0	0	0	0	0	0	0	rast@sol4	65.88889
695	9	Si4b2	B4b1	312	313	1	8	294	95	96		66
696	9	Sol4	G4	296	296	1	8	294	95	96	se	66.11111
697	55			0	0	0	0	0	0	0		66.11111
698	53			0	0	0	0	0	0	0		66.11111
699	9	Sol5	G5	349	349	1	8	294	99	96	ni 	66.22222
700	9	Fa5	F5	340	340	1	8	294	99	96		66.33334
701	9	Mi5b1	E5b1	335	335	1	8	294	95	96		66.44444
702	9	Re5	D5	327	327	1	8	294	99	96	is	66.55556
703	9	Do5	C5	318	318	1	8	294	99	96		66.66666
704	11	Re5	D5	327	327	1	16	147	99	96		66.72222
705	11	Re5	D5	327	327	1	16	147	99	96		66.77778
706	11	Do5	C5	318	318	1	16	147	99	96		66.83334
707	11	Do5	C5	318	318	1	16	147	99	96		66.88889
708	9	Do5	C5	318	318	1	16	147	99	96		66.94444
709	11	Si4b1	B4b1	313	313	1	16	147	95	96		67
710	9	Si4b1	B4b1	313	313	3	8	882	95	96	ter  	67.33334
711	9	Si4b1	B4b1	313	313	1	16	147	95	96	SAZ	67.38889
712	9	Do5	C5	318	318	1	16	147	95	96	.	67.44444
713	9	Si4b1	B4b1	313	313	1	16	147	95	96	.	67.5
714	9	La4#3	A4#4	308	309	1	16	147	95	96	.	67.55556
715	9	Sol4	G4	296	296	1	16	147	95	96	.	67.61111
716	9	La4#3	A4#4	308	309	1	16	147	95	96	.	67.66666
717	9	Si4b1	B4b1	313	313	3	8	882	95	96	.	68
718	53			0	0	0	0	0	0	0		68
