Sıra	Kod	Nota53	NotaAE	Koma53	KomaAE	Pay	Payda	Ms	LNS	Bas	Soz1	Offset
1	54			0	0	0	0	0	0	0	segah@si4b1	0
2	9	Re5	D5	327	327	3	8	833	95	96	ARANAĞME 	0.3
3	9	Re5	D5	327	327	1	4	556	95	96	.	0.5
4	9	Re5	D5	327	327	1	16	139	95	96	.	0.55
5	9	Do5	C5	318	318	1	16	139	95	96	.	0.6
6	9	Re5	D5	327	327	1	16	139	95	96	.	0.65
7	9	Mi5	E5	336	336	1	16	139	95	96	.	0.7
8	9	Do5	C5	318	318	1	4	556	95	96	.	0.9
9	9	Si4b2	B4b1	312	313	1	8	278	95	96	.	1
10	55			0	0	0	0	0	0	0		1
11	54			0	0	0	0	0	0	0	rast@sol4	1
12	9	Do5	C5	318	318	3	8	833	95	96	.	1.3
13	9	Do5	C5	318	318	1	4	556	95	96	.	1.5
14	9	Do5	C5	318	318	1	16	139	95	96	.	1.55
15	9	Si4b2	B4b1	312	313	1	16	139	95	96	.	1.6
16	9	Do5	C5	318	318	1	16	139	95	96	.	1.65
17	9	Re5	D5	327	327	1	16	139	95	96	.	1.7
18	9	Si4b2	B4b1	312	313	1	8	278	95	96	.	1.8
19	9	La4	A4	305	305	1	8	278	95	96	.	1.9
20	9	Sol4	G4	296	296	1	8	278	95	96	.	2
21	53			0	0	0	0	0	0	0		2
22	9	Fa4#3	F4#4	290	291	1	8	278	95	96	.	2.1
23	9	Sol4	G4	296	296	1	8	278	95	96	.	2.2
24	9	La4	A4	305	305	1	8	278	95	96	.	2.3
25	9	Si4b2	B4b1	312	313	1	8	278	95	96	.	2.4
26	9	Do5	C5	318	318	1	8	278	95	96	.	2.5
27	9	Re5	D5	327	327	1	8	278	95	96	.	2.6
28	55			0	0	0	0	0	0	0		2.6
29	54			0	0	0	0	0	0	0	buselik@re5	2.6
30	9	Mi5	E5	336	336	1	8	278	95	96	.	2.7
31	9	Fa5	F5	340	340	1	8	278	95	96	.	2.8
32	9	Mi5	E5	336	336	1	8	278	95	96	.	2.9
33	9	Re5	D5	327	327	1	8	278	95	96	.	3
34	9	La5	A5	358	358	1	8	278	95	96	.	3.1
35	9	Sol5	G5	349	349	1	8	278	95	96	.	3.2
36	9	Fa5	F5	340	340	1	8	278	95	96	.	3.3
37	9	Mi5	E5	336	336	1	8	278	95	96	.	3.4
38	9	Re5	D5	327	327	1	8	278	95	96	.	3.5
39	9	Mi5	E5	336	336	1	8	278	95	96	.	3.6
40	9	Do5	C5	318	318	1	8	278	95	96	.	3.7
41	9	Re5	D5	327	327	1	4	556	95	96	.	3.9
42	55			0	0	0	0	0	0	0		3.9
43	53			0	0	0	0	0	0	0		3.9
44	9			-1	-1	1	8	278	100	0	.	4
45	54			0	0	0	0	0	0	0	segah@si4b1	4
46	9	Re5	D5	327	327	3	8	833	95	96	.	4.3
47	9	Re5	D5	327	327	1	4	556	95	96	.	4.5
48	9	Re5	D5	327	327	1	16	139	95	96	.	4.55
49	9	Do5	C5	318	318	1	16	139	95	96	.	4.6
50	9	Re5	D5	327	327	1	16	139	95	96	.	4.65
51	9	Mi5	E5	336	336	1	16	139	95	96	.	4.7
52	9	Do5	C5	318	318	1	4	556	95	96	.	4.9
53	9	Si4b2	B4b1	312	313	1	8	278	95	96	.	5
54	55			0	0	0	0	0	0	0		5
55	54			0	0	0	0	0	0	0	rast@sol4	5
56	9	Do5	C5	318	318	3	8	833	95	96	.	5.3
57	9	Do5	C5	318	318	1	4	556	95	96	.	5.5
58	9	Do5	C5	318	318	1	16	139	95	96	.	5.55
59	9	Si4b2	B4b1	312	313	1	16	139	95	96	.	5.6
60	9	Do5	C5	318	318	1	16	139	95	96	.	5.65
61	9	Re5	D5	327	327	1	16	139	95	96	.	5.7
62	9	Si4b2	B4b1	312	313	1	8	278	95	96	.	5.8
63	9	La4	A4	305	305	1	8	278	95	96	.	5.9
64	9	Sol4	G4	296	296	1	8	278	95	96	.	6
65	53			0	0	0	0	0	0	0		6
66	9	Fa4#3	F4#4	290	291	1	8	278	95	96	.	6.1
67	9	Sol4	G4	296	296	1	8	278	95	96	.	6.2
68	9	La4	A4	305	305	1	8	278	95	96	.	6.3
69	9	Si4b2	B4b1	312	313	1	8	278	95	96	.	6.4
70	9	Do5	C5	318	318	1	8	278	95	96	.	6.5
71	9	Re5	D5	327	327	1	8	278	95	96	.	6.6
72	55			0	0	0	0	0	0	0		6.6
73	54			0	0	0	0	0	0	0	huseyni@la4	6.6
74	9	Mi5	E5	336	336	1	8	278	95	96	.	6.7
75	9	Do5	C5	318	318	1	8	278	95	96	.	6.8
76	9	Si4b2	B4b1	312	313	1	8	278	95	96	.	6.9
77	9	La4	A4	305	305	1	8	278	95	96	.	7
78	55			0	0	0	0	0	0	0		7
79	9	La4	A4	305	305	1	8	278	95	96	.	7.1
80	9	Si4b2	B4b1	312	313	1	8	278	95	96	.	7.2
81	9	Re5	D5	327	327	1	8	278	95	96	.	7.3
82	9	Do5	C5	318	318	1	8	278	95	96	.	7.4
83	9	Si4b2	B4b1	312	313	1	8	278	95	96	.	7.5
84	9	Si4b2	B4b1	312	313	1	8	278	95	96	.	7.6
85	9	La4	A4	305	305	1	8	278	95	96	.	7.7
86	9	La4	A4	305	305	3	8	833	95	96	.  	8
87	53			0	0	0	0	0	0	0		8
88	54			0	0	0	0	0	0	0	segah@si4b1	8
89	9	Re5	D5	327	327	3	8	833	95	96	ARANAĞME 	8.3
90	9	Re5	D5	327	327	1	4	556	95	96	.	8.5
91	9	Re5	D5	327	327	1	16	139	95	96	.	8.55
92	9	Do5	C5	318	318	1	16	139	95	96	.	8.6
93	9	Re5	D5	327	327	1	16	139	95	96	.	8.65
94	9	Mi5	E5	336	336	1	16	139	95	96	.	8.7
95	9	Do5	C5	318	318	1	4	556	95	96	.	8.9
96	9	Si4b2	B4b1	312	313	1	8	278	95	96	.	9
97	55			0	0	0	0	0	0	0		9
98	54			0	0	0	0	0	0	0	rast@sol4	9
99	9	Do5	C5	318	318	3	8	833	95	96	.	9.3
100	9	Do5	C5	318	318	1	4	556	95	96	.	9.5
101	9	Do5	C5	318	318	1	16	139	95	96	.	9.55
102	9	Si4b2	B4b1	312	313	1	16	139	95	96	.	9.6
103	9	Do5	C5	318	318	1	16	139	95	96	.	9.65
104	9	Re5	D5	327	327	1	16	139	95	96	.	9.7
105	9	Si4b2	B4b1	312	313	1	8	278	95	96	.	9.8
106	9	La4	A4	305	305	1	8	278	95	96	.	9.9
107	9	Sol4	G4	296	296	1	8	278	95	96	.	10
108	53			0	0	0	0	0	0	0		10
109	9	Fa4#3	F4#4	290	291	1	8	278	95	96	.	10.1
110	9	Sol4	G4	296	296	1	8	278	95	96	.	10.2
111	9	La4	A4	305	305	1	8	278	95	96	.	10.3
112	9	Si4b2	B4b1	312	313	1	8	278	95	96	.	10.4
113	9	Do5	C5	318	318	1	8	278	95	96	.	10.5
114	9	Re5	D5	327	327	1	8	278	95	96	.	10.6
115	55			0	0	0	0	0	0	0		10.6
116	54			0	0	0	0	0	0	0	buselik@re5	10.6
117	9	Mi5	E5	336	336	1	8	278	95	96	.	10.7
118	9	Fa5	F5	340	340	1	8	278	95	96	.	10.8
119	9	Mi5	E5	336	336	1	8	278	95	96	.	10.9
120	9	Re5	D5	327	327	1	8	278	95	96	.	11
121	9	La5	A5	358	358	1	8	278	95	96	.	11.1
122	9	Sol5	G5	349	349	1	8	278	95	96	.	11.2
123	9	Fa5	F5	340	340	1	8	278	95	96	.	11.3
124	9	Mi5	E5	336	336	1	8	278	95	96	.	11.4
125	9	Re5	D5	327	327	1	8	278	95	96	.	11.5
126	9	Mi5	E5	336	336	1	8	278	95	96	.	11.6
127	9	Do5	C5	318	318	1	8	278	95	96	.	11.7
128	9	Re5	D5	327	327	1	4	556	95	96	.	11.9
129	55			0	0	0	0	0	0	0		11.9
130	53			0	0	0	0	0	0	0		11.9
131	9			-1	-1	1	8	278	100	0	.	12
132	54			0	0	0	0	0	0	0	segah@si4b1	12
133	9	Re5	D5	327	327	3	8	833	95	96	.	12.3
134	9	Re5	D5	327	327	1	4	556	95	96	.	12.5
135	9	Re5	D5	327	327	1	16	139	95	96	.	12.55
136	9	Do5	C5	318	318	1	16	139	95	96	.	12.6
137	9	Re5	D5	327	327	1	16	139	95	96	.	12.65
138	9	Mi5	E5	336	336	1	16	139	95	96	.	12.7
139	9	Do5	C5	318	318	1	4	556	95	96	.	12.9
140	9	Si4b2	B4b1	312	313	1	8	278	95	96	.	13
141	55			0	0	0	0	0	0	0		13
142	54			0	0	0	0	0	0	0	rast@sol4	13
143	9	Do5	C5	318	318	3	8	833	95	96	.	13.3
144	9	Do5	C5	318	318	1	4	556	95	96	.	13.5
145	9	Do5	C5	318	318	1	16	139	95	96	.	13.55
146	9	Si4b2	B4b1	312	313	1	16	139	95	96	.	13.6
147	9	Do5	C5	318	318	1	16	139	95	96	.	13.65
148	9	Re5	D5	327	327	1	16	139	95	96	.	13.7
149	9	Si4b2	B4b1	312	313	1	8	278	95	96	.	13.8
150	9	La4	A4	305	305	1	8	278	95	96	.	13.9
151	9	Sol4	G4	296	296	1	8	278	95	96	.	14
152	53			0	0	0	0	0	0	0		14
153	9	Fa4#3	F4#4	290	291	1	8	278	95	96	.	14.1
154	9	Sol4	G4	296	296	1	8	278	95	96	.	14.2
155	9	La4	A4	305	305	1	8	278	95	96	.	14.3
156	9	Si4b2	B4b1	312	313	1	8	278	95	96	.	14.4
157	9	Do5	C5	318	318	1	8	278	95	96	.	14.5
158	9	Re5	D5	327	327	1	8	278	95	96	.	14.6
159	55			0	0	0	0	0	0	0		14.6
160	54			0	0	0	0	0	0	0	huseyni@la4	14.6
161	9	Mi5	E5	336	336	1	8	278	95	96	.	14.7
162	9	Do5	C5	318	318	1	8	278	95	96	.	14.8
163	9	Si4b2	B4b1	312	313	1	8	278	95	96	.	14.9
164	9	La4	A4	305	305	1	8	278	95	96	.	15
165	55			0	0	0	0	0	0	0		15
166	9	La4	A4	305	305	1	8	278	95	96	.	15.1
167	9	Si4b2	B4b1	312	313	1	8	278	95	96	.	15.2
168	9	Re5	D5	327	327	1	8	278	95	96	.	15.3
169	9	Do5	C5	318	318	1	8	278	95	96	.	15.4
170	9	Si4b2	B4b1	312	313	1	8	278	95	96	.	15.5
171	9	Si4b2	B4b1	312	313	1	8	278	95	96	.	15.6
172	9	La4	A4	305	305	1	8	278	95	96	.	15.7
173	9	La4	A4	305	305	3	8	833	95	96	.  	16
174	53			0	0	0	0	0	0	0		16
175	9			-1	-1	1	4	556	100	0		16.2
176	54			0	0	0	0	0	0	0	rast@sol4	16.2
177	9	Fa4#3	F4#4	290	291	1	8	278	95	96	E	16.3
178	9	Sol4	G4	296	296	1	4	556	95	96	sîr_	16.5
179	9	La4	A4	305	305	1	4	556	95	96	i 	16.7
180	9	La4	A4	305	305	3	8	833	95	96	zül	17
181	9	Si4b2	B4b1	312	313	1	4	556	95	96	fü	17.2
182	9	Do5	C5	318	318	1	8	278	99	96	nüm 	17.3
183	9	Si4b2	B4b1	312	313	1	8	278	99	96		17.4
184	9	La4	A4	305	305	1	8	278	99	96		17.5
185	9	Sol4	G4	296	296	1	8	278	99	96		17.6
186	9	Fa4#3	F4#4	290	291	1	8	278	99	96		17.7
187	9	Sol4	G4	296	296	3	8	833	95	96		18
188	55			0	0	0	0	0	0	0		18
189	53			0	0	0	0	0	0	0		18
190	9			-1	-1	1	4	556	100	0		18.2
191	9	Si4b2	B4b1	312	313	1	8	278	99	96	ey 	18.3
192	9	Do5	C5	318	318	1	4	556	99	96		18.5
193	54			0	0	0	0	0	0	0	buselik@re5	18.5
194	9	Do5	C5	318	318	1	8	278	99	96		18.6
195	9	Si4b2	B4b1	312	313	1	8	278	99	96		18.7
196	9	Mi5	E5	336	336	1	4	556	99	96		18.9
197	9	Re5	D5	327	327	1	8	278	95	96		19
198	54			0	0	0	0	0	0	0	segah@si4b1	19
199	54			0	0	0	0	0	0	0	huseyni@la4	19
200	9	Re5	D5	327	327	1	4	556	99	96	ey 	19.2
201	9	Do5	C5	318	318	1	8	278	95	96		19.3
202	9	Do5	C5	318	318	1	8	278	99	96	yü	19.4
203	9	Si4b2	B4b1	312	313	1	8	278	95	96		19.5
204	9	Si4b2	B4b1	312	313	1	8	278	99	96	zü 	19.6
205	9	La4	A4	305	305	1	8	278	95	96		19.7
206	9	Mi5	E5	336	336	1	4	556	99	96	mâ	19.9
207	55			0	0	0	0	0	0	0		19.9
208	54			0	0	0	0	0	0	0	buselik@re5	19.9
209	9	Re5	D5	327	327	1	8	278	95	96		20
210	9	Re5	D5	327	327	1	4	556	95	96	hım  	20.2
211	9	Fa5	F5	340	340	1	8	278	95	96	SAZ 	20.3
212	9	Mi5	E5	336	336	1	8	278	95	96	.	20.4
213	9	Re5	D5	327	327	1	8	278	95	96	.	20.5
214	9	Do5	C5	318	318	1	8	278	95	96	.	20.6
215	55			0	0	0	0	0	0	0		20.6
216	9	Si4b2	B4b1	312	313	1	8	278	95	96	.	20.7
217	9	La4	A4	305	305	3	8	833	95	96	.	21
218	55			0	0	0	0	0	0	0		21
219	9			-1	-1	1	4	556	100	0		21.2
220	54			0	0	0	0	0	0	0	rast@sol4	21.2
221	9	Fa4#3	F4#4	290	291	1	8	278	95	96	E	21.3
222	9	Sol4	G4	296	296	1	4	556	95	96	sîr_	21.5
223	9	La4	A4	305	305	1	4	556	95	96	i 	21.7
224	9	La4	A4	305	305	3	8	833	95	96	zül	22
225	9	Si4b2	B4b1	312	313	1	4	556	95	96	fü	22.2
226	9	Do5	C5	318	318	1	8	278	99	96	nüm 	22.3
227	9	Si4b2	B4b1	312	313	1	8	278	99	96		22.4
228	9	La4	A4	305	305	1	8	278	99	96		22.5
229	9	Sol4	G4	296	296	1	8	278	99	96		22.6
230	9	Fa4#3	F4#4	290	291	1	8	278	99	96		22.7
231	9	Sol4	G4	296	296	3	8	833	95	96		23
232	55			0	0	0	0	0	0	0		23
233	53			0	0	0	0	0	0	0		23
234	9			-1	-1	1	4	556	100	0		23.2
235	9	Si4b2	B4b1	312	313	1	8	278	99	96	ey 	23.3
236	9	Do5	C5	318	318	1	4	556	99	96		23.5
237	54			0	0	0	0	0	0	0	buselik@re5	23.5
238	9	Do5	C5	318	318	1	8	278	99	96		23.6
239	9	Si4b2	B4b1	312	313	1	8	278	99	96		23.7
240	9	Mi5	E5	336	336	1	4	556	99	96		23.9
241	9	Re5	D5	327	327	1	8	278	95	96		24
242	54			0	0	0	0	0	0	0	segah@si4b1	24
243	54			0	0	0	0	0	0	0	huseyni@la4	24
244	9	Re5	D5	327	327	1	4	556	99	96	ey 	24.2
245	9	Do5	C5	318	318	1	8	278	95	96		24.3
246	9	Do5	C5	318	318	1	8	278	99	96	yü	24.4
247	9	Si4b2	B4b1	312	313	1	8	278	95	96		24.5
248	9	Si4b2	B4b1	312	313	1	8	278	99	96	zü 	24.6
249	9	La4	A4	305	305	1	8	278	95	96		24.7
250	9	Mi5	E5	336	336	1	4	556	99	96	mâ	24.9
251	55			0	0	0	0	0	0	0		24.9
252	54			0	0	0	0	0	0	0	buselik@re5	24.9
253	9	Re5	D5	327	327	1	8	278	95	96		25
254	54			0	0	0	0	0	0	0	buselik@re5	25
255	9	Re5	D5	327	327	1	4	556	95	96	hım  	25.2
256	9	Fa5	F5	340	340	1	8	278	95	96	SAZ	25.3
257	9	Mi5	E5	336	336	1	8	278	95	96	.	25.4
258	9	Re5	D5	327	327	1	8	278	95	96	.	25.5
259	9	Mi5	E5	336	336	1	8	278	95	96	.	25.6
260	9	Do5	C5	318	318	1	8	278	95	96	.	25.7
261	9	Re5	D5	327	327	1	4	556	95	96	.	25.9
262	9			-1	-1	1	8	278	100	0		26
263	9			-1	-1	1	4	556	100	0		26.2
264	9	Fa5	F5	340	340	1	8	278	95	96	Ge	26.3
265	9	Fa5	F5	340	340	1	8	278	99	96	ce 	26.4
266	9	Mi5	E5	336	336	1	8	278	95	96		26.5
267	9	Mi5	E5	336	336	1	8	278	99	96	doğ	26.6
268	9	Re5	D5	327	327	1	8	278	99	96		26.7
269	9	Re5	D5	327	327	1	4	556	99	96		26.9
270	9	Do5	C5	318	318	1	8	278	95	96		27
271	9	Fa5	F5	340	340	1	4	556	99	96	muş 	27.2
272	9	Mi5	E5	336	336	1	8	278	95	96		27.3
273	9	Mi5	E5	336	336	1	8	278	99	96	be	27.4
274	9	Re5	D5	327	327	1	8	278	95	96		27.5
275	9	Re5	D5	327	327	1	8	278	99	96	nim 	27.6
276	9	Do5	C5	318	318	1	8	278	99	96		27.7
277	9	Re5	D5	327	327	1	4	556	95	96		27.9
278	9			-1	-1	1	8	278	100	0		28
279	53			0	0	0	0	0	0	0		28
280	9	Re5	D5	327	327	3	8	833	95	96	baht_	28.3
281	9	La5	A5	358	358	1	4	556	95	96	ı 	28.5
282	9	Sol5	G5	349	349	1	8	278	99	96	si	28.6
283	9	Fa5	F5	340	340	1	8	278	95	96		28.7
284	9	Mi5	E5	336	336	1	4	556	99	96	ya	28.9
285	9	Re5	D5	327	327	1	8	278	95	96		29
286	9	Re5	D5	327	327	1	8	278	99	96	hım  	29.1
287	9	Do5	C5	318	318	1	8	278	99	96		29.2
288	9	Mi5	E5	336	336	1	8	278	99	96		29.3
289	9	Re5	D5	327	327	1	8	278	99	96		29.4
290	9	Mi5	E5	336	336	1	8	278	99	96		29.5
291	9	Do5	C5	318	318	1	8	278	99	96		29.6
292	9	Si4b2	B4b1	312	313	1	8	278	99	96		29.7
293	9	Re5	D5	327	327	1	8	278	99	96		29.8
294	9	Do5	C5	318	318	1	8	278	99	96		29.9
295	9	Re5	D5	327	327	1	8	278	99	96		30
296	55			0	0	0	0	0	0	0		30
297	54			0	0	0	0	0	0	0	segah@si4b1	30
298	9	Si4b2	B4b1	312	313	1	8	278	99	96		30.1
299	9	La4	A4	305	305	1	8	278	99	96		30.2
300	9	Do5	C5	318	318	1	8	278	99	96		30.3
301	9	Si4b2	B4b1	312	313	1	8	278	99	96		30.4
302	9	Do5	C5	318	318	1	8	278	99	96		30.5
303	9	La4	A4	305	305	1	8	278	99	96		30.6
304	9	Do5	C5	318	318	1	8	278	99	96		30.7
305	9	Si4b2	B4b1	312	313	3	8	833	95	96		31
306	9			-1	-1	1	4	556	100	0		31.2
307	53			0	0	0	0	0	0	0		31.2
308	54			0	0	0	0	0	0	0	rast@sol4	31.2
309	9	Sol4	G4	296	296	1	8	278	95	96	Ge	31.3
310	9	La4	A4	305	305	1	4	556	95	96	ce 	31.5
311	9	La4	A4	305	305	1	2	1112	99	96	doğ	31.9
312	9	Si4b2	B4b1	312	313	1	8	278	95	96		32
313	9	Do5	C5	318	318	3	8	833	95	96	muş 	32.3
314	9	Re5	D5	327	327	1	4	556	95	96	be	32.5
315	9	Re5	D5	327	327	1	8	278	99	96	nim 	32.6
316	9	Do5	C5	318	318	1	8	278	99	96		32.7
317	9	Si4b2	B4b1	312	313	1	8	278	99	96		32.8
318	9	La4	A4	305	305	1	8	278	99	96		32.9
319	9	Sol4	G4	296	296	1	8	278	95	96		33
320	9			-1	-1	1	4	556	100	0		33.2
321	53			0	0	0	0	0	0	0		33.2
322	9	Do5	C5	318	318	1	8	278	99	96	baht_	33.3
323	9	Re5	D5	327	327	1	4	556	99	96		33.5
324	9	Si4b2	B4b1	312	313	3	16	417	99	96		33.65
325	9	La4	A4	305	305	1	16	139	99	96		33.7
326	9	Sol4	G4	296	296	3	8	833	99	96		34
327	55			0	0	0	0	0	0	0		34
328	54			0	0	0	0	0	0	0	huseyni@la4	34
329	9	Mi5	E5	336	336	1	4	556	99	96		34.2
330	9	Re5	D5	327	327	1	8	278	95	96		34.3
331	9	Re5	D5	327	327	1	8	278	99	96	ı 	34.4
332	9	Do5	C5	318	318	1	8	278	95	96		34.5
333	9	Do5	C5	318	318	1	8	278	99	96	si	34.6
334	9	Si4b2	B4b1	312	313	1	8	278	95	96		34.7
335	9	Si4b2	B4b1	312	313	1	4	556	99	96	ya	34.9
336	9	La4	A4	305	305	1	8	278	95	96		35
337	9	La4	A4	305	305	1	4	556	95	96	hım  	35.2
338	55			0	0	0	0	0	0	0		35.2
339	53			0	0	0	0	0	0	0		35.2
340	54			0	0	0	0	0	0	0	kurdi@la4	35.2
341	9	Si5b5	B5b5	362	362	1	8	278	95	96	SAZ 	35.3
342	9	La5	A5	358	358	1	8	278	95	96	.	35.4
343	9	Sol5	G5	349	349	1	8	278	95	96	.	35.5
344	9	Fa5#3	F5#4	343	344	1	8	278	95	96	.	35.6
345	9	Sol5	G5	349	349	1	8	278	95	96	.	35.7
346	9	La5	A5	358	358	3	8	833	95	96	.	36
347	55			0	0	0	0	0	0	0		36
348	53			0	0	0	0	0	0	0		36
349	9			-1	-1	1	4	556	100	0		36.2
350	54			0	0	0	0	0	0	0	hicaz@re5	36.2
351	9	Sol5	G5	349	349	1	8	278	95	96	Gü	36.3
352	9	La5	A5	358	358	1	4	556	95	96	zel 	36.5
353	9	La5	A5	358	358	1	2	1112	99	96	gün 	36.9
354	9	Sol5	G5	349	349	1	8	278	95	96		37
355	9	Sol5	G5	349	349	3	8	833	95	96	gör	37.3
356	9	La5	A5	358	358	1	4	556	95	96	me	37.5
357	9	Si5b5	B5b5	362	362	1	8	278	99	96	ye 	37.6
358	9	La5	A5	358	358	1	8	278	99	96		37.7
359	9	Sol5	G5	349	349	1	4	556	95	96		37.9
360	9			-1	-1	1	8	278	100	0		38
361	9	Fa5#3	F5#4	343	344	1	8	278	99	96	var 	38.1
362	9	Mi5b4	E5b4	332	332	1	8	278	99	96		38.2
363	9	Fa5#3	F5#4	343	344	1	4	556	99	96		38.4
364	9	Mi5b4	E5b4	332	332	1	8	278	99	96		38.5
365	9	Re5	D5	327	327	1	8	278	99	96		38.6
366	9	Do5	C5	318	318	1	8	278	99	96		38.7
367	9	Re5	D5	327	327	1	4	556	95	96		38.9
368	9			-1	-1	1	8	278	100	0		39
369	53			0	0	0	0	0	0	0		39
370	9	Sol5	G5	349	349	1	4	556	99	96	iş	39.2
371	9	Fa5#3	F5#4	343	344	1	8	278	95	96		39.3
372	9	Sol5	G5	349	349	1	4	556	95	96	ti	39.5
373	9	La5	A5	358	358	5	8	1389	95	96	bâ	40
374	9	La5	A5	358	358	1	4	556	99	96	hım  	40.2
375	9	Si5b5	B5b5	362	362	1	8	278	99	96		40.3
376	9	La5	A5	358	358	1	8	278	99	96		40.4
377	9	Sol5	G5	349	349	1	8	278	99	96		40.5
378	9	Fa5#3	F5#4	343	344	1	8	278	99	96		40.6
379	9	Mi5b4	E5b4	332	332	1	8	278	99	96		40.7
380	9	Re5	D5	327	327	3	8	833	95	96		41
381	55			0	0	0	0	0	0	0		41
382	53			0	0	0	0	0	0	0		41
383	9			-1	-1	1	4	556	100	0		41.2
384	54			0	0	0	0	0	0	0	buselik@re5	41.2
385	9	Sol5	G5	349	349	1	8	278	95	96	Gü	41.3
386	9	La5	A5	358	358	1	4	556	95	96	zel 	41.5
387	9	La5	A5	358	358	1	2	1112	99	96	gün 	41.9
388	9	Sol5	G5	349	349	1	8	278	95	96		42
389	9	Sol5	G5	349	349	1	4	556	99	96	gör	42.2
390	9	Fa5	F5	340	340	1	8	278	95	96		42.3
391	9	Fa5	F5	340	340	1	8	278	99	96	me	42.4
392	9	Mi5	E5	336	336	1	8	278	95	96		42.5
393	9	Fa5	F5	340	340	1	8	278	99	96	ye 	42.6
394	9	Mi5	E5	336	336	1	8	278	99	96		42.7
395	9	Fa5	F5	340	340	3	8	833	95	96		43
396	9	Fa5	F5	340	340	1	8	278	99	96	var 	43.1
397	9	Mi5	E5	336	336	1	8	278	99	96		43.2
398	9	Re5	D5	327	327	1	4	556	99	96		43.4
399	55			0	0	0	0	0	0	0		43.4
400	9	Do5	C5	318	318	1	8	278	99	96		43.5
401	9	Si4b2	B4b1	312	313	1	8	278	99	96		43.6
402	9	Do5	C5	318	318	1	8	278	99	96		43.7
403	9	La4	A4	305	305	1	4	556	99	96		43.9
404	9	Sol4	G4	296	296	1	8	278	95	96		44
405	53			0	0	0	0	0	0	0		44
406	54			0	0	0	0	0	0	0	buselik@re5	44
407	9	Sol5	G5	349	349	1	4	556	99	96	iş	44.2
408	9	Mi5	E5	336	336	1	8	278	95	96		44.3
409	9	Mi5	E5	336	336	1	8	278	99	96	ti	44.4
410	9	Re5	D5	327	327	1	8	278	95	96		44.5
411	9	Re5	D5	327	327	1	8	278	99	96	bâ	44.6
412	9	Do5	C5	318	318	1	8	278	99	96		44.7
413	9	Mi5	E5	336	336	1	4	556	99	96		44.9
414	9	Re5	D5	327	327	1	8	278	95	96		45
415	9	Re5	D5	327	327	1	4	556	95	96	hım  	45.2
416	9	Fa5	F5	340	340	1	8	278	95	96	SAZ	45.3
417	9	Mi5	E5	336	336	1	8	278	95	96	.	45.4
418	9	Re5	D5	327	327	1	8	278	95	96	.	45.5
419	9	Mi5	E5	336	336	1	8	278	95	96	.	45.6
420	9	Do5	C5	318	318	1	8	278	95	96	.	45.7
421	9	Re5	D5	327	327	1	4	556	95	96	.	45.9
422	55			0	0	0	0	0	0	0		45.9
423	53			0	0	0	0	0	0	0		45.9
424	9			-1	-1	1	8	278	100	0		46
425	9			-1	-1	1	4	556	100	0		46.2
426	9	Fa5	F5	340	340	1	8	278	95	96	Ge	46.3
427	9	Fa5	F5	340	340	1	8	278	99	96	ce 	46.4
428	9	Mi5	E5	336	336	1	8	278	95	96		46.5
429	9	Mi5	E5	336	336	1	8	278	99	96	doğ	46.6
430	9	Re5	D5	327	327	1	8	278	99	96		46.7
431	9	Re5	D5	327	327	1	4	556	99	96		46.9
432	9	Do5	C5	318	318	1	8	278	95	96		47
433	9	Fa5	F5	340	340	1	4	556	99	96	muş 	47.2
434	9	Mi5	E5	336	336	1	8	278	95	96		47.3
435	9	Mi5	E5	336	336	1	8	278	99	96	be	47.4
436	9	Re5	D5	327	327	1	8	278	95	96		47.5
437	9	Re5	D5	327	327	1	8	278	99	96	nim 	47.6
438	9	Do5	C5	318	318	1	8	278	99	96		47.7
439	9	Re5	D5	327	327	1	4	556	95	96		47.9
440	9			-1	-1	1	8	278	100	0		48
441	53			0	0	0	0	0	0	0		48
442	9	Re5	D5	327	327	3	8	833	95	96	baht_	48.3
443	9	La5	A5	358	358	1	4	556	95	96	ı 	48.5
444	9	Sol5	G5	349	349	1	8	278	99	96	si	48.6
445	9	Fa5	F5	340	340	1	8	278	95	96		48.7
446	9	Mi5	E5	336	336	1	4	556	99	96	ya	48.9
447	9	Re5	D5	327	327	1	8	278	95	96		49
448	9	Re5	D5	327	327	1	8	278	99	96	hım  	49.1
449	9	Do5	C5	318	318	1	8	278	99	96		49.2
450	9	Mi5	E5	336	336	1	8	278	99	96		49.3
451	9	Re5	D5	327	327	1	8	278	99	96		49.4
452	9	Mi5	E5	336	336	1	8	278	99	96		49.5
453	9	Do5	C5	318	318	1	8	278	99	96		49.6
454	9	Si4b2	B4b1	312	313	1	8	278	99	96		49.7
455	9	Re5	D5	327	327	1	8	278	99	96		49.8
456	9	Do5	C5	318	318	1	8	278	99	96		49.9
457	9	Re5	D5	327	327	1	8	278	99	96		50
458	55			0	0	0	0	0	0	0		50
459	54			0	0	0	0	0	0	0	segah@si4b1	50
460	9	Si4b2	B4b1	312	313	1	8	278	99	96		50.1
461	9	La4	A4	305	305	1	8	278	99	96		50.2
462	9	Do5	C5	318	318	1	8	278	99	96		50.3
463	9	Si4b2	B4b1	312	313	1	8	278	99	96		50.4
464	9	Do5	C5	318	318	1	8	278	99	96		50.5
465	9	La4	A4	305	305	1	8	278	99	96		50.6
466	9	Do5	C5	318	318	1	8	278	99	96		50.7
467	9	Si4b2	B4b1	312	313	3	8	833	95	96		51
468	9			-1	-1	1	4	556	100	0		51.2
469	53			0	0	0	0	0	0	0		51.2
470	54			0	0	0	0	0	0	0	rast@sol4	51.2
471	9	Sol4	G4	296	296	1	8	278	95	96	Ge	51.3
472	9	La4	A4	305	305	1	4	556	95	96	ce 	51.5
473	9	La4	A4	305	305	1	2	1112	99	96	doğ	51.9
474	9	Si4b2	B4b1	312	313	1	8	278	95	96		52
475	9	Do5	C5	318	318	3	8	833	95	96	muş 	52.3
476	9	Re5	D5	327	327	1	4	556	95	96	be	52.5
477	9	Re5	D5	327	327	1	8	278	99	96	nim 	52.6
478	9	Do5	C5	318	318	1	8	278	99	96		52.7
479	9	Si4b2	B4b1	312	313	1	8	278	99	96		52.8
480	9	La4	A4	305	305	1	8	278	99	96		52.9
481	9	Sol4	G4	296	296	1	8	278	95	96		53
482	9			-1	-1	1	4	556	100	0		53.2
483	53			0	0	0	0	0	0	0		53.2
484	9	Do5	C5	318	318	1	8	278	99	96	baht_	53.3
485	9	Re5	D5	327	327	1	4	556	99	96		53.5
486	9	Si4b2	B4b1	312	313	3	16	417	99	96		53.65
487	9	La4	A4	305	305	1	16	139	99	96		53.7
488	9	Sol4	G4	296	296	3	8	833	99	96		54
489	55			0	0	0	0	0	0	0		54
490	54			0	0	0	0	0	0	0	huseyni@la4	54
491	9	Mi5	E5	336	336	1	4	556	99	96		54.2
492	9	Re5	D5	327	327	1	8	278	95	96		54.3
493	9	Re5	D5	327	327	1	8	278	99	96	ı 	54.4
494	9	Do5	C5	318	318	1	8	278	95	96		54.5
495	9	Do5	C5	318	318	1	8	278	99	96	si	54.6
496	9	Si4b2	B4b1	312	313	1	8	278	95	96		54.7
497	9	Si4b2	B4b1	312	313	1	4	556	99	96	ya	54.9
498	9	La4	A4	305	305	1	8	278	95	96		55
499	9	La4	A4	305	305	1	4	556	95	96	hım  	55.2
500	55			0	0	0	0	0	0	0		55.2
501	53			0	0	0	0	0	0	0		55.2
