Sýra	Kod	Nota53	NotaAE	Koma53	KomaAE	Pay	Payda	Ms	LNS	Bas	Soz1	Offset
1	9	Fa4	F4	287	287	1	8	417	95	84	ARANAÐME 	0.1666667
2	9	La4	A4	305	305	1	8	417	95	96	.	0.3333333
3	9	Do5	C5	318	318	1	8	417	95	96	.	0.5
4	9	Fa5	F5	340	340	1	8	417	95	96	.	0.6666667
5	9	Sol5	G5	349	349	1	8	417	95	96	.	0.8333333
6	9	Sol5#4	G5#4	353	353	1	8	417	95	96	.	1
7	9	La5	A5	358	358	5	8	2083	95	96	.	1.833333
8	9			-1	-1	1	8	417	100	72		2
9	53			0	0	0	0	0	0	78		2
10	7	Fa4	F4	287	287	1	8	417	95	84	.	2.166667
11	7	La4	A4	305	305	1	8	417	95	66	.	2.333333
12	7	Do5	C5	318	318	1	8	417	95	80	.	2.5
13	7	Mi5	E5	336	336	1	8	417	95	94	.	2.666667
14	7	Fa5	F5	340	340	1	8	417	95	108	.	2.833333
15	7	Fa5#4	F5#4	344	344	1	8	417	95	96	.	3
16	9	Sol5	G5	349	349	5	8	2083	95	96	.	3.833333
17	9			-1	-1	1	8	417	100	0		4
18	53			0	0	0	0	0	0	0		4
19	9	Sol5	G5	349	349	1	16	208	95	66	.	4.083333
20	9	La5	A5	358	358	1	16	208	95	108	.	4.166667
21	9	Sol5	G5	349	349	1	16	208	95	66	.	4.25
22	9	La5	A5	358	358	1	16	208	95	84	.	4.333333
23	9	Fa5	F5	340	340	1	8	417	95	96	.	4.5
24	9	Fa5	F5	340	340	1	16	208	95	66	.	4.583333
25	9	Sol5	G5	349	349	1	16	208	95	84	.	4.666667
26	9	Fa5	F5	340	340	1	16	208	95	66	.	4.75
27	9	Sol5	G5	349	349	1	16	208	95	84	.	4.833333
28	9	Mi5	E5	336	336	1	8	417	95	96	.	5
29	53			0	0	0	0	0	0	0		5
30	9	Re5	D5	327	327	1	8	417	95	96	.	5.166667
31	12	Mi5	E5	336	336	1	8	417	95	96	.	5.333333
32	9	Mi5	E5	336	336	1	16	208	95	96	.	5.416667
33	9	Re5	D5	327	327	1	16	208	95	96	.	5.5
34	9	Mi5	E5	336	336	1	16	208	95	96	.	5.583333
35	9	Re5	D5	327	327	1	16	208	95	96	.	5.666667
36	9	Do5	C5	318	318	1	4	833	95	96	.	6
37	53			0	0	0	0	0	0	0		6
38	9	La4	A4	305	305	1	8	417	95	96	.	6.166667
39	9	Si4b5	B4b5	309	309	1	8	417	95	96	.	6.333333
40	9	Do5	C5	318	318	1	8	417	95	96	.	6.5
41	9	La4	A4	305	305	1	8	417	95	96	.	6.666667
42	12	La4	A4	305	305	1	8	417	95	96	.	6.833333
43	9	Sol4	G4	296	296	1	8	417	95	96	.	7
44	9	Fa4	F4	287	287	1	8	417	95	96	.	7.166667
45	9	La4	A4	305	305	1	8	417	95	96	.	7.333333
46	9	Do5	C5	318	318	1	8	417	95	96	.	7.5
47	9	Fa4	F4	287	287	1	8	417	95	96	.	7.666667
48	9			-1	-1	1	4	833	100	0		8
49	53			0	0	0	0	0	0	0		8
50	9	Do5	C5	318	318	1	8	417	95	96	Gel_	8.166667
51	9	Fa5	F5	340	340	1	8	417	95	96	ey 	8.333333
52	9	Sol5	G5	349	349	1	8	417	95	96	de	8.5
53	9	La5	A5	358	358	1	8	417	99	96	ni	8.666667
54	9	Sol5	G5	349	349	1	8	417	95	96		8.833333
55	9	Fa5	F5	340	340	1	8	417	95	96	zin 	9
56	9	Mi5	E5	336	336	1	4	833	95	84	naz	9.333333
57	9	Re5	D5	327	327	1	8	417	95	84	lý 	9.5
58	9	Mi5	E5	336	336	1	16	208	99	96	ký	9.583333
59	9	Re5	D5	327	327	1	16	208	99	96		9.666667
60	9	Do5	C5	318	318	3	16	625	99	96		9.916667
61	9	La4	A4	305	305	1	16	208	95	96		10
62	9	Do5	C5	318	318	1	16	208	99	96	zý 	10.08333
63	9	Si4b5	B4b5	309	309	1	16	208	99	96		10.16667
64	9	La4	A4	305	305	3	16	625	99	66		10.41667
65	9	Sol4	G4	296	296	1	16	208	99	68		10.5
66	9	La4	A4	305	305	1	16	208	99	70		10.58333
67	9	Sol4	G4	296	296	1	16	208	99	72		10.66667
68	9	Fa4	F4	287	287	1	4	833	50	74		11
69	53			0	0	0	0	0	0	76		11
70	9	Si5b5	B5b5	362	362	1	4	833	95	78	nûþ_	11.33333
71	9	La5	A5	358	358	1	8	417	95	96	i 	11.5
72	9	Sol5	G5	349	349	1	8	417	95	96	þa	11.66667
73	9	Fa5#3	F5#4	343	344	1	8	417	99	96	râb 	11.83333
74	9	Sol5	G5	349	349	1	8	417	95	96		12
75	9	Si5b5	B5b5	362	362	5	8	2083	95	96	et 	12.83333
76	9			-1	-1	1	8	417	100	0		13
77	53			0	0	0	0	0	0	0		13
78	9	Sol5	G5	349	349	1	4	833	95	96	nûþ_	13.33333
79	9	Sol5	G5	349	349	1	8	417	95	96	i 	13.5
80	9	Sol5	G5	349	349	1	8	417	95	96	þa	13.66667
81	9	La5	A5	358	358	1	4	833	95	96	râb 	14
82	9	Fa5	F5	340	340	5	8	2083	95	96	et  	14.83333
83	9			-1	-1	1	8	417	100	0		15
84	53			0	0	0	0	0	0	0		15
85	9	Mi5	E5	336	336	1	16	208	95	96	SAZ	15.08333
86	9	Fa5	F5	340	340	1	16	208	95	96	.	15.16667
87	9	Sol5	G5	349	349	1	16	208	95	96	.	15.25
88	9	Fa5	F5	340	340	1	16	208	95	96	.	15.33333
89	9	Mi5	E5	336	336	1	8	417	95	96	.	15.5
90	9	Re5	D5	327	327	1	16	208	95	96	.	15.58333
91	9	Mi5	E5	336	336	1	16	208	95	96	.	15.66667
92	9	Fa5	F5	340	340	1	16	208	95	96	.	15.75
93	9	Mi5	E5	336	336	1	16	208	95	96	.	15.83333
94	9	Re5	D5	327	327	1	8	417	95	96	.	16
95	53			0	0	0	0	0	0	0		16
96	9	La4	A4	305	305	1	16	208	95	96	SAZ	16.08333
97	9	Si4b5	B4b5	309	309	1	16	208	95	96	.	16.16667
98	9	Do5	C5	318	318	1	16	208	95	96	.	16.25
99	9	Si4b5	B4b5	309	309	1	16	208	95	96	.	16.33333
100	9	La4	A4	305	305	1	16	208	95	96	.	16.41667
101	9	Sol4	G4	296	296	1	16	208	95	96	.	16.5
102	9	Fa4	F4	287	287	3	8	1250	95	96	.	17
103	53			0	0	0	0	0	0	0		17
104	9	Do5	C5	318	318	1	8	417	95	96	Gel_	17.16667
105	9	Fa5	F5	340	340	1	8	417	95	96	ey 	17.33333
106	9	Sol5	G5	349	349	1	8	417	95	96	de	17.5
107	9	La5	A5	358	358	1	8	417	99	96	ni	17.66667
108	9	Sol5	G5	349	349	1	8	417	95	96		17.83333
109	9	Fa5	F5	340	340	1	8	417	95	96	zin 	18
110	9	Mi5	E5	336	336	1	4	833	95	84	naz	18.33333
111	9	Re5	D5	327	327	1	8	417	95	84	lý 	18.5
112	9	Mi5	E5	336	336	1	16	208	99	96	ký	18.58333
113	9	Re5	D5	327	327	1	16	208	99	96		18.66667
114	9	Do5	C5	318	318	3	16	625	99	96		18.91667
115	9	La4	A4	305	305	1	16	208	95	96		19
116	9	Do5	C5	318	318	1	16	208	99	96	zý 	19.08333
117	9	Si4b5	B4b5	309	309	1	16	208	99	96		19.16667
118	9	La4	A4	305	305	3	16	625	99	66		19.41667
119	9	Sol4	G4	296	296	1	16	208	99	68		19.5
120	9	La4	A4	305	305	1	16	208	99	70		19.58333
121	9	Sol4	G4	296	296	1	16	208	99	72		19.66667
122	9	Fa4	F4	287	287	1	4	833	50	74		20
123	53			0	0	0	0	0	0	76		20
124	9	Si5b5	B5b5	362	362	1	4	833	95	78	nûþ_	20.33333
125	9	La5	A5	358	358	1	8	417	95	96	i 	20.5
126	9	Sol5	G5	349	349	1	8	417	95	96	þa	20.66667
127	9	Fa5#3	F5#4	343	344	1	8	417	99	96	râb 	20.83333
128	9	Sol5	G5	349	349	1	8	417	95	96		21
129	9	Si5b5	B5b5	362	362	5	8	2083	95	96	et 	21.83333
130	9			-1	-1	1	8	417	100	0		22
131	53			0	0	0	0	0	0	0		22
132	9	Sol5	G5	349	349	1	4	833	95	96	nûþ_	22.33333
133	9	Sol5	G5	349	349	1	8	417	95	96	i 	22.5
134	9	Sol5	G5	349	349	1	8	417	95	96	þa	22.66667
135	9	La5	A5	358	358	1	4	833	95	96	râb 	23
136	9	Fa5	F5	340	340	5	8	2083	95	96	et  	23.83333
137	9			-1	-1	1	8	417	100	0		24
138	53			0	0	0	0	0	0	0		24
139	9	Mi5	E5	336	336	1	16	208	95	96	SAZ	24.08333
140	9	Fa5	F5	340	340	1	16	208	95	96	.	24.16667
141	9	Sol5	G5	349	349	1	16	208	95	96	.	24.25
142	9	Fa5	F5	340	340	1	16	208	95	96	.	24.33333
143	9	Mi5	E5	336	336	1	8	417	95	96	.	24.5
144	9	Re5	D5	327	327	1	16	208	95	96	.	24.58333
145	9	Mi5	E5	336	336	1	16	208	95	96	.	24.66667
146	9	Fa5	F5	340	340	1	16	208	95	96	.	24.75
147	9	Mi5	E5	336	336	1	16	208	95	96	.	24.83333
148	9	Re5	D5	327	327	1	8	417	95	96	.	25
149	53			0	0	0	0	0	0	0		25
150	9	La4	A4	305	305	1	16	208	95	96	SAZ	25.08333
151	9	Si4b5	B4b5	309	309	1	16	208	95	96	.	25.16667
152	9	Do5	C5	318	318	1	16	208	95	96	.	25.25
153	9	Si4b5	B4b5	309	309	1	16	208	95	96	.	25.33333
154	9	La4	A4	305	305	1	16	208	95	96	.	25.41667
155	9	Sol4	G4	296	296	1	16	208	95	66	.	25.5
156	9	Fa4	F4	287	287	1	16	208	95	69	.	25.58333
157	9	Sol4	G4	296	296	1	32	104	95	72	.	25.625
158	9	La4	A4	305	305	1	32	104	95	75	.	25.66667
159	9	Si4b5	B4b5	309	309	1	32	104	95	78	.	25.70833
160	9	Do5	C5	318	318	1	32	104	95	96	.	25.75
161	9	Re5	D5	327	327	1	32	104	95	96	.	25.79167
162	9	Mi5	E5	336	336	1	32	104	95	96	.	25.83333
163	9	Fa5	F5	340	340	1	8	417	95	96	.	26
164	53			0	0	0	0	0	0	0		26
165	8	Sol5	G5	349	349	0	0	0	95	96		26
166	9	Fa5	F5	340	340	1	8	417	99	84	Çýk 	26.16667
167	9	Mi5	E5	336	336	1	8	417	99	96		26.33333
168	9	Fa5	F5	340	340	1	8	417	95	96		26.5
169	7	Sol5	G5	349	349	4	16	833	95	96	sa	26.83333
170	9	Fa5	F5	340	340	1	16	208	99	96	hi	26.91667
171	9	Mi5	E5	336	336	1	16	208	95	96		27
172	9	Mi5	E5	336	336	5	16	1042	99	96	le 	27.41667
173	9	Re5	D5	327	327	1	16	208	95	96		27.5
174	9	Re5	D5	327	327	1	4	833	95	96	gel 	27.83333
175	9			-1	-1	1	8	417	100	0		28
176	53			0	0	0	0	0	0	0		28
177	9	Mi5	E5	336	336	1	4	833	95	96	sî	28.33333
178	9	Mi5	E5	336	336	1	16	208	99	96	ne	28.41667
179	9	Re5	D5	327	327	1	16	208	95	96		28.5
180	9	Re5	D5	327	327	1	4	833	95	96	de 	28.83333
181	9			-1	-1	1	8	417	100	0		29
182	53			0	0	0	0	0	0	0		29
183	9	Mi4	E4	283	283	1	4	833	95	96	SAZ	29.33333
184	9	Mi4	E4	283	283	1	16	208	95	96	.	29.41667
185	9	Re4	D4	274	274	1	16	208	95	96	.	29.5
186	9	Re4	D4	274	274	1	4	833	95	96	.	29.83333
187	9			-1	-1	1	8	417	100	0		30
188	53			0	0	0	0	0	0	0		30
189	9	Do5	C5	318	318	1	8	417	95	96	bir 	30.16667
190	9	Si4	B4	314	314	1	8	417	99	96	â	30.33333
191	9	Do5	C5	318	318	1	8	417	95	96		30.5
192	9	Fa5	F5	340	340	3	16	625	99	96	le	30.75
193	9	La4	A4	305	305	1	16	208	95	96		30.83333
194	9	La4	A4	305	305	1	8	417	95	96	mi 	31
195	9	Do5	C5	318	318	5	16	1042	99	96	âb 	31.41667
196	9	Si4b5	B4b5	309	309	1	16	208	95	96		31.5
197	9	Si4b5	B4b5	309	309	1	4	833	95	96	et 	31.83333
198	9			-1	-1	1	8	417	100	0		32
199	53			0	0	0	0	0	0	0		32
200	9	Sol4	G4	296	296	1	8	417	95	96	bir 	32.16667
201	9	Fa4#3	F4#4	290	291	1	8	417	99	96	â	32.33333
202	9	Sol4	G4	296	296	1	8	417	95	96		32.5
203	9	Do5	C5	318	318	1	4	833	95	96	le	32.83333
204	9	Si4b5	B4b5	309	309	1	16	208	99	96	mi 	32.91667
205	9	La4	A4	305	305	1	16	208	95	96		33
206	12	La4	A4	305	305	1	4	833	99	96	âb 	33.33333
207	9	Sol4	G4	296	296	1	16	208	99	96		33.41667
208	9	Fa4	F4	287	287	1	16	208	95	96		33.5
209	9	Fa4	F4	287	287	1	4	833	95	96	et  	33.83333
210	9			-1	-1	1	8	417	100	0		34
211	53			0	0	0	0	0	0	0		34
212	9	Mi5	E5	336	336	1	16	208	95	96	SAZ	34.08333
213	9	Fa5	F5	340	340	1	16	208	95	96	.	34.16667
214	9	Sol5	G5	349	349	1	16	208	95	96	.	34.25
215	9	Fa5	F5	340	340	1	16	208	95	96	.	34.33333
216	9	Mi5	E5	336	336	1	8	417	95	96	.	34.5
217	9	Re5	D5	327	327	1	16	208	95	96	.	34.58333
218	9	Mi5	E5	336	336	1	16	208	95	96	.	34.66667
219	9	Fa5	F5	340	340	1	16	208	95	96	.	34.75
220	9	Mi5	E5	336	336	1	16	208	95	96	.	34.83333
221	9	Re5	D5	327	327	1	8	417	95	96	.	35
222	9	La4	A4	305	305	1	16	208	95	96	.	35.08333
223	9	Si4b5	B4b5	309	309	1	16	208	95	96	.	35.16667
224	9	Do5	C5	318	318	1	16	208	95	96	.	35.25
225	9	Si4b5	B4b5	309	309	1	16	208	95	96	.	35.33333
226	9	La4	A4	305	305	1	16	208	95	96	.	35.41667
227	9	Sol4	G4	296	296	1	16	208	95	66	.	35.5
228	9	Fa4	F4	287	287	1	16	208	95	69	.	35.58333
229	9	Sol4	G4	296	296	1	32	104	95	72	.	35.625
230	9	La4	A4	305	305	1	32	104	95	75	.	35.66667
231	9	Si4b5	B4b5	309	309	1	32	104	95	78	.	35.70833
232	9	Do5	C5	318	318	1	32	104	95	96	.	35.75
233	9	Re5	D5	327	327	1	32	104	95	96	.	35.79167
234	9	Mi5	E5	336	336	1	32	104	95	96	.	35.83333
235	9	Fa5	F5	340	340	1	8	417	95	96	.	36
236	53			0	0	0	0	0	0	0		36
237	8	Sol5	G5	349	349	0	0	0	95	96		36
238	9	Fa5	F5	340	340	1	8	417	99	84	Çýk 	36.16667
239	9	Mi5	E5	336	336	1	8	417	99	96		36.33333
240	9	Fa5	F5	340	340	1	8	417	95	96		36.5
241	7	Sol5	G5	349	349	4	16	833	95	96	sa	36.83333
242	9	Fa5	F5	340	340	1	16	208	99	96	hi	36.91667
243	9	Mi5	E5	336	336	1	16	208	95	96		37
244	9	Mi5	E5	336	336	5	16	1042	99	96	le 	37.41667
245	9	Re5	D5	327	327	1	16	208	95	96		37.5
246	9	Re5	D5	327	327	1	4	833	95	96	gel 	37.83333
247	9			-1	-1	1	8	417	100	0		38
248	53			0	0	0	0	0	0	0		38
249	9	Mi5	E5	336	336	1	4	833	95	96	sî	38.33333
250	9	Mi5	E5	336	336	1	16	208	99	96	ne	38.41667
251	9	Re5	D5	327	327	1	16	208	95	96		38.5
252	9	Re5	D5	327	327	1	4	833	95	96	de 	38.83333
253	9			-1	-1	1	8	417	100	0		39
254	53			0	0	0	0	0	0	0		39
255	9	Mi4	E4	283	283	1	4	833	95	96	SAZ	39.33333
256	9	Mi4	E4	283	283	1	16	208	95	96	.	39.41667
257	9	Re4	D4	274	274	1	16	208	95	96	.	39.5
258	9	Re4	D4	274	274	1	4	833	95	96	.	39.83333
259	9			-1	-1	1	8	417	100	0		40
260	53			0	0	0	0	0	0	0		40
261	9	Do5	C5	318	318	1	8	417	95	96	bir 	40.16667
262	9	Si4	B4	314	314	1	8	417	99	96	â	40.33333
263	9	Do5	C5	318	318	1	8	417	95	96		40.5
264	9	Fa5	F5	340	340	3	16	625	99	96	le	40.75
265	9	La4	A4	305	305	1	16	208	95	96		40.83333
266	9	La4	A4	305	305	1	8	417	95	96	mi 	41
267	9	Do5	C5	318	318	5	16	1042	99	96	âb 	41.41667
268	9	Si4b5	B4b5	309	309	1	16	208	95	96		41.5
269	9	Si4b5	B4b5	309	309	1	4	833	95	96	et 	41.83333
270	9			-1	-1	1	8	417	100	0		42
271	53			0	0	0	0	0	0	0		42
272	9	Sol4	G4	296	296	1	8	417	95	96	bir 	42.16667
273	9	Fa4#3	F4#4	290	291	1	8	417	99	96	â	42.33333
274	9	Sol4	G4	296	296	1	8	417	95	96		42.5
275	9	Do5	C5	318	318	1	4	833	95	96	le	42.83333
276	9	Si4b5	B4b5	309	309	1	16	208	99	96	mi 	42.91667
277	9	La4	A4	305	305	1	16	208	95	96		43
278	12	La4	A4	305	305	1	4	833	99	96	âb 	43.33333
279	9	Sol4	G4	296	296	1	16	208	99	96		43.41667
280	9	Fa4	F4	287	287	1	16	208	95	96		43.5
281	9	Fa4	F4	287	287	1	4	833	95	96	et  	43.83333
282	9			-1	-1	1	8	417	100	0		44
283	53			0	0	0	0	0	0	0		44
284	7	La5	A5	358	358	3	8	1250	95	96	SAZ	44.5
285	7	La5	A5	358	358	3	8	1250	95	96	.	45
286	7	La4	A4	305	305	6	16	1250	95	96	.	45.5
287	7	La4	A4	305	305	6	16	1250	95	96	.	46
288	53			0	0	0	0	0	0	0		46
289	9	La5	A5	358	358	1	8	417	95	96	SAZ	46.16667
290	9	Si5b5	B5b5	362	362	1	8	417	95	96	.	46.33333
291	9	La5	A5	358	358	1	8	417	95	96	.	46.5
292	9	Sol5	G5	349	349	1	8	417	95	96	.	46.66667
293	9	Fa5	F5	340	340	1	8	417	95	96	.	46.83333
294	9	Sol5	G5	349	349	1	8	417	95	96	.	47
295	9	La5	A5	358	358	5	8	2083	95	96	.	47.83333
296	9			-1	-1	1	8	417	100	0		48
297	53			0	0	0	0	0	0	0		48
298	54			0	0	0	0	0	0	0	muhayyerkurdi@la4	48
299	9	La5	A5	358	358	1	4	833	95	84	Mes	48.33333
300	9	La5	A5	358	358	1	8	417	95	84	tâ	48.5
301	9	La5	A5	358	358	1	4	833	95	84	ne 	48.83333
302	9	La5	A5	358	358	1	8	417	95	96	ba	49
303	9	La5	A5	358	358	1	8	417	99	96	kýþ	49.16667
304	9	Si5b5	B5b5	362	362	1	8	417	99	96		49.33333
305	9	Si5b1	B5b1	366	366	1	8	417	95	96		49.5
306	9	Do6	C6	371	371	1	4	833	95	96	lar	49.83333
307	10	Re6	D6	380	380	1	8	417	99	96	la 	50
308	8	Si5b1	B5b1	366	366	0	0	0	95	96		50
309	9	Si5b5	B5b5	362	362	1	4	833	95	96	be	50.33333
310	10	Do6	C6	371	371	1	8	417	99	96	ni 	50.5
311	8	La5	A5	358	358	0	0	0	95	66		50.5
312	9	La5	A5	358	358	1	4	833	95	70	mest_	50.83333
313	9	Sol5	G5	349	349	1	8	417	95	74	ü 	51
314	9	Sol5	G5	349	349	1	8	417	95	78	ha	51.16667
315	9	Fa5	F5	340	340	1	8	417	99	96	râb 	51.33333
316	9	Sol5	G5	349	349	1	8	417	95	96		51.5
317	9	La5	A5	358	358	1	8	417	95	96		51.66667
318	9	Sol5	G5	349	349	1	8	417	99	96	et 	51.83333
319	9	Fa5	F5	340	340	1	8	417	99	96		52
320	9	Mi5	E5	336	336	1	8	417	99	96		52.16667
321	9	Re5	D5	327	327	1	8	417	99	96		52.33333
322	9	Do5	C5	318	318	1	8	417	95	96		52.5
323	53			0	0	0	0	0	0	0		52.5
324	9	Do5	C5	318	318	1	4	833	95	84	mest_	52.83333
325	9	La4	A4	305	305	1	8	417	95	84	ü 	53
326	9	Si4b5	B4b5	309	309	1	8	417	95	96	ha	53.16667
327	9	Si4b5	B4b5	309	309	3	16	625	99	96	râb 	53.41667
328	9	La4	A4	305	305	1	16	208	95	96		53.5
329	9	La4	A4	305	305	1	4	833	95	96	et  	53.83333
330	55			0	0	0	0	0	0	0		53.83333
331	53			0	0	0	0	0	0	0		53.83333
332	9			-1	-1	1	8	417	100	0		54
333	54			0	0	0	0	0	0	0	muhayyerkurdi@la4	54
334	9	La5	A5	358	358	1	4	833	95	84	Mes	54.33333
335	9	La5	A5	358	358	1	8	417	95	84	tâ	54.5
336	9	La5	A5	358	358	1	4	833	95	84	ne 	54.83333
337	9	La5	A5	358	358	1	8	417	95	96	ba	55
338	9	La5	A5	358	358	1	8	417	99	96	kýþ	55.16667
339	9	Si5b5	B5b5	362	362	1	8	417	99	96		55.33333
340	9	Si5b1	B5b1	366	366	1	8	417	95	96		55.5
341	9	Do6	C6	371	371	1	4	833	95	96	lar	55.83333
342	10	Re6	D6	380	380	1	8	417	99	96	la 	56
343	8	Si5b1	B5b1	366	366	0	0	0	95	96		56
344	9	Si5b5	B5b5	362	362	1	4	833	95	96	be	56.33333
345	10	Do6	C6	371	371	1	8	417	99	96	ni 	56.5
346	8	La5	A5	358	358	0	0	0	95	66		56.5
347	9	La5	A5	358	358	1	4	833	95	70	mest_	56.83333
348	9	Sol5	G5	349	349	1	8	417	95	74	ü 	57
349	9	Sol5	G5	349	349	1	8	417	95	78	ha	57.16667
350	9	Fa5	F5	340	340	1	8	417	99	96	râb 	57.33333
351	9	Sol5	G5	349	349	1	8	417	99	96		57.5
352	9	La5	A5	358	358	1	4	833	95	96	et 	57.83333
353	9			-1	-1	1	8	417	100	0		58
354	53			0	0	0	0	0	0	0		58
355	9	Sol5	G5	349	349	1	4	833	95	84	mest_	58.33333
356	9	Sol5	G5	349	349	1	8	417	95	84	ü 	58.5
357	9	Sol5	G5	349	349	1	8	417	95	96	ha	58.66667
358	9	La5	A5	358	358	1	4	833	95	96	râb 	59
359	55			0	0	0	0	0	0	0		59
360	9	Fa5	F5	340	340	5	8	2083	95	96	et  	59.83333
361	9			-1	-1	1	8	417	100	0		60
362	53			0	0	0	0	0	0	0		60
363	9	Mi5	E5	336	336	1	16	208	95	96	SAZ	60.08333
364	9	Fa5	F5	340	340	1	16	208	95	96	.	60.16667
365	9	Sol5	G5	349	349	1	16	208	95	96	.	60.25
366	9	Fa5	F5	340	340	1	16	208	95	96	.	60.33333
367	9	Mi5	E5	336	336	1	8	417	95	96	.	60.5
368	9	Re5	D5	327	327	1	16	208	95	96	.	60.58333
369	9	Mi5	E5	336	336	1	16	208	95	96	.	60.66667
370	9	Fa5	F5	340	340	1	16	208	95	96	.	60.75
371	9	Mi5	E5	336	336	1	16	208	95	96	.	60.83333
372	9	Re5	D5	327	327	1	8	417	95	96	.	61
373	53			0	0	0	0	0	0	0		61
374	9	La4	A4	305	305	1	16	208	95	96	.	61.08333
375	9	Si4b5	B4b5	309	309	1	16	208	95	96	.	61.16667
376	9	Do5	C5	318	318	1	16	208	95	96	.	61.25
377	9	Si4b5	B4b5	309	309	1	16	208	95	96	.	61.33333
378	9	La4	A4	305	305	1	16	208	95	96	.	61.41667
379	9	Sol4	G4	296	296	1	16	208	95	66	.	61.5
380	9	Fa4	F4	287	287	1	16	208	95	69	.	61.58333
381	9	Sol4	G4	296	296	1	32	104	95	72	.	61.625
382	9	La4	A4	305	305	1	32	104	95	75	.	61.66667
383	9	Si4b5	B4b5	309	309	1	32	104	95	78	.	61.70833
384	9	Do5	C5	318	318	1	32	104	95	96	.	61.75
385	9	Re5	D5	327	327	1	32	104	95	96	.	61.79167
386	9	Mi5	E5	336	336	1	32	104	95	96	.	61.83333
387	9	Fa5	F5	340	340	1	8	417	95	96	.	62
388	53			0	0	0	0	0	0	0		62
389	8	Sol5	G5	349	349	0	0	0	95	96		62
390	9	Fa5	F5	340	340	1	8	417	99	84	Çýk 	62.16667
391	9	Mi5	E5	336	336	1	8	417	99	96		62.33333
392	9	Fa5	F5	340	340	1	8	417	95	96		62.5
393	7	Sol5	G5	349	349	4	16	833	95	96	sa	62.83333
394	9	Fa5	F5	340	340	1	16	208	99	96	hi	62.91667
395	9	Mi5	E5	336	336	1	16	208	95	96		63
396	9	Mi5	E5	336	336	5	16	1042	99	96	le 	63.41667
397	9	Re5	D5	327	327	1	16	208	95	96		63.5
398	9	Re5	D5	327	327	1	4	833	95	96	gel 	63.83333
399	9			-1	-1	1	8	417	100	0		64
400	53			0	0	0	0	0	0	0		64
401	9	Mi5	E5	336	336	1	4	833	95	96	sî	64.33334
402	9	Mi5	E5	336	336	1	16	208	99	96	ne	64.41666
403	9	Re5	D5	327	327	1	16	208	95	96		64.5
404	9	Re5	D5	327	327	1	4	833	95	96	de 	64.83334
405	9			-1	-1	1	8	417	100	0		65
406	53			0	0	0	0	0	0	0		65
407	9	Mi4	E4	283	283	1	4	833	95	96	SAZ	65.33334
408	9	Mi4	E4	283	283	1	16	208	95	96	.	65.41666
409	9	Re4	D4	274	274	1	16	208	95	96	.	65.5
410	9	Re4	D4	274	274	1	4	833	95	96	.	65.83334
411	9			-1	-1	1	8	417	100	0		66
412	53			0	0	0	0	0	0	0		66
413	9	Do5	C5	318	318	1	8	417	95	96	bir 	66.16666
414	9	Si4	B4	314	314	1	8	417	99	96	â	66.33334
415	9	Do5	C5	318	318	1	8	417	95	96		66.5
416	9	Fa5	F5	340	340	3	16	625	99	96	le	66.75
417	9	La4	A4	305	305	1	16	208	95	96		66.83334
418	9	La4	A4	305	305	1	8	417	95	96	mi 	67
419	9	Do5	C5	318	318	5	16	1042	99	96	âb 	67.41666
420	9	Si4b5	B4b5	309	309	1	16	208	95	96		67.5
421	9	Si4b5	B4b5	309	309	1	4	833	95	96	et 	67.83334
422	9			-1	-1	1	8	417	100	0		68
423	53			0	0	0	0	0	0	0		68
424	9	Sol4	G4	296	296	1	8	417	95	96	bir 	68.16666
425	9	Fa4#3	F4#4	290	291	1	8	417	99	96	â	68.33334
426	9	Sol4	G4	296	296	1	8	417	95	96		68.5
427	9	Do5	C5	318	318	1	4	833	95	96	le	68.83334
428	9	Si4b5	B4b5	309	309	1	16	208	99	96	mi 	68.91666
429	9	La4	A4	305	305	1	16	208	95	96		69
430	12	La4	A4	305	305	1	4	833	99	96	âb 	69.33334
431	9	Sol4	G4	296	296	1	16	208	99	96		69.41666
432	9	Fa4	F4	287	287	1	16	208	95	96		69.5
433	9	Fa4	F4	287	287	1	4	833	95	96	et  	69.83334
434	9			-1	-1	1	8	417	100	0		70
435	53			0	0	0	0	0	0	0		70
