Sýra	Kod	Nota53	NotaAE	Koma53	KomaAE	Pay	Payda	Ms	LNS	Bas	Soz1	Offset
1	9			-1	-1	1	8	259	100	0		0.125
2	9	Do5	C5	318	318	1	8	259	95	96	ARANAÐME 	0.25
3	9	Re5	D5	327	327	1	8	259	95	96	.	0.375
4	9	Mi5	E5	336	336	1	8	259	95	96	.	0.5
5	9	Fa5	F5	340	340	1	4	517	95	96	.	0.75
6	9	Mi5	E5	336	336	1	16	129	95	96	.	0.8125
7	9	Re5	D5	327	327	1	16	129	95	96	.	0.875
8	9	Do5	C5	318	318	1	8	259	95	96	.	1
9	9			-1	-1	1	8	259	100	0	.	1.125
10	53			0	0	0	0	0	0	0		1.125
11	9	Do5	C5	318	318	1	8	259	95	96	.	1.25
12	9	Re5	D5	327	327	1	8	259	95	96	.	1.375
13	9	Mi5	E5	336	336	1	8	259	95	96	.	1.5
14	9	Fa5	F5	340	340	1	4	517	95	96	.	1.75
15	9	Fa5	F5	340	340	1	16	129	95	96	.	1.8125
16	9	Mi5	E5	336	336	1	16	129	95	96	.	1.875
17	9	Re5	D5	327	327	1	8	259	95	96	.	2
18	9			-1	-1	1	8	259	100	0	.	2.125
19	53			0	0	0	0	0	0	0		2.125
20	9	Do5	C5	318	318	1	8	259	95	96	.	2.25
21	9	Re5	D5	327	327	1	8	259	95	96	.	2.375
22	9	Mi5	E5	336	336	1	8	259	95	96	.	2.5
23	9	Fa5	F5	340	340	1	8	259	95	96	.	2.625
24	9	Sol5	G5	349	349	1	8	259	95	96	.	2.75
25	9	La5	A5	358	358	1	8	259	95	96	.	2.875
26	9	Fa5	F5	340	340	1	8	259	95	96	.	3
27	9	La5	A5	358	358	1	2	1034	95	96	.	3.5
28	53			0	0	0	0	0	0	0		3.5
29	9	La5	A5	358	358	1	8	259	95	96	.	3.625
30	9	Sol5	G5	349	349	1	8	259	95	96	.	3.75
31	9	La5	A5	358	358	1	8	259	95	96	.	3.875
32	9	Si5b5	B5b5	362	362	1	8	259	95	96	.	4
33	9	Si5b5	B5b5	362	362	1	16	129	95	96	.	4.0625
34	9	La5	A5	358	358	1	16	129	95	96	.	4.125
35	9	Sol5	G5	349	349	3	8	776	95	96	.	4.5
36	53			0	0	0	0	0	0	0		4.5
37	9	Sol5	G5	349	349	1	8	259	95	96	.	4.625
38	9	Fa5	F5	340	340	1	8	259	95	96	.	4.75
39	9	Sol5	G5	349	349	1	8	259	95	96	.	4.875
40	9	La5	A5	358	358	1	8	259	95	96	.	5
41	9	La5	A5	358	358	1	16	129	95	96	.	5.0625
42	9	Sol5	G5	349	349	1	16	129	95	96	.	5.125
43	9	Fa5	F5	340	340	3	8	776	95	96	.	5.5
44	53			0	0	0	0	0	0	0		5.5
45	9	Fa5	F5	340	340	1	8	259	95	96	.	5.625
46	9	Mi5	E5	336	336	1	8	259	95	96	.	5.75
47	9	Fa5	F5	340	340	1	8	259	95	96	.	5.875
48	9	Sol5	G5	349	349	1	8	259	95	96	.	6
49	9	Sol5	G5	349	349	1	16	129	95	96	.	6.0625
50	9	Fa5	F5	340	340	1	16	129	95	96	.	6.125
51	9	Mi5	E5	336	336	3	8	776	95	96	.	6.5
52	53			0	0	0	0	0	0	0		6.5
53	9	Mi5	E5	336	336	1	8	259	95	96	.	6.625
54	9	Re5	D5	327	327	1	8	259	95	96	.	6.75
55	9	Mi5	E5	336	336	1	8	259	95	96	.	6.875
56	9	Fa5	F5	340	340	1	8	259	95	96	.	7
57	9	Fa5	F5	340	340	1	16	129	95	96	.	7.0625
58	9	Mi5	E5	336	336	1	16	129	95	96	.	7.125
59	9	Re5	D5	327	327	1	4	517	95	96	.	7.375
60	9	Do5	C5	318	318	1	8	259	95	96	.	7.5
61	9	Si4b5	B4b5	309	309	1	8	259	95	96	.	7.625
62	9	La4	A4	305	305	1	8	259	95	96	.	7.75
63	9	Re5	D5	327	327	1	4	517	95	96	.	8
64	53			0	0	0	0	0	0	0		8
65	9	Re5	D5	327	327	1	8	259	95	96	.	8.125
66	9	Do5	C5	318	318	1	4	517	95	96	.	8.375
67	9	Si4b5	B4b5	309	309	1	8	259	95	96	.	8.5
68	9	La4	A4	305	305	1	8	259	95	96	.	8.625
69	9	Sol4	G4	296	296	1	8	259	95	96	.	8.75
70	9	Do5	C5	318	318	1	4	517	95	96	.	9
71	53			0	0	0	0	0	0	0		9
72	9	Do5	C5	318	318	1	8	259	95	96	.	9.125
73	9	Si4b5	B4b5	309	309	1	4	517	95	96	.	9.375
74	9	La4	A4	305	305	1	8	259	95	96	.	9.5
75	9	Sol4	G4	296	296	1	4	517	95	96	.	9.75
76	9	La4	A4	305	305	1	8	259	95	96	.	9.875
77	9	Si4b5	B4b5	309	309	1	8	259	95	96	.	10
78	9	La4	A4	305	305	1	4	517	95	96	.	10.25
79	9	Sol4	G4	296	296	1	8	259	95	96	.	10.375
80	9	Fa4	F4	287	287	1	8	259	95	96	.	10.5
81	9	Sol4	G4	296	296	1	4	517	95	96	.	10.75
82	9	Fa4	F4	287	287	1	8	259	95	96	.	10.875
83	9	Mi4	E4	283	283	1	8	259	95	96	.	11
84	9	Fa4	F4	287	287	3	8	776	95	96	.	11.375
85	53			0	0	0	0	0	0	0		11.375
86	9	Do4	C4	265	265	1	8	259	95	96	.	11.5
87	9	Re4	D4	274	274	1	8	259	95	96	.	11.625
88	9	Mi4	E4	283	283	1	8	259	95	96	.	11.75
89	9	Fa4	F4	287	287	1	4	517	95	96	.  	12
90	53			0	0	0	0	0	0	0		12
91	9			-1	-1	1	8	259	100	0		12.125
92	9	Do5	C5	318	318	1	8	259	95	96	ARANAÐME 	12.25
93	9	Re5	D5	327	327	1	8	259	95	96	.	12.375
94	9	Mi5	E5	336	336	1	8	259	95	96	.	12.5
95	9	Fa5	F5	340	340	1	4	517	95	96	.	12.75
96	9	Mi5	E5	336	336	1	16	129	95	96	.	12.8125
97	9	Re5	D5	327	327	1	16	129	95	96	.	12.875
98	9	Do5	C5	318	318	1	8	259	95	96	.	13
99	9			-1	-1	1	8	259	100	0	.	13.125
100	53			0	0	0	0	0	0	0		13.125
101	9	Do5	C5	318	318	1	8	259	95	96	.	13.25
102	9	Re5	D5	327	327	1	8	259	95	96	.	13.375
103	9	Mi5	E5	336	336	1	8	259	95	96	.	13.5
104	9	Fa5	F5	340	340	1	4	517	95	96	.	13.75
105	9	Fa5	F5	340	340	1	16	129	95	96	.	13.8125
106	9	Mi5	E5	336	336	1	16	129	95	96	.	13.875
107	9	Re5	D5	327	327	1	8	259	95	96	.	14
108	9			-1	-1	1	8	259	100	0	.	14.125
109	53			0	0	0	0	0	0	0		14.125
110	9	Do5	C5	318	318	1	8	259	95	96	.	14.25
111	9	Re5	D5	327	327	1	8	259	95	96	.	14.375
112	9	Mi5	E5	336	336	1	8	259	95	96	.	14.5
113	9	Fa5	F5	340	340	1	8	259	95	96	.	14.625
114	9	Sol5	G5	349	349	1	8	259	95	96	.	14.75
115	9	La5	A5	358	358	1	8	259	95	96	.	14.875
116	9	Fa5	F5	340	340	1	8	259	95	96	.	15
117	9	La5	A5	358	358	1	2	1034	95	96	.	15.5
118	53			0	0	0	0	0	0	0		15.5
119	9	La5	A5	358	358	1	8	259	95	96	.	15.625
120	9	Sol5	G5	349	349	1	8	259	95	96	.	15.75
121	9	La5	A5	358	358	1	8	259	95	96	.	15.875
122	9	Si5b5	B5b5	362	362	1	8	259	95	96	.	16
123	9	Si5b5	B5b5	362	362	1	16	129	95	96	.	16.0625
124	9	La5	A5	358	358	1	16	129	95	96	.	16.125
125	9	Sol5	G5	349	349	3	8	776	95	96	.	16.5
126	53			0	0	0	0	0	0	0		16.5
127	9	Sol5	G5	349	349	1	8	259	95	96	.	16.625
128	9	Fa5	F5	340	340	1	8	259	95	96	.	16.75
129	9	Sol5	G5	349	349	1	8	259	95	96	.	16.875
130	9	La5	A5	358	358	1	8	259	95	96	.	17
131	9	La5	A5	358	358	1	16	129	95	96	.	17.0625
132	9	Sol5	G5	349	349	1	16	129	95	96	.	17.125
133	9	Fa5	F5	340	340	3	8	776	95	96	.	17.5
134	53			0	0	0	0	0	0	0		17.5
135	9	Fa5	F5	340	340	1	8	259	95	96	.	17.625
136	9	Mi5	E5	336	336	1	8	259	95	96	.	17.75
137	9	Fa5	F5	340	340	1	8	259	95	96	.	17.875
138	9	Sol5	G5	349	349	1	8	259	95	96	.	18
139	9	Sol5	G5	349	349	1	16	129	95	96	.	18.0625
140	9	Fa5	F5	340	340	1	16	129	95	96	.	18.125
141	9	Mi5	E5	336	336	3	8	776	95	96	.	18.5
142	53			0	0	0	0	0	0	0		18.5
143	9	Mi5	E5	336	336	1	8	259	95	96	.	18.625
144	9	Re5	D5	327	327	1	8	259	95	96	.	18.75
145	9	Mi5	E5	336	336	1	8	259	95	96	.	18.875
146	9	Fa5	F5	340	340	1	8	259	95	96	.	19
147	9	Fa5	F5	340	340	1	16	129	95	96	.	19.0625
148	9	Mi5	E5	336	336	1	16	129	95	96	.	19.125
149	9	Re5	D5	327	327	1	4	517	95	96	.	19.375
150	9	Do5	C5	318	318	1	8	259	95	96	.	19.5
151	9	Si4b5	B4b5	309	309	1	8	259	95	96	.	19.625
152	9	La4	A4	305	305	1	8	259	95	96	.	19.75
153	9	Re5	D5	327	327	1	4	517	95	96	.	20
154	53			0	0	0	0	0	0	0		20
155	9	Re5	D5	327	327	1	8	259	95	96	.	20.125
156	9	Do5	C5	318	318	1	4	517	95	96	.	20.375
157	9	Si4b5	B4b5	309	309	1	8	259	95	96	.	20.5
158	9	La4	A4	305	305	1	8	259	95	96	.	20.625
159	9	Sol4	G4	296	296	1	8	259	95	96	.	20.75
160	9	Do5	C5	318	318	1	4	517	95	96	.	21
161	53			0	0	0	0	0	0	0		21
162	9	Do5	C5	318	318	1	8	259	95	96	.	21.125
163	9	Si4b5	B4b5	309	309	1	4	517	95	96	.	21.375
164	9	La4	A4	305	305	1	8	259	95	96	.	21.5
165	9	Sol4	G4	296	296	1	4	517	95	96	.	21.75
166	9	La4	A4	305	305	1	8	259	95	96	.	21.875
167	9	Si4b5	B4b5	309	309	1	8	259	95	96	.	22
168	9	La4	A4	305	305	1	4	517	95	96	.	22.25
169	9	Sol4	G4	296	296	1	8	259	95	96	.	22.375
170	9	Fa4	F4	287	287	1	8	259	95	96	.	22.5
171	9	Sol4	G4	296	296	1	4	517	95	96	.	22.75
172	9	Fa4	F4	287	287	1	8	259	95	96	.	22.875
173	9	Mi4	E4	283	283	1	8	259	95	96	.	23
174	9	Fa4	F4	287	287	3	8	776	95	96	.	23.375
175	53			0	0	0	0	0	0	0		23.375
176	9	Do4	C4	265	265	1	8	259	95	96	.	23.5
177	9	Re4	D4	274	274	1	8	259	95	96	.	23.625
178	9	Mi4	E4	283	283	1	8	259	95	96	.	23.75
179	9	Fa4	F4	287	287	1	4	517	95	96	.  	24
180	53			0	0	0	0	0	0	0		24
181	9			-1	-1	1	4	517	100	0		24.25
182	9	Fa5	F5	340	340	1	4	517	95	96	Gö	24.5
183	9	Fa5	F5	340	340	1	4	517	95	96	nül 	24.75
184	9	Fa5	F5	340	340	1	8	259	99	96	sa	24.875
185	9	Mi5	E5	336	336	1	8	259	95	96		25
186	9	Mi5	E5	336	336	3	8	776	99	96	na 	25.375
187	9	Re5	D5	327	327	1	8	259	95	96		25.5
188	9	Re5	D5	327	327	1	12	172	95	96	ta	25.58333
189	9	Do5	C5	318	318	1	12	172	95	96		25.66667
190	9	Re5	D5	327	327	1	12	172	95	96		25.75
191	9	Mi5	E5	336	336	1	12	172	95	96	pa	25.83333
192	9	Re5	D5	327	327	1	12	172	95	96		25.91667
193	9	Do5	C5	318	318	1	12	172	95	96		26
194	9	Do5	C5	318	318	1	4	517	95	96	lý  	26.25
195	53			0	0	0	0	0	0	0		26.25
196	9	Re5	D5	327	327	1	8	259	95	96	SAZ 	26.375
197	9	Si4b5	B4b5	309	309	1	8	259	95	96	.	26.5
198	9	Do5	C5	318	318	1	8	259	95	96	.	26.625
199	9	La4	A4	305	305	1	8	259	95	96	.	26.75
200	9	Si4b5	B4b5	309	309	1	8	259	95	96	.	26.875
201	9	Sol4	G4	296	296	1	8	259	95	96	.	27
202	9	La4	A4	305	305	1	4	517	95	96	.	27.25
203	9	Sol4	G4	296	296	1	16	129	95	96	.	27.3125
204	9	Fa4	F4	287	287	1	16	129	95	96	.	27.375
205	9	Mi4	E4	283	283	1	16	129	95	96	.	27.4375
206	9	Sol4	G4	296	296	1	16	129	95	96	.	27.5
207	9	Fa4	F4	287	287	1	2	1034	95	96	.  	28
208	9			-1	-1	1	4	517	100	0		28.25
209	53			0	0	0	0	0	0	0		28.25
210	9	La5	A5	358	358	1	4	517	95	96	Ka	28.5
211	9	La5	A5	358	358	1	4	517	95	96	pýn 	28.75
212	9	La5	A5	358	358	1	8	259	99	96	ba	28.875
213	9	Sol5	G5	349	349	1	8	259	95	96		29
214	8	La5	A5	358	358	0	0	0	95	96		29
215	9	Sol5	G5	349	349	1	4	517	99	96	na 	29.25
216	9	Fa5	F5	340	340	1	8	259	99	96		29.375
217	9	Mi5	E5	336	336	1	8	259	95	96		29.5
218	9	Fa5	F5	340	340	1	8	259	99	96	ka	29.625
219	9	Sol5	G5	349	349	1	8	259	95	96		29.75
220	9	La5	A5	358	358	3	16	388	99	96	pa	29.9375
221	9	Sol5	G5	349	349	1	16	129	95	96		30
222	9	Fa5	F5	340	340	1	4	517	95	96	lý  	30.25
223	53			0	0	0	0	0	0	0		30.25
224	9	Do6	C6	371	371	1	8	259	95	96	SAZ 	30.375
225	9	La5	A5	358	358	1	8	259	95	96	.	30.5
226	9	Si5b5	B5b5	362	362	1	8	259	95	96	.	30.625
227	9	Sol5	G5	349	349	1	8	259	95	96	.	30.75
228	9	La5	A5	358	358	1	8	259	95	96	.	30.875
229	9	Fa5	F5	340	340	1	8	259	95	96	.	31
230	9	Sol5	G5	349	349	1	4	517	95	96	.	31.25
231	9	Fa5	F5	340	340	1	16	129	95	96	.	31.3125
232	9	Mi5	E5	336	336	1	16	129	95	96	.	31.375
233	9	Re5	D5	327	327	1	16	129	95	96	.	31.4375
234	9	Do5	C5	318	318	1	16	129	95	96	.	31.5
235	9	Fa5	F5	340	340	1	2	1034	95	96	.  	32
236	53			0	0	0	0	0	0	0		32
237	9			-1	-1	1	4	517	100	0		32.25
238	9	Fa5	F5	340	340	1	4	517	95	96	Gö	32.5
239	9	Fa5	F5	340	340	1	4	517	95	96	nül 	32.75
240	9	Fa5	F5	340	340	1	8	259	99	96	sa	32.875
241	9	Mi5	E5	336	336	1	8	259	95	96		33
242	9	Mi5	E5	336	336	3	8	776	99	96	na 	33.375
243	9	Re5	D5	327	327	1	8	259	95	96		33.5
244	9	Re5	D5	327	327	1	12	172	95	96	ta	33.58333
245	9	Do5	C5	318	318	1	12	172	95	96		33.66667
246	9	Re5	D5	327	327	1	12	172	95	96		33.75
247	9	Mi5	E5	336	336	1	12	172	95	96	pa	33.83333
248	9	Re5	D5	327	327	1	12	172	95	96		33.91667
249	9	Do5	C5	318	318	1	12	172	95	96		34
250	9	Do5	C5	318	318	1	4	517	95	96	lý  	34.25
251	53			0	0	0	0	0	0	0		34.25
252	9	Re5	D5	327	327	1	8	259	95	96	SAZ 	34.375
253	9	Si4b5	B4b5	309	309	1	8	259	95	96	.	34.5
254	9	Do5	C5	318	318	1	8	259	95	96	.	34.625
255	9	La4	A4	305	305	1	8	259	95	96	.	34.75
256	9	Si4b5	B4b5	309	309	1	8	259	95	96	.	34.875
257	9	Sol4	G4	296	296	1	8	259	95	96	.	35
258	9	La4	A4	305	305	1	4	517	95	96	.	35.25
259	9	Sol4	G4	296	296	1	16	129	95	96	.	35.3125
260	9	Fa4	F4	287	287	1	16	129	95	96	.	35.375
261	9	Mi4	E4	283	283	1	16	129	95	96	.	35.4375
262	9	Sol4	G4	296	296	1	16	129	95	96	.	35.5
263	9	Fa4	F4	287	287	1	2	1034	95	96	.  	36
264	9			-1	-1	1	4	517	100	0		36.25
265	53			0	0	0	0	0	0	0		36.25
266	9	La5	A5	358	358	1	4	517	95	96	Ka	36.5
267	9	La5	A5	358	358	1	4	517	95	96	pýn 	36.75
268	9	La5	A5	358	358	1	8	259	99	96	ba	36.875
269	9	Sol5	G5	349	349	1	8	259	95	96		37
270	8	La5	A5	358	358	0	0	0	95	96		37
271	9	Sol5	G5	349	349	1	4	517	99	96	na 	37.25
272	9	Fa5	F5	340	340	1	8	259	99	96		37.375
273	9	Mi5	E5	336	336	1	8	259	95	96		37.5
274	9	Fa5	F5	340	340	1	8	259	99	96	ka	37.625
275	9	Sol5	G5	349	349	1	8	259	95	96		37.75
276	9	La5	A5	358	358	3	16	388	99	96	pa	37.9375
277	9	Sol5	G5	349	349	1	16	129	95	96		38
278	9	Fa5	F5	340	340	1	4	517	95	96	lý  	38.25
279	53			0	0	0	0	0	0	0		38.25
280	9	Do6	C6	371	371	1	8	259	95	96	SAZ 	38.375
281	9	La5	A5	358	358	1	8	259	95	96	.	38.5
282	9	Si5b5	B5b5	362	362	1	8	259	95	96	.	38.625
283	9	Sol5	G5	349	349	1	8	259	95	96	.	38.75
284	9	La5	A5	358	358	1	8	259	95	96	.	38.875
285	9	Fa5	F5	340	340	1	8	259	95	96	.	39
286	9	Sol5	G5	349	349	1	4	517	95	96	.	39.25
287	9	Fa5	F5	340	340	1	16	129	95	96	.	39.3125
288	9	Mi5	E5	336	336	1	16	129	95	96	.	39.375
289	9	Re5	D5	327	327	1	16	129	95	96	.	39.4375
290	9	Do5	C5	318	318	1	16	129	95	96	.	39.5
291	9	Fa5	F5	340	340	1	2	1034	95	96	.  	40
292	53			0	0	0	0	0	0	0		40
293	9			-1	-1	1	4	517	100	0		40.25
294	9	Fa5	F5	340	340	1	4	517	95	96	Þa	40.5
295	9	Fa5	F5	340	340	1	4	517	95	96	þýr	40.75
296	9	Fa5	F5	340	340	1	8	259	99	96	mý	40.875
297	9	Mi5	E5	336	336	1	8	259	95	96		41
298	9	Mi5	E5	336	336	3	8	776	99	96	þým 	41.375
299	9	Re5	D5	327	327	1	8	259	95	96		41.5
300	9	Re5	D5	327	327	1	4	517	95	96	yo	41.75
301	8	Mi5	E5	336	336	0	0	0	95	96		41.75
302	9	Re5	D5	327	327	1	8	259	99	96	lu	41.875
303	9	Do5	C5	318	318	1	8	259	95	96		42
304	9	Do5	C5	318	318	1	12	172	99	96	mu  	42.08333
305	9	Si4b5	B4b5	309	309	1	12	172	99	96		42.16667
306	9	Do5	C5	318	318	1	12	172	99	96		42.25
307	9	Re5	D5	327	327	1	12	172	99	96		42.33333
308	9	Do5	C5	318	318	1	12	172	99	96		42.41667
309	9	Si4b5	B4b5	309	309	1	12	172	99	96		42.5
310	9	Si4b5	B4b5	309	309	1	12	172	99	96		42.58333
311	9	La4	A4	305	305	1	12	172	99	96		42.66667
312	9	Si4b5	B4b5	309	309	1	12	172	99	96		42.75
313	9	Do5	C5	318	318	1	12	172	99	96		42.83333
314	9	Si4b5	B4b5	309	309	1	12	172	99	96		42.91667
315	9	La4	A4	305	305	1	12	172	99	96		43
316	9	La4	A4	305	305	1	12	172	99	96		43.08333
317	9	Sol4	G4	296	296	1	12	172	99	96		43.16667
318	9	La4	A4	305	305	1	12	172	99	96		43.25
319	9	Si4b5	B4b5	309	309	1	12	172	99	96		43.33333
320	9	La4	A4	305	305	1	12	172	99	96		43.41667
321	9	Sol4	G4	296	296	1	12	172	99	96		43.5
322	9	Fa4	F4	287	287	1	4	517	99	96		43.75
323	9	Si4b5	B4b5	309	309	1	4	517	95	96		44
324	9			-1	-1	1	4	517	100	0		44.25
325	53			0	0	0	0	0	0	0		44.25
326	9	Si4b5	B4b5	309	309	1	4	517	95	96	Bu 	44.5
327	9	La4	A4	305	305	1	4	517	95	96	sev	44.75
328	9	Sol4	G4	296	296	1	4	517	95	96	gi	45
329	9	Fa4	F4	287	287	3	8	776	99	96	ye 	45.375
330	9	Mi4	E4	283	283	1	8	259	95	96		45.5
331	9	Fa4	F4	287	287	1	8	259	99	96	sa	45.625
332	9	Sol4	G4	296	296	1	8	259	95	96		45.75
333	9	La4	A4	305	305	3	16	388	99	96	pa	45.9375
334	9	Sol4	G4	296	296	1	16	129	95	96		46
335	9	Fa4	F4	287	287	1	4	517	95	96	lý  	46.25
336	53			0	0	0	0	0	0	0		46.25
337	9	Do6	C6	371	371	1	8	259	95	96	SAZ 	46.375
338	9	La5	A5	358	358	1	8	259	95	96	.	46.5
339	9	Si5b5	B5b5	362	362	1	8	259	95	96	.	46.625
340	9	Sol5	G5	349	349	1	8	259	95	96	.	46.75
341	9	La5	A5	358	358	1	8	259	95	96	.	46.875
342	9	Fa5	F5	340	340	1	8	259	95	96	.	47
343	9	Sol5	G5	349	349	1	4	517	95	96	.	47.25
344	9	Fa5	F5	340	340	1	16	129	95	96	.	47.3125
345	9	Mi5	E5	336	336	1	16	129	95	96	.	47.375
346	9	Re5	D5	327	327	1	16	129	95	96	.	47.4375
347	9	Do5	C5	318	318	1	16	129	95	96	.	47.5
348	9	Fa5	F5	340	340	1	2	1034	95	96	.  	48
349	53			0	0	0	0	0	0	0		48
350	9			-1	-1	1	4	517	100	0		48.25
351	9	Fa5	F5	340	340	1	4	517	95	96	Þa	48.5
352	9	Fa5	F5	340	340	1	4	517	95	96	þýr	48.75
353	9	Fa5	F5	340	340	1	8	259	99	96	mý	48.875
354	9	Mi5	E5	336	336	1	8	259	95	96		49
355	9	Mi5	E5	336	336	3	8	776	99	96	þým 	49.375
356	9	Re5	D5	327	327	1	8	259	95	96		49.5
357	9	Re5	D5	327	327	1	4	517	95	96	yo	49.75
358	8	Mi5	E5	336	336	0	0	0	95	96		49.75
359	9	Re5	D5	327	327	1	8	259	99	96	lu	49.875
360	9	Do5	C5	318	318	1	8	259	95	96		50
361	9	Do5	C5	318	318	1	12	172	99	96	mu  	50.08333
362	9	Si4b5	B4b5	309	309	1	12	172	99	96		50.16667
363	9	Do5	C5	318	318	1	12	172	99	96		50.25
364	9	Re5	D5	327	327	1	12	172	99	96		50.33333
365	9	Do5	C5	318	318	1	12	172	99	96		50.41667
366	9	Si4b5	B4b5	309	309	1	12	172	99	96		50.5
367	9	Si4b5	B4b5	309	309	1	12	172	99	96		50.58333
368	9	La4	A4	305	305	1	12	172	99	96		50.66667
369	9	Si4b5	B4b5	309	309	1	12	172	99	96		50.75
370	9	Do5	C5	318	318	1	12	172	99	96		50.83333
371	9	Si4b5	B4b5	309	309	1	12	172	99	96		50.91667
372	9	La4	A4	305	305	1	12	172	99	96		51
373	9	La4	A4	305	305	1	12	172	99	96		51.08333
374	9	Sol4	G4	296	296	1	12	172	99	96		51.16667
375	9	La4	A4	305	305	1	12	172	99	96		51.25
376	9	Si4b5	B4b5	309	309	1	12	172	99	96		51.33333
377	9	La4	A4	305	305	1	12	172	99	96		51.41667
378	9	Sol4	G4	296	296	1	12	172	99	96		51.5
379	9	Fa4	F4	287	287	1	4	517	99	96		51.75
380	9	Si4b5	B4b5	309	309	1	4	517	95	96		52
381	9			-1	-1	1	4	517	100	0		52.25
382	53			0	0	0	0	0	0	0		52.25
383	9	Si4b5	B4b5	309	309	1	4	517	95	96	Bu 	52.5
384	9	La4	A4	305	305	1	4	517	95	96	sev	52.75
385	9	Sol4	G4	296	296	1	4	517	95	96	gi	53
386	9	Fa4	F4	287	287	3	8	776	99	96	ye 	53.375
387	9	Mi4	E4	283	283	1	8	259	95	96		53.5
388	9	Fa4	F4	287	287	1	8	259	99	96	sa	53.625
389	9	Sol4	G4	296	296	1	8	259	95	96		53.75
390	9	La4	A4	305	305	3	16	388	99	96	pa	53.9375
391	9	Sol4	G4	296	296	1	16	129	95	96		54
392	54			0	0	0	0	0	0	0	cargah@do5	54
393	53			0	0	0	0	0	0	0		54
394	9	Fa4	F4	287	287	3	4	1552	95	96	lý  	54.75
395	9	Do5	C5	318	318	1	8	259	95	96	SAZ 	54.875
396	9	Re5b4	D5b4	323	323	1	8	259	95	96	.	55
397	9	Do5	C5	318	318	1	8	259	95	96	.	55.125
398	9	Si4b1	B4b1	313	313	1	8	259	95	96	.	55.25
399	9	La4	A4	305	305	1	8	259	95	96	.	55.375
400	9	Sol4	G4	296	296	1	8	259	95	96	.	55.5
401	9	Do5	C5	318	318	1	2	1034	95	96	.  	56
402	53			0	0	0	0	0	0	0		56
403	9			-1	-1	1	4	517	100	0		56.25
404	9	Do5	C5	318	318	1	4	517	95	96	Su	56.5
405	9	Do5	C5	318	318	1	4	517	95	96	sa	56.75
406	9	Do5	C5	318	318	1	8	259	99	96	yan_	56.875
407	9	Re5b4	D5b4	323	323	1	8	259	95	96		57
408	9	Do5	C5	318	318	1	8	259	99	96	ýr	57.125
409	9	Si4b1	B4b1	313	313	1	8	259	99	96		57.25
410	9	La4	A4	305	305	1	8	259	99	96		57.375
411	9	Sol4	G4	296	296	1	8	259	95	96		57.5
412	9	La4	A4	305	305	1	4	517	95	96	mak_	57.75
413	9	Si4b1	B4b1	313	313	1	4	517	95	96	a	58
414	9	Do5	C5	318	318	1	4	517	95	96	rar  	58.25
415	53			0	0	0	0	0	0	0		58.25
416	9	Sol5	G5	349	349	1	8	259	95	96	SAZ 	58.375
417	9	Mi5	E5	336	336	1	8	259	95	96	.	58.5
418	9	Fa5	F5	340	340	1	8	259	95	96	.	58.625
419	9	Re5b4	D5b4	323	323	1	8	259	95	96	.	58.75
420	9	Mi5	E5	336	336	1	8	259	95	96	.	58.875
421	9	Do5	C5	318	318	1	8	259	95	96	.	59
422	9	Re5b4	D5b4	323	323	1	4	517	95	96	.	59.25
423	9	Do5	C5	318	318	1	16	129	95	96	.	59.3125
424	9	Si4b1	B4b1	313	313	1	16	129	95	96	.	59.375
425	9	La4	A4	305	305	1	16	129	95	96	.	59.4375
426	9	Sol4	G4	296	296	1	16	129	95	96	.	59.5
427	9	Do5	C5	318	318	1	2	1034	95	96	.  	60
428	53			0	0	0	0	0	0	0		60
429	9			-1	-1	1	4	517	100	0		60.25
430	9	Do5	C5	318	318	1	4	517	95	96	Ol	60.5
431	9	Re5b4	D5b4	323	323	1	4	517	95	96	maz 	60.75
432	9	Mi5	E5	336	336	1	4	517	95	96	se	61
433	9	Fa5	F5	340	340	1	2	1034	95	96	ven	61.5
434	9	Mi5	E5	336	336	1	8	259	99	96	de 	61.625
435	9	Re5b4	D5b4	323	323	1	8	259	95	96		61.75
436	9	Do5	C5	318	318	1	4	517	95	96	ka	62
437	9	Sol5	G5	349	349	1	4	517	99	96	rar  	62.25
438	9	Fa5	F5	340	340	1	8	259	99	96		62.375
439	9	Mi5	E5	336	336	1	8	259	99	96		62.5
440	9	Fa5	F5	340	340	1	4	517	99	96		62.75
441	9	Mi5	E5	336	336	1	8	259	99	96		62.875
442	9	Re5b4	D5b4	323	323	1	8	259	99	96		63
443	9	Mi5	E5	336	336	1	4	517	99	96		63.25
444	9	Re5b4	D5b4	323	323	1	8	259	99	96		63.375
445	9	Do5	C5	318	318	1	8	259	99	96		63.5
446	9	Re5b4	D5b4	323	323	1	4	517	99	96		63.75
447	9	Do5	C5	318	318	1	8	259	99	96		63.875
448	9	Si4b1	B4b1	313	313	1	8	259	99	96		64
449	9	Do5	C5	318	318	1	4	517	95	96		64.25
450	53			0	0	0	0	0	0	0		64.25
451	9	Do5	C5	318	318	1	4	517	95	96	Su	64.5
452	9	Do5	C5	318	318	1	4	517	95	96	sa	64.75
453	9	Do5	C5	318	318	1	8	259	99	96	yan_	64.875
454	9	Re5b4	D5b4	323	323	1	8	259	95	96		65
455	9	Do5	C5	318	318	1	8	259	99	96	ýr	65.125
456	9	Si4b1	B4b1	313	313	1	8	259	99	96		65.25
457	9	La4	A4	305	305	1	8	259	95	96		65.375
458	9	Sol4	G4	296	296	1	8	259	99	96	mak_	65.5
459	9	La4	A4	305	305	1	4	517	95	96		65.75
460	9	Si4b1	B4b1	313	313	1	4	517	95	96	a	66
461	9	Do5	C5	318	318	3	4	1552	95	96	rar  	66.75
462	53			0	0	0	0	0	0	0		66.75
463	9	Do5	C5	318	318	1	8	259	95	96	SAZ 	66.875
464	9	Re5b4	D5b4	323	323	1	8	259	95	96	.	67
465	9	Do5	C5	318	318	1	8	259	95	96	.	67.125
466	9	Si4b1	B4b1	313	313	1	8	259	95	96	.	67.25
467	9	La4	A4	305	305	1	8	259	95	96	.	67.375
468	9	Sol4	G4	296	296	1	8	259	95	96	.	67.5
469	9	Do5	C5	318	318	1	2	1034	95	96	.	68
470	53			0	0	0	0	0	0	0		68
471	9			-1	-1	1	4	517	100	0		68.25
472	9	Do5	C5	318	318	1	4	517	95	96	Ol	68.5
473	9	Re5b4	D5b4	323	323	1	4	517	95	96	maz 	68.75
474	9	Mi5	E5	336	336	1	4	517	95	96	se	69
475	9	Fa5	F5	340	340	3	8	776	99	96	ven	69.375
476	9	Sol5	G5	349	349	1	8	259	95	96		69.5
477	9	La5	A5	358	358	1	8	259	99	96	de 	69.625
478	9	Sol5	G5	349	349	1	8	259	95	96		69.75
479	9	Fa5	F5	340	340	1	8	259	99	96	ka	69.875
480	9	Mi5	E5	336	336	1	8	259	95	96		70
481	9	Fa5	F5	340	340	1	4	517	95	96	rar  	70.25
482	55			0	0	0	0	0	0	0		70.25
483	53			0	0	0	0	0	0	0		70.25
484	9	Do6	C6	371	371	1	8	259	95	96	SAZ 	70.375
485	9	La5	A5	358	358	1	8	259	95	96	.	70.5
486	9	Si5b5	B5b5	362	362	1	8	259	95	96	.	70.625
487	9	Sol5	G5	349	349	1	8	259	95	96	.	70.75
488	9	La5	A5	358	358	1	8	259	95	96	.	70.875
489	9	Fa5	F5	340	340	1	8	259	95	96	.	71
490	9	Sol5	G5	349	349	1	4	517	95	96	.	71.25
491	9	Fa5	F5	340	340	1	16	129	95	96	.	71.3125
492	9	Mi5	E5	336	336	1	16	129	95	96	.	71.375
493	9	Re5	D5	327	327	1	16	129	95	96	.	71.4375
494	9	Do5	C5	318	318	1	16	129	95	96	.	71.5
495	9	Fa5	F5	340	340	1	2	1034	95	96	.	72
496	53			0	0	0	0	0	0	0		72
497	9			-1	-1	1	4	517	100	0		72.25
498	9	Fa5	F5	340	340	1	4	517	95	96	Gü	72.5
499	9	Fa5	F5	340	340	1	4	517	95	96	zel	72.75
500	9	Fa5	F5	340	340	1	8	259	99	96	le	72.875
501	9	Mi5	E5	336	336	1	8	259	95	96		73
502	9	Mi5	E5	336	336	3	8	776	99	96	ri 	73.375
503	9	Re5	D5	327	327	1	8	259	95	96		73.5
504	9	Re5	D5	327	327	1	4	517	95	96	ol	73.75
505	9	Re5	D5	327	327	1	8	259	99	96	maz	73.875
506	9	Do5	C5	318	318	1	8	259	95	96		74
507	9	Do5	C5	318	318	1	12	172	99	96	sa  	74.08334
508	9	Si4b5	B4b5	309	309	1	12	172	99	96		74.16666
509	9	Do5	C5	318	318	1	12	172	99	96		74.25
510	9	Re5	D5	327	327	1	12	172	99	96		74.33334
511	9	Do5	C5	318	318	1	12	172	99	96		74.41666
512	9	Si4b5	B4b5	309	309	1	12	172	99	96		74.5
513	9	Si4b5	B4b5	309	309	1	12	172	99	96		74.58334
514	9	La4	A4	305	305	1	12	172	99	96		74.66666
515	9	Si4b5	B4b5	309	309	1	12	172	99	96		74.75
516	9	Do5	C5	318	318	1	12	172	99	96		74.83334
517	9	Si4b5	B4b5	309	309	1	12	172	99	96		74.91666
518	9	La4	A4	305	305	1	12	172	99	96		75
519	9	La4	A4	305	305	1	12	172	99	96		75.08334
520	9	Sol4	G4	296	296	1	12	172	99	96		75.16666
521	9	La4	A4	305	305	1	12	172	99	96		75.25
522	9	Si4b5	B4b5	309	309	1	12	172	99	96		75.33334
523	9	La4	A4	305	305	1	12	172	99	96		75.41666
524	9	Sol4	G4	296	296	1	12	172	99	96		75.5
525	9	Fa4	F4	287	287	1	4	517	99	96		75.75
526	9	Si4b5	B4b5	309	309	1	4	517	95	96		76
527	9			-1	-1	1	4	517	100	0		76.25
528	53			0	0	0	0	0	0	0		76.25
529	9	Si4b5	B4b5	309	309	1	4	517	95	96	Bu 	76.5
530	9	La4	A4	305	305	1	4	517	95	96	dün	76.75
531	9	Sol4	G4	296	296	1	4	517	95	96	ya 	77
532	9	Fa4	F4	287	287	3	8	776	99	96	ne	77.375
533	9	Mi4	E4	283	283	1	8	259	95	96		77.5
534	9	Fa4	F4	287	287	1	8	259	99	96	ye 	77.625
535	9	Sol4	G4	296	296	1	8	259	95	96		77.75
536	9	La4	A4	305	305	3	16	388	99	96	ya	77.9375
537	9	Sol4	G4	296	296	1	16	129	95	96		78
538	9	Fa4	F4	287	287	1	4	517	95	96	rar  	78.25
539	53			0	0	0	0	0	0	0		78.25
540	9	Do6	C6	371	371	1	8	259	95	96	SAZ 	78.375
541	9	La5	A5	358	358	1	8	259	95	96	.	78.5
542	9	Si5b5	B5b5	362	362	1	8	259	95	96	.	78.625
543	9	Sol5	G5	349	349	1	8	259	95	96	.	78.75
544	9	La5	A5	358	358	1	8	259	95	96	.	78.875
545	9	Fa5	F5	340	340	1	8	259	95	96	.	79
546	9	Sol5	G5	349	349	1	4	517	95	96	.	79.25
547	9	Fa5	F5	340	340	1	16	129	95	96	.	79.3125
548	9	Mi5	E5	336	336	1	16	129	95	96	.	79.375
549	9	Re5	D5	327	327	1	16	129	95	96	.	79.4375
550	9	Do5	C5	318	318	1	16	129	95	96	.	79.5
551	9	Fa5	F5	340	340	1	2	1034	95	96	.  	80
552	53			0	0	0	0	0	0	0		80
553	9			-1	-1	1	4	517	100	0		80.25
554	9	Fa5	F5	340	340	1	4	517	95	96	Gü	80.5
555	9	Fa5	F5	340	340	1	4	517	95	96	zel	80.75
556	9	Fa5	F5	340	340	1	8	259	99	96	le	80.875
557	9	Mi5	E5	336	336	1	8	259	95	96		81
558	9	Mi5	E5	336	336	3	8	776	99	96	ri 	81.375
559	9	Re5	D5	327	327	1	8	259	95	96		81.5
560	9	Re5	D5	327	327	1	4	517	95	96	ol	81.75
561	9	Re5	D5	327	327	1	8	259	99	96	maz	81.875
562	9	Do5	C5	318	318	1	8	259	95	96		82
563	9	Do5	C5	318	318	1	12	172	99	96	sa  	82.08334
564	9	Si4b5	B4b5	309	309	1	12	172	99	96		82.16666
565	9	Do5	C5	318	318	1	12	172	99	96		82.25
566	9	Re5	D5	327	327	1	12	172	99	96		82.33334
567	9	Do5	C5	318	318	1	12	172	99	96		82.41666
568	9	Si4b5	B4b5	309	309	1	12	172	99	96		82.5
569	9	Si4b5	B4b5	309	309	1	12	172	99	96		82.58334
570	9	La4	A4	305	305	1	12	172	99	96		82.66666
571	9	Si4b5	B4b5	309	309	1	12	172	99	96		82.75
572	9	Do5	C5	318	318	1	12	172	99	96		82.83334
573	9	Si4b5	B4b5	309	309	1	12	172	99	96		82.91666
574	9	La4	A4	305	305	1	12	172	99	96		83
575	9	La4	A4	305	305	1	12	172	99	96		83.08334
576	9	Sol4	G4	296	296	1	12	172	99	96		83.16666
577	9	La4	A4	305	305	1	12	172	99	96		83.25
578	9	Si4b5	B4b5	309	309	1	12	172	99	96		83.33334
579	9	La4	A4	305	305	1	12	172	99	96		83.41666
580	9	Sol4	G4	296	296	1	12	172	99	96		83.5
581	9	Fa4	F4	287	287	1	4	517	99	96		83.75
582	9	Si4b5	B4b5	309	309	1	4	517	95	96		84
583	9			-1	-1	1	4	517	100	0		84.25
584	53			0	0	0	0	0	0	0		84.25
585	9	Si4b5	B4b5	309	309	1	4	517	95	96	Bu 	84.5
586	9	La4	A4	305	305	1	4	517	95	96	dün	84.75
587	9	Sol4	G4	296	296	1	4	517	95	96	ya 	85
588	9	Fa4	F4	287	287	3	8	776	99	96	ne	85.375
589	9	Mi4	E4	283	283	1	8	259	95	96		85.5
590	9	Fa4	F4	287	287	1	8	259	99	96	ye 	85.625
591	9	Sol4	G4	296	296	1	8	259	95	96		85.75
592	9	La4	A4	305	305	3	16	388	99	96	ya	85.9375
593	9	Sol4	G4	296	296	1	16	129	95	96		86
594	9	Fa4	F4	287	287	3	4	1552	95	96	rar  	86.75
595	53			0	0	0	0	0	0	0		86.75
596	9	Do4	C4	265	265	1	4	517	95	96	SAZ 	87
597	9	Re4	D4	274	274	1	4	517	95	96	.	87.25
598	9	Mi4	E4	283	283	1	4	517	95	96	.	87.5
599	9	Fa4	F4	287	287	1	2	1034	95	96	.  	88
600	53			0	0	0	0	0	0	0		88
601	9			-1	-1	1	8	259	100	0		88.125
602	9	Do5	C5	318	318	1	8	259	95	96	ARANAÐME 	88.25
603	9	Re5	D5	327	327	1	8	259	95	96	.	88.375
604	9	Mi5	E5	336	336	1	8	259	95	96	.	88.5
605	9	Fa5	F5	340	340	1	4	517	95	96	.	88.75
606	9	Mi5	E5	336	336	1	16	129	95	96	.	88.8125
607	9	Re5	D5	327	327	1	16	129	95	96	.	88.875
608	9	Do5	C5	318	318	1	8	259	95	96	.	89
609	9			-1	-1	1	8	259	100	0	.	89.125
610	53			0	0	0	0	0	0	0		89.125
611	9	Do5	C5	318	318	1	8	259	95	96	.	89.25
612	9	Re5	D5	327	327	1	8	259	95	96	.	89.375
613	9	Mi5	E5	336	336	1	8	259	95	96	.	89.5
614	9	Fa5	F5	340	340	1	4	517	95	96	.	89.75
615	9	Fa5	F5	340	340	1	16	129	95	96	.	89.8125
616	9	Mi5	E5	336	336	1	16	129	95	96	.	89.875
617	9	Re5	D5	327	327	1	8	259	95	96	.	90
618	9			-1	-1	1	8	259	100	0	.	90.125
619	53			0	0	0	0	0	0	0		90.125
620	9	Do5	C5	318	318	1	8	259	95	96	.	90.25
621	9	Re5	D5	327	327	1	8	259	95	96	.	90.375
622	9	Mi5	E5	336	336	1	8	259	95	96	.	90.5
623	9	Fa5	F5	340	340	1	8	259	95	96	.	90.625
624	9	Sol5	G5	349	349	1	8	259	95	96	.	90.75
625	9	La5	A5	358	358	1	8	259	95	96	.	90.875
626	9	Fa5	F5	340	340	1	8	259	95	96	.	91
627	9	La5	A5	358	358	1	2	1034	95	96	.	91.5
628	53			0	0	0	0	0	0	0		91.5
629	9	La5	A5	358	358	1	8	259	95	96	.	91.625
630	9	Sol5	G5	349	349	1	8	259	95	96	.	91.75
631	9	La5	A5	358	358	1	8	259	95	96	.	91.875
632	9	Si5b5	B5b5	362	362	1	8	259	95	96	.	92
633	9	Si5b5	B5b5	362	362	1	16	129	95	96	.	92.0625
634	9	La5	A5	358	358	1	16	129	95	96	.	92.125
635	9	Sol5	G5	349	349	3	8	776	95	96	.	92.5
636	53			0	0	0	0	0	0	0		92.5
637	9	Sol5	G5	349	349	1	8	259	95	96	.	92.625
638	9	Fa5	F5	340	340	1	8	259	95	96	.	92.75
639	9	Sol5	G5	349	349	1	8	259	95	96	.	92.875
640	9	La5	A5	358	358	1	8	259	95	96	.	93
641	9	La5	A5	358	358	1	16	129	95	96	.	93.0625
642	9	Sol5	G5	349	349	1	16	129	95	96	.	93.125
643	9	Fa5	F5	340	340	3	8	776	95	96	.	93.5
644	53			0	0	0	0	0	0	0		93.5
645	9	Fa5	F5	340	340	1	8	259	95	96	.	93.625
646	9	Mi5	E5	336	336	1	8	259	95	96	.	93.75
647	9	Fa5	F5	340	340	1	8	259	95	96	.	93.875
648	9	Sol5	G5	349	349	1	8	259	95	96	.	94
649	9	Sol5	G5	349	349	1	16	129	95	96	.	94.0625
650	9	Fa5	F5	340	340	1	16	129	95	96	.	94.125
651	9	Mi5	E5	336	336	3	8	776	95	96	.	94.5
652	53			0	0	0	0	0	0	0		94.5
653	9	Mi5	E5	336	336	1	8	259	95	96	.	94.625
654	9	Re5	D5	327	327	1	8	259	95	96	.	94.75
655	9	Mi5	E5	336	336	1	8	259	95	96	.	94.875
656	9	Fa5	F5	340	340	1	8	259	95	96	.	95
657	9	Fa5	F5	340	340	1	16	129	95	96	.	95.0625
658	9	Mi5	E5	336	336	1	16	129	95	96	.	95.125
659	9	Re5	D5	327	327	1	4	517	95	96	.	95.375
660	9	Do5	C5	318	318	1	8	259	95	96	.	95.5
661	9	Si4b5	B4b5	309	309	1	8	259	95	96	.	95.625
662	9	La4	A4	305	305	1	8	259	95	96	.	95.75
663	9	Re5	D5	327	327	1	4	517	95	96	.	96
664	53			0	0	0	0	0	0	0		96
665	9	Re5	D5	327	327	1	8	259	95	96	.	96.125
666	9	Do5	C5	318	318	1	4	517	95	96	.	96.375
667	9	Si4b5	B4b5	309	309	1	8	259	95	96	.	96.5
668	9	La4	A4	305	305	1	8	259	95	96	.	96.625
669	9	Sol4	G4	296	296	1	8	259	95	96	.	96.75
670	9	Do5	C5	318	318	1	4	517	95	96	.	97
671	53			0	0	0	0	0	0	0		97
672	9	Do5	C5	318	318	1	8	259	95	96	.	97.125
673	9	Si4b5	B4b5	309	309	1	4	517	95	96	.	97.375
674	9	La4	A4	305	305	1	8	259	95	96	.	97.5
675	9	Sol4	G4	296	296	1	4	517	95	96	.	97.75
676	9	La4	A4	305	305	1	8	259	95	96	.	97.875
677	9	Si4b5	B4b5	309	309	1	8	259	95	96	.	98
678	9	La4	A4	305	305	1	4	517	95	96	.	98.25
679	9	Sol4	G4	296	296	1	8	259	95	96	.	98.375
680	9	Fa4	F4	287	287	1	8	259	95	96	.	98.5
681	9	Sol4	G4	296	296	1	4	517	95	96	.	98.75
682	9	Fa4	F4	287	287	1	8	259	95	96	.	98.875
683	9	Mi4	E4	283	283	1	8	259	95	96	.	99
684	9	Fa4	F4	287	287	3	8	776	95	96	.	99.375
685	53			0	0	0	0	0	0	0		99.375
686	9	Do4	C4	265	265	1	8	259	95	96	.	99.5
687	9	Re4	D4	274	274	1	8	259	95	96	.	99.625
688	9	Mi4	E4	283	283	1	8	259	95	96	.	99.75
689	9	Fa4	F4	287	287	1	4	517	95	96	.  	100
690	53			0	0	0	0	0	0	0		100
691	9			-1	-1	1	8	259	100	0		100.125
692	9	Do5	C5	318	318	1	8	259	95	96	ARANAÐME 	100.25
693	9	Re5	D5	327	327	1	8	259	95	96	.	100.375
694	9	Mi5	E5	336	336	1	8	259	95	96	.	100.5
695	9	Fa5	F5	340	340	1	4	517	95	96	.	100.75
696	9	Mi5	E5	336	336	1	16	129	95	96	.	100.8125
697	9	Re5	D5	327	327	1	16	129	95	96	.	100.875
698	9	Do5	C5	318	318	1	8	259	95	96	.	101
699	9			-1	-1	1	8	259	100	0	.	101.125
700	53			0	0	0	0	0	0	0		101.125
701	9	Do5	C5	318	318	1	8	259	95	96	.	101.25
702	9	Re5	D5	327	327	1	8	259	95	96	.	101.375
703	9	Mi5	E5	336	336	1	8	259	95	96	.	101.5
704	9	Fa5	F5	340	340	1	4	517	95	96	.	101.75
705	9	Fa5	F5	340	340	1	16	129	95	96	.	101.8125
706	9	Mi5	E5	336	336	1	16	129	95	96	.	101.875
707	9	Re5	D5	327	327	1	8	259	95	96	.	102
708	9			-1	-1	1	8	259	100	0	.	102.125
709	53			0	0	0	0	0	0	0		102.125
710	9	Do5	C5	318	318	1	8	259	95	96	.	102.25
711	9	Re5	D5	327	327	1	8	259	95	96	.	102.375
712	9	Mi5	E5	336	336	1	8	259	95	96	.	102.5
713	9	Fa5	F5	340	340	1	8	259	95	96	.	102.625
714	9	Sol5	G5	349	349	1	8	259	95	96	.	102.75
715	9	La5	A5	358	358	1	8	259	95	96	.	102.875
716	9	Fa5	F5	340	340	1	8	259	95	96	.	103
717	9	La5	A5	358	358	1	2	1034	95	96	.	103.5
718	53			0	0	0	0	0	0	0		103.5
719	9	La5	A5	358	358	1	8	259	95	96	.	103.625
720	9	Sol5	G5	349	349	1	8	259	95	96	.	103.75
721	9	La5	A5	358	358	1	8	259	95	96	.	103.875
722	9	Si5b5	B5b5	362	362	1	8	259	95	96	.	104
723	9	Si5b5	B5b5	362	362	1	16	129	95	96	.	104.0625
724	9	La5	A5	358	358	1	16	129	95	96	.	104.125
725	9	Sol5	G5	349	349	3	8	776	95	96	.	104.5
726	53			0	0	0	0	0	0	0		104.5
727	9	Sol5	G5	349	349	1	8	259	95	96	.	104.625
728	9	Fa5	F5	340	340	1	8	259	95	96	.	104.75
729	9	Sol5	G5	349	349	1	8	259	95	96	.	104.875
730	9	La5	A5	358	358	1	8	259	95	96	.	105
731	9	La5	A5	358	358	1	16	129	95	96	.	105.0625
732	9	Sol5	G5	349	349	1	16	129	95	96	.	105.125
733	9	Fa5	F5	340	340	3	8	776	95	96	.	105.5
734	53			0	0	0	0	0	0	0		105.5
735	9	Fa5	F5	340	340	1	8	259	95	96	.	105.625
736	9	Mi5	E5	336	336	1	8	259	95	96	.	105.75
737	9	Fa5	F5	340	340	1	8	259	95	96	.	105.875
738	9	Sol5	G5	349	349	1	8	259	95	96	.	106
739	9	Sol5	G5	349	349	1	16	129	95	96	.	106.0625
740	9	Fa5	F5	340	340	1	16	129	95	96	.	106.125
741	9	Mi5	E5	336	336	3	8	776	95	96	.	106.5
742	53			0	0	0	0	0	0	0		106.5
743	9	Mi5	E5	336	336	1	8	259	95	96	.	106.625
744	9	Re5	D5	327	327	1	8	259	95	96	.	106.75
745	9	Mi5	E5	336	336	1	8	259	95	96	.	106.875
746	9	Fa5	F5	340	340	1	8	259	95	96	.	107
747	9	Fa5	F5	340	340	1	16	129	95	96	.	107.0625
748	9	Mi5	E5	336	336	1	16	129	95	96	.	107.125
749	9	Re5	D5	327	327	1	4	517	95	96	.	107.375
750	9	Do5	C5	318	318	1	8	259	95	96	.	107.5
751	9	Si4b5	B4b5	309	309	1	8	259	95	96	.	107.625
752	9	La4	A4	305	305	1	8	259	95	96	.	107.75
753	9	Re5	D5	327	327	1	4	517	95	96	.	108
754	53			0	0	0	0	0	0	0		108
755	9	Re5	D5	327	327	1	8	259	95	96	.	108.125
756	9	Do5	C5	318	318	1	4	517	95	96	.	108.375
757	9	Si4b5	B4b5	309	309	1	8	259	95	96	.	108.5
758	9	La4	A4	305	305	1	8	259	95	96	.	108.625
759	9	Sol4	G4	296	296	1	8	259	95	96	.	108.75
760	9	Do5	C5	318	318	1	4	517	95	96	.	109
761	53			0	0	0	0	0	0	0		109
762	9	Do5	C5	318	318	1	8	259	95	96	.	109.125
763	9	Si4b5	B4b5	309	309	1	4	517	95	96	.	109.375
764	9	La4	A4	305	305	1	8	259	95	96	.	109.5
765	9	Sol4	G4	296	296	1	4	517	95	96	.	109.75
766	9	La4	A4	305	305	1	8	259	95	96	.	109.875
767	9	Si4b5	B4b5	309	309	1	8	259	95	96	.	110
768	9	La4	A4	305	305	1	4	517	95	96	.	110.25
769	9	Sol4	G4	296	296	1	8	259	95	96	.	110.375
770	9	Fa4	F4	287	287	1	8	259	95	96	.	110.5
771	9	Sol4	G4	296	296	1	4	517	95	96	.	110.75
772	9	Fa4	F4	287	287	1	8	259	95	96	.	110.875
773	9	Mi4	E4	283	283	1	8	259	95	96	.	111
774	9	Fa4	F4	287	287	3	8	776	95	96	.	111.375
775	53			0	0	0	0	0	0	0		111.375
776	9	Do4	C4	265	265	1	8	259	95	96	.	111.5
777	9	Re4	D4	274	274	1	8	259	95	96	.	111.625
778	9	Mi4	E4	283	283	1	8	259	95	96	.	111.75
779	9	Fa4	F4	287	287	1	4	517	95	96	.  	112
780	53			0	0	0	0	0	0	0		112
781	9			-1	-1	1	4	517	100	0		112.25
782	9	Fa5	F5	340	340	1	4	517	95	96	Gö	112.5
783	9	Fa5	F5	340	340	1	4	517	95	96	nül 	112.75
784	9	Fa5	F5	340	340	1	8	259	99	96	sa	112.875
785	9	Mi5	E5	336	336	1	8	259	95	96		113
786	9	Mi5	E5	336	336	3	8	776	99	96	na 	113.375
787	9	Re5	D5	327	327	1	8	259	95	96		113.5
788	9	Re5	D5	327	327	1	12	172	95	96	ta	113.5833
789	9	Do5	C5	318	318	1	12	172	95	96		113.6667
790	9	Re5	D5	327	327	1	12	172	95	96		113.75
791	9	Mi5	E5	336	336	1	12	172	95	96	pa	113.8333
792	9	Re5	D5	327	327	1	12	172	95	96		113.9167
793	9	Do5	C5	318	318	1	12	172	95	96		114
794	9	Do5	C5	318	318	1	4	517	95	96	lý  	114.25
795	53			0	0	0	0	0	0	0		114.25
796	9	Re5	D5	327	327	1	8	259	95	96	SAZ 	114.375
797	9	Si4b5	B4b5	309	309	1	8	259	95	96	.	114.5
798	9	Do5	C5	318	318	1	8	259	95	96	.	114.625
799	9	La4	A4	305	305	1	8	259	95	96	.	114.75
800	9	Si4b5	B4b5	309	309	1	8	259	95	96	.	114.875
801	9	Sol4	G4	296	296	1	8	259	95	96	.	115
802	9	La4	A4	305	305	1	4	517	95	96	.	115.25
803	9	Sol4	G4	296	296	1	16	129	95	96	.	115.3125
804	9	Fa4	F4	287	287	1	16	129	95	96	.	115.375
805	9	Mi4	E4	283	283	1	16	129	95	96	.	115.4375
806	9	Sol4	G4	296	296	1	16	129	95	96	.	115.5
807	9	Fa4	F4	287	287	1	2	1034	95	96	.  	116
808	9			-1	-1	1	4	517	100	0		116.25
809	53			0	0	0	0	0	0	0		116.25
810	9	La5	A5	358	358	1	4	517	95	96	Ka	116.5
811	9	La5	A5	358	358	1	4	517	95	96	pýn 	116.75
812	9	La5	A5	358	358	1	8	259	99	96	ba	116.875
813	9	Sol5	G5	349	349	1	8	259	95	96		117
814	8	La5	A5	358	358	0	0	0	95	96		117
815	9	Sol5	G5	349	349	1	4	517	99	96	na 	117.25
816	9	Fa5	F5	340	340	1	8	259	99	96		117.375
817	9	Mi5	E5	336	336	1	8	259	95	96		117.5
818	9	Fa5	F5	340	340	1	8	259	99	96	ka	117.625
819	9	Sol5	G5	349	349	1	8	259	95	96		117.75
820	9	La5	A5	358	358	3	16	388	99	96	pa	117.9375
821	9	Sol5	G5	349	349	1	16	129	95	96		118
822	9	Fa5	F5	340	340	1	4	517	95	96	lý  	118.25
823	53			0	0	0	0	0	0	0		118.25
824	9	Do6	C6	371	371	1	8	259	95	96	SAZ 	118.375
825	9	La5	A5	358	358	1	8	259	95	96	.	118.5
826	9	Si5b5	B5b5	362	362	1	8	259	95	96	.	118.625
827	9	Sol5	G5	349	349	1	8	259	95	96	.	118.75
828	9	La5	A5	358	358	1	8	259	95	96	.	118.875
829	9	Fa5	F5	340	340	1	8	259	95	96	.	119
830	9	Sol5	G5	349	349	1	4	517	95	96	.	119.25
831	9	Fa5	F5	340	340	1	16	129	95	96	.	119.3125
832	9	Mi5	E5	336	336	1	16	129	95	96	.	119.375
833	9	Re5	D5	327	327	1	16	129	95	96	.	119.4375
834	9	Do5	C5	318	318	1	16	129	95	96	.	119.5
835	9	Fa5	F5	340	340	1	2	1034	95	96	.  	120
836	53			0	0	0	0	0	0	0		120
837	9			-1	-1	1	4	517	100	0		120.25
838	9	Fa5	F5	340	340	1	4	517	95	96	Gö	120.5
839	9	Fa5	F5	340	340	1	4	517	95	96	nül 	120.75
840	9	Fa5	F5	340	340	1	8	259	99	96	sa	120.875
841	9	Mi5	E5	336	336	1	8	259	95	96		121
842	9	Mi5	E5	336	336	3	8	776	99	96	na 	121.375
843	9	Re5	D5	327	327	1	8	259	95	96		121.5
844	9	Re5	D5	327	327	1	12	172	95	96	ta	121.5833
845	9	Do5	C5	318	318	1	12	172	95	96		121.6667
846	9	Re5	D5	327	327	1	12	172	95	96		121.75
847	9	Mi5	E5	336	336	1	12	172	95	96	pa	121.8333
848	9	Re5	D5	327	327	1	12	172	95	96		121.9167
849	9	Do5	C5	318	318	1	12	172	95	96		122
850	9	Do5	C5	318	318	1	4	517	95	96	lý  	122.25
851	53			0	0	0	0	0	0	0		122.25
852	9	Re5	D5	327	327	1	8	259	95	96	SAZ 	122.375
853	9	Si4b5	B4b5	309	309	1	8	259	95	96	.	122.5
854	9	Do5	C5	318	318	1	8	259	95	96	.	122.625
855	9	La4	A4	305	305	1	8	259	95	96	.	122.75
856	9	Si4b5	B4b5	309	309	1	8	259	95	96	.	122.875
857	9	Sol4	G4	296	296	1	8	259	95	96	.	123
858	9	La4	A4	305	305	1	4	517	95	96	.	123.25
859	9	Sol4	G4	296	296	1	16	129	95	96	.	123.3125
860	9	Fa4	F4	287	287	1	16	129	95	96	.	123.375
861	9	Mi4	E4	283	283	1	16	129	95	96	.	123.4375
862	9	Sol4	G4	296	296	1	16	129	95	96	.	123.5
863	9	Fa4	F4	287	287	1	2	1034	95	96	.  	124
864	9			-1	-1	1	4	517	100	0		124.25
865	53			0	0	0	0	0	0	0		124.25
866	9	La5	A5	358	358	1	4	517	95	96	Ka	124.5
867	9	La5	A5	358	358	1	4	517	95	96	pýn 	124.75
868	9	La5	A5	358	358	1	8	259	99	96	ba	124.875
869	9	Sol5	G5	349	349	1	8	259	95	96		125
870	8	La5	A5	358	358	0	0	0	95	96		125
871	9	Sol5	G5	349	349	1	4	517	99	96	na 	125.25
872	9	Fa5	F5	340	340	1	8	259	99	96		125.375
873	9	Mi5	E5	336	336	1	8	259	95	96		125.5
874	9	Fa5	F5	340	340	1	8	259	99	96	ka	125.625
875	9	Sol5	G5	349	349	1	8	259	95	96		125.75
876	9	La5	A5	358	358	3	16	388	99	96	pa	125.9375
877	9	Sol5	G5	349	349	1	16	129	95	96		126
878	9	Fa5	F5	340	340	1	4	517	95	96	lý  	126.25
879	53			0	0	0	0	0	0	0		126.25
880	9	Do6	C6	371	371	1	8	259	95	96	SAZ 	126.375
881	9	La5	A5	358	358	1	8	259	95	96	.	126.5
882	9	Si5b5	B5b5	362	362	1	8	259	95	96	.	126.625
883	9	Sol5	G5	349	349	1	8	259	95	96	.	126.75
884	9	La5	A5	358	358	1	8	259	95	96	.	126.875
885	9	Fa5	F5	340	340	1	8	259	95	96	.	127
886	9	Sol5	G5	349	349	1	4	517	95	96	.	127.25
887	9	Fa5	F5	340	340	1	16	129	95	96	.	127.3125
888	9	Mi5	E5	336	336	1	16	129	95	96	.	127.375
889	9	Re5	D5	327	327	1	16	129	95	96	.	127.4375
890	9	Do5	C5	318	318	1	16	129	95	96	.	127.5
891	9	Fa5	F5	340	340	1	2	1034	95	96	.  	128
892	53			0	0	0	0	0	0	0		128
893	9			-1	-1	1	4	517	100	0		128.25
894	9	Fa5	F5	340	340	1	4	517	95	96	Þa	128.5
895	9	Fa5	F5	340	340	1	4	517	95	96	þýr	128.75
896	9	Fa5	F5	340	340	1	8	259	99	96	mý	128.875
897	9	Mi5	E5	336	336	1	8	259	95	96		129
898	9	Mi5	E5	336	336	3	8	776	99	96	þým 	129.375
899	9	Re5	D5	327	327	1	8	259	95	96		129.5
900	9	Re5	D5	327	327	1	4	517	95	96	yo	129.75
901	8	Mi5	E5	336	336	0	0	0	95	96		129.75
902	9	Re5	D5	327	327	1	8	259	99	96	lu	129.875
903	9	Do5	C5	318	318	1	8	259	95	96		130
904	9	Do5	C5	318	318	1	12	172	99	96	mu  	130.0833
905	9	Si4b5	B4b5	309	309	1	12	172	99	96		130.1667
906	9	Do5	C5	318	318	1	12	172	99	96		130.25
907	9	Re5	D5	327	327	1	12	172	99	96		130.3333
908	9	Do5	C5	318	318	1	12	172	99	96		130.4167
909	9	Si4b5	B4b5	309	309	1	12	172	99	96		130.5
910	9	Si4b5	B4b5	309	309	1	12	172	99	96		130.5833
911	9	La4	A4	305	305	1	12	172	99	96		130.6667
912	9	Si4b5	B4b5	309	309	1	12	172	99	96		130.75
913	9	Do5	C5	318	318	1	12	172	99	96		130.8333
914	9	Si4b5	B4b5	309	309	1	12	172	99	96		130.9167
915	9	La4	A4	305	305	1	12	172	99	96		131
916	9	La4	A4	305	305	1	12	172	99	96		131.0833
917	9	Sol4	G4	296	296	1	12	172	99	96		131.1667
918	9	La4	A4	305	305	1	12	172	99	96		131.25
919	9	Si4b5	B4b5	309	309	1	12	172	99	96		131.3333
920	9	La4	A4	305	305	1	12	172	99	96		131.4167
921	9	Sol4	G4	296	296	1	12	172	99	96		131.5
922	9	Fa4	F4	287	287	1	4	517	99	96		131.75
923	9	Si4b5	B4b5	309	309	1	4	517	95	96		132
924	9			-1	-1	1	4	517	100	0		132.25
925	53			0	0	0	0	0	0	0		132.25
926	9	Si4b5	B4b5	309	309	1	4	517	95	96	Bu 	132.5
927	9	La4	A4	305	305	1	4	517	95	96	sev	132.75
928	9	Sol4	G4	296	296	1	4	517	95	96	gi	133
929	9	Fa4	F4	287	287	3	8	776	99	96	ye 	133.375
930	9	Mi4	E4	283	283	1	8	259	95	96		133.5
931	9	Fa4	F4	287	287	1	8	259	99	96	sa	133.625
932	9	Sol4	G4	296	296	1	8	259	95	96		133.75
933	9	La4	A4	305	305	3	16	388	99	96	pa	133.9375
934	9	Sol4	G4	296	296	1	16	129	95	96		134
935	9	Fa4	F4	287	287	1	4	517	95	96	lý  	134.25
936	53			0	0	0	0	0	0	0		134.25
937	9	Do6	C6	371	371	1	8	259	95	96	SAZ 	134.375
938	9	La5	A5	358	358	1	8	259	95	96	.	134.5
939	9	Si5b5	B5b5	362	362	1	8	259	95	96	.	134.625
940	9	Sol5	G5	349	349	1	8	259	95	96	.	134.75
941	9	La5	A5	358	358	1	8	259	95	96	.	134.875
942	9	Fa5	F5	340	340	1	8	259	95	96	.	135
943	9	Sol5	G5	349	349	1	4	517	95	96	.	135.25
944	9	Fa5	F5	340	340	1	16	129	95	96	.	135.3125
945	9	Mi5	E5	336	336	1	16	129	95	96	.	135.375
946	9	Re5	D5	327	327	1	16	129	95	96	.	135.4375
947	9	Do5	C5	318	318	1	16	129	95	96	.	135.5
948	9	Fa5	F5	340	340	1	2	1034	95	96	.  	136
949	53			0	0	0	0	0	0	0		136
950	9			-1	-1	1	4	517	100	0		136.25
951	9	Fa5	F5	340	340	1	4	517	95	96	Þa	136.5
952	9	Fa5	F5	340	340	1	4	517	95	96	þýr	136.75
953	9	Fa5	F5	340	340	1	8	259	99	96	mý	136.875
954	9	Mi5	E5	336	336	1	8	259	95	96		137
955	9	Mi5	E5	336	336	3	8	776	99	96	þým 	137.375
956	9	Re5	D5	327	327	1	8	259	95	96		137.5
957	9	Re5	D5	327	327	1	4	517	95	96	yo	137.75
958	8	Mi5	E5	336	336	0	0	0	95	96		137.75
959	9	Re5	D5	327	327	1	8	259	99	96	lu	137.875
960	9	Do5	C5	318	318	1	8	259	95	96		138
961	9	Do5	C5	318	318	1	12	172	99	96	mu  	138.0833
962	9	Si4b5	B4b5	309	309	1	12	172	99	96		138.1667
963	9	Do5	C5	318	318	1	12	172	99	96		138.25
964	9	Re5	D5	327	327	1	12	172	99	96		138.3333
965	9	Do5	C5	318	318	1	12	172	99	96		138.4167
966	9	Si4b5	B4b5	309	309	1	12	172	99	96		138.5
967	9	Si4b5	B4b5	309	309	1	12	172	99	96		138.5833
968	9	La4	A4	305	305	1	12	172	99	96		138.6667
969	9	Si4b5	B4b5	309	309	1	12	172	99	96		138.75
970	9	Do5	C5	318	318	1	12	172	99	96		138.8333
971	9	Si4b5	B4b5	309	309	1	12	172	99	96		138.9167
972	9	La4	A4	305	305	1	12	172	99	96		139
973	9	La4	A4	305	305	1	12	172	99	96		139.0833
974	9	Sol4	G4	296	296	1	12	172	99	96		139.1667
975	9	La4	A4	305	305	1	12	172	99	96		139.25
976	9	Si4b5	B4b5	309	309	1	12	172	99	96		139.3333
977	9	La4	A4	305	305	1	12	172	99	96		139.4167
978	9	Sol4	G4	296	296	1	12	172	99	96		139.5
979	9	Fa4	F4	287	287	1	4	517	99	96		139.75
980	9	Si4b5	B4b5	309	309	1	4	517	95	96		140
981	9			-1	-1	1	4	517	100	0		140.25
982	53			0	0	0	0	0	0	0		140.25
983	9	Si4b5	B4b5	309	309	1	4	517	95	96	Bu 	140.5
984	9	La4	A4	305	305	1	4	517	95	96	sev	140.75
985	9	Sol4	G4	296	296	1	4	517	95	96	gi	141
986	9	Fa4	F4	287	287	3	8	776	99	96	ye 	141.375
987	9	Mi4	E4	283	283	1	8	259	95	96		141.5
988	9	Fa4	F4	287	287	1	8	259	99	96	sa	141.625
989	9	Sol4	G4	296	296	1	8	259	95	96		141.75
990	9	La4	A4	305	305	3	16	388	99	96	pa	141.9375
991	9	Sol4	G4	296	296	1	16	129	95	96		142
992	54			0	0	0	0	0	0	0	cargah@do5	142
993	53			0	0	0	0	0	0	0		142
994	9	Fa4	F4	287	287	3	4	1552	95	96	lý  	142.75
995	9	Do5	C5	318	318	1	8	259	95	96	SAZ 	142.875
996	9	Re5b4	D5b4	323	323	1	8	259	95	96	.	143
997	9	Do5	C5	318	318	1	8	259	95	96	.	143.125
998	9	Si4b1	B4b1	313	313	1	8	259	95	96	.	143.25
999	9	La4	A4	305	305	1	8	259	95	96	.	143.375
1000	9	Sol4	G4	296	296	1	8	259	95	96	.	143.5
1001	9	Do5	C5	318	318	1	2	1034	95	96	.  	144
1002	53			0	0	0	0	0	0	0		144
1003	9			-1	-1	1	4	517	100	0		144.25
1004	9	Do5	C5	318	318	1	4	517	95	96	Su	144.5
1005	9	Do5	C5	318	318	1	4	517	95	96	sa	144.75
1006	9	Do5	C5	318	318	1	8	259	99	96	yan_	144.875
1007	9	Re5b4	D5b4	323	323	1	8	259	95	96		145
1008	9	Do5	C5	318	318	1	8	259	99	96	ýr	145.125
1009	9	Si4b1	B4b1	313	313	1	8	259	99	96		145.25
1010	9	La4	A4	305	305	1	8	259	99	96		145.375
1011	9	Sol4	G4	296	296	1	8	259	95	96		145.5
1012	9	La4	A4	305	305	1	4	517	95	96	mak_	145.75
1013	9	Si4b1	B4b1	313	313	1	4	517	95	96	a	146
1014	9	Do5	C5	318	318	1	4	517	95	96	rar  	146.25
1015	53			0	0	0	0	0	0	0		146.25
1016	9	Sol5	G5	349	349	1	8	259	95	96	SAZ 	146.375
1017	9	Mi5	E5	336	336	1	8	259	95	96	.	146.5
1018	9	Fa5	F5	340	340	1	8	259	95	96	.	146.625
1019	9	Re5b4	D5b4	323	323	1	8	259	95	96	.	146.75
1020	9	Mi5	E5	336	336	1	8	259	95	96	.	146.875
1021	9	Do5	C5	318	318	1	8	259	95	96	.	147
1022	9	Re5b4	D5b4	323	323	1	4	517	95	96	.	147.25
1023	9	Do5	C5	318	318	1	16	129	95	96	.	147.3125
1024	9	Si4b1	B4b1	313	313	1	16	129	95	96	.	147.375
1025	9	La4	A4	305	305	1	16	129	95	96	.	147.4375
1026	9	Sol4	G4	296	296	1	16	129	95	96	.	147.5
1027	9	Do5	C5	318	318	1	2	1034	95	96	.  	148
1028	53			0	0	0	0	0	0	0		148
1029	9			-1	-1	1	4	517	100	0		148.25
1030	9	Do5	C5	318	318	1	4	517	95	96	Ol	148.5
1031	9	Re5b4	D5b4	323	323	1	4	517	95	96	maz 	148.75
1032	9	Mi5	E5	336	336	1	4	517	95	96	se	149
1033	9	Fa5	F5	340	340	1	2	1034	95	96	ven	149.5
1034	9	Mi5	E5	336	336	1	8	259	99	96	de 	149.625
1035	9	Re5b4	D5b4	323	323	1	8	259	95	96		149.75
1036	9	Do5	C5	318	318	1	4	517	95	96	ka	150
1037	9	Sol5	G5	349	349	1	4	517	99	96	rar  	150.25
1038	9	Fa5	F5	340	340	1	8	259	99	96		150.375
1039	9	Mi5	E5	336	336	1	8	259	99	96		150.5
1040	9	Fa5	F5	340	340	1	4	517	99	96		150.75
1041	9	Mi5	E5	336	336	1	8	259	99	96		150.875
1042	9	Re5b4	D5b4	323	323	1	8	259	99	96		151
1043	9	Mi5	E5	336	336	1	4	517	99	96		151.25
1044	9	Re5b4	D5b4	323	323	1	8	259	99	96		151.375
1045	9	Do5	C5	318	318	1	8	259	99	96		151.5
1046	9	Re5b4	D5b4	323	323	1	4	517	99	96		151.75
1047	9	Do5	C5	318	318	1	8	259	99	96		151.875
1048	9	Si4b1	B4b1	313	313	1	8	259	99	96		152
1049	9	Do5	C5	318	318	1	4	517	95	96		152.25
1050	53			0	0	0	0	0	0	0		152.25
1051	9	Do5	C5	318	318	1	4	517	95	96	Su	152.5
1052	9	Do5	C5	318	318	1	4	517	95	96	sa	152.75
1053	9	Do5	C5	318	318	1	8	259	99	96	yan_	152.875
1054	9	Re5b4	D5b4	323	323	1	8	259	95	96		153
1055	9	Do5	C5	318	318	1	8	259	99	96	ýr	153.125
1056	9	Si4b1	B4b1	313	313	1	8	259	99	96		153.25
1057	9	La4	A4	305	305	1	8	259	95	96		153.375
1058	9	Sol4	G4	296	296	1	8	259	99	96	mak_	153.5
1059	9	La4	A4	305	305	1	4	517	95	96		153.75
1060	9	Si4b1	B4b1	313	313	1	4	517	95	96	a	154
1061	9	Do5	C5	318	318	3	4	1552	95	96	rar  	154.75
1062	53			0	0	0	0	0	0	0		154.75
1063	9	Do5	C5	318	318	1	8	259	95	96	SAZ 	154.875
1064	9	Re5b4	D5b4	323	323	1	8	259	95	96	.	155
1065	9	Do5	C5	318	318	1	8	259	95	96	.	155.125
1066	9	Si4b1	B4b1	313	313	1	8	259	95	96	.	155.25
1067	9	La4	A4	305	305	1	8	259	95	96	.	155.375
1068	9	Sol4	G4	296	296	1	8	259	95	96	.	155.5
1069	9	Do5	C5	318	318	1	2	1034	95	96	.	156
1070	53			0	0	0	0	0	0	0		156
1071	9			-1	-1	1	4	517	100	0		156.25
1072	9	Do5	C5	318	318	1	4	517	95	96	Ol	156.5
1073	9	Re5b4	D5b4	323	323	1	4	517	95	96	maz 	156.75
1074	9	Mi5	E5	336	336	1	4	517	95	96	se	157
1075	9	Fa5	F5	340	340	3	8	776	99	96	ven	157.375
1076	9	Sol5	G5	349	349	1	8	259	95	96		157.5
1077	9	La5	A5	358	358	1	8	259	99	96	de 	157.625
1078	9	Sol5	G5	349	349	1	8	259	95	96		157.75
1079	9	Fa5	F5	340	340	1	8	259	99	96	ka	157.875
1080	9	Mi5	E5	336	336	1	8	259	95	96		158
1081	9	Fa5	F5	340	340	1	4	517	95	96	rar  	158.25
1082	55			0	0	0	0	0	0	0		158.25
1083	53			0	0	0	0	0	0	0		158.25
1084	9	Do6	C6	371	371	1	8	259	95	96	SAZ 	158.375
1085	9	La5	A5	358	358	1	8	259	95	96	.	158.5
1086	9	Si5b5	B5b5	362	362	1	8	259	95	96	.	158.625
1087	9	Sol5	G5	349	349	1	8	259	95	96	.	158.75
1088	9	La5	A5	358	358	1	8	259	95	96	.	158.875
1089	9	Fa5	F5	340	340	1	8	259	95	96	.	159
1090	9	Sol5	G5	349	349	1	4	517	95	96	.	159.25
1091	9	Fa5	F5	340	340	1	16	129	95	96	.	159.3125
1092	9	Mi5	E5	336	336	1	16	129	95	96	.	159.375
1093	9	Re5	D5	327	327	1	16	129	95	96	.	159.4375
1094	9	Do5	C5	318	318	1	16	129	95	96	.	159.5
1095	9	Fa5	F5	340	340	1	2	1034	95	96	.	160
1096	53			0	0	0	0	0	0	0		160
1097	9			-1	-1	1	4	517	100	0		160.25
1098	9	Fa5	F5	340	340	1	4	517	95	96	Gü	160.5
1099	9	Fa5	F5	340	340	1	4	517	95	96	zel	160.75
1100	9	Fa5	F5	340	340	1	8	259	99	96	le	160.875
1101	9	Mi5	E5	336	336	1	8	259	95	96		161
1102	9	Mi5	E5	336	336	3	8	776	99	96	ri 	161.375
1103	9	Re5	D5	327	327	1	8	259	95	96		161.5
1104	9	Re5	D5	327	327	1	4	517	95	96	ol	161.75
1105	9	Re5	D5	327	327	1	8	259	99	96	maz	161.875
1106	9	Do5	C5	318	318	1	8	259	95	96		162
1107	9	Do5	C5	318	318	1	12	172	99	96	sa  	162.0833
1108	9	Si4b5	B4b5	309	309	1	12	172	99	96		162.1667
1109	9	Do5	C5	318	318	1	12	172	99	96		162.25
1110	9	Re5	D5	327	327	1	12	172	99	96		162.3333
1111	9	Do5	C5	318	318	1	12	172	99	96		162.4167
1112	9	Si4b5	B4b5	309	309	1	12	172	99	96		162.5
1113	9	Si4b5	B4b5	309	309	1	12	172	99	96		162.5833
1114	9	La4	A4	305	305	1	12	172	99	96		162.6667
1115	9	Si4b5	B4b5	309	309	1	12	172	99	96		162.75
1116	9	Do5	C5	318	318	1	12	172	99	96		162.8333
1117	9	Si4b5	B4b5	309	309	1	12	172	99	96		162.9167
1118	9	La4	A4	305	305	1	12	172	99	96		163
1119	9	La4	A4	305	305	1	12	172	99	96		163.0833
1120	9	Sol4	G4	296	296	1	12	172	99	96		163.1667
1121	9	La4	A4	305	305	1	12	172	99	96		163.25
1122	9	Si4b5	B4b5	309	309	1	12	172	99	96		163.3333
1123	9	La4	A4	305	305	1	12	172	99	96		163.4167
1124	9	Sol4	G4	296	296	1	12	172	99	96		163.5
1125	9	Fa4	F4	287	287	1	4	517	99	96		163.75
1126	9	Si4b5	B4b5	309	309	1	4	517	95	96		164
1127	9			-1	-1	1	4	517	100	0		164.25
1128	53			0	0	0	0	0	0	0		164.25
1129	9	Si4b5	B4b5	309	309	1	4	517	95	96	Bu 	164.5
1130	9	La4	A4	305	305	1	4	517	95	96	dün	164.75
1131	9	Sol4	G4	296	296	1	4	517	95	96	ya 	165
1132	9	Fa4	F4	287	287	3	8	776	99	96	ne	165.375
1133	9	Mi4	E4	283	283	1	8	259	95	96		165.5
1134	9	Fa4	F4	287	287	1	8	259	99	96	ye 	165.625
1135	9	Sol4	G4	296	296	1	8	259	95	96		165.75
1136	9	La4	A4	305	305	3	16	388	99	96	ya	165.9375
1137	9	Sol4	G4	296	296	1	16	129	95	96		166
1138	9	Fa4	F4	287	287	1	4	517	95	96	rar  	166.25
1139	53			0	0	0	0	0	0	0		166.25
1140	9	Do6	C6	371	371	1	8	259	95	96	SAZ 	166.375
1141	9	La5	A5	358	358	1	8	259	95	96	.	166.5
1142	9	Si5b5	B5b5	362	362	1	8	259	95	96	.	166.625
1143	9	Sol5	G5	349	349	1	8	259	95	96	.	166.75
1144	9	La5	A5	358	358	1	8	259	95	96	.	166.875
1145	9	Fa5	F5	340	340	1	8	259	95	96	.	167
1146	9	Sol5	G5	349	349	1	4	517	95	96	.	167.25
1147	9	Fa5	F5	340	340	1	16	129	95	96	.	167.3125
1148	9	Mi5	E5	336	336	1	16	129	95	96	.	167.375
1149	9	Re5	D5	327	327	1	16	129	95	96	.	167.4375
1150	9	Do5	C5	318	318	1	16	129	95	96	.	167.5
1151	9	Fa5	F5	340	340	1	2	1034	95	96	.  	168
1152	53			0	0	0	0	0	0	0		168
1153	9			-1	-1	1	4	517	100	0		168.25
1154	9	Fa5	F5	340	340	1	4	517	95	96	Gü	168.5
1155	9	Fa5	F5	340	340	1	4	517	95	96	zel	168.75
1156	9	Fa5	F5	340	340	1	8	259	99	96	le	168.875
1157	9	Mi5	E5	336	336	1	8	259	95	96		169
1158	9	Mi5	E5	336	336	3	8	776	99	96	ri 	169.375
1159	9	Re5	D5	327	327	1	8	259	95	96		169.5
1160	9	Re5	D5	327	327	1	4	517	95	96	ol	169.75
1161	9	Re5	D5	327	327	1	8	259	99	96	maz	169.875
1162	9	Do5	C5	318	318	1	8	259	95	96		170
1163	9	Do5	C5	318	318	1	12	172	99	96	sa  	170.0833
1164	9	Si4b5	B4b5	309	309	1	12	172	99	96		170.1667
1165	9	Do5	C5	318	318	1	12	172	99	96		170.25
1166	9	Re5	D5	327	327	1	12	172	99	96		170.3333
1167	9	Do5	C5	318	318	1	12	172	99	96		170.4167
1168	9	Si4b5	B4b5	309	309	1	12	172	99	96		170.5
1169	9	Si4b5	B4b5	309	309	1	12	172	99	96		170.5833
1170	9	La4	A4	305	305	1	12	172	99	96		170.6667
1171	9	Si4b5	B4b5	309	309	1	12	172	99	96		170.75
1172	9	Do5	C5	318	318	1	12	172	99	96		170.8333
1173	9	Si4b5	B4b5	309	309	1	12	172	99	96		170.9167
1174	9	La4	A4	305	305	1	12	172	99	96		171
1175	9	La4	A4	305	305	1	12	172	99	96		171.0833
1176	9	Sol4	G4	296	296	1	12	172	99	96		171.1667
1177	9	La4	A4	305	305	1	12	172	99	96		171.25
1178	9	Si4b5	B4b5	309	309	1	12	172	99	96		171.3333
1179	9	La4	A4	305	305	1	12	172	99	96		171.4167
1180	9	Sol4	G4	296	296	1	12	172	99	96		171.5
1181	9	Fa4	F4	287	287	1	4	517	99	96		171.75
1182	9	Si4b5	B4b5	309	309	1	4	517	95	96		172
1183	9			-1	-1	1	4	517	100	0		172.25
1184	53			0	0	0	0	0	0	0		172.25
1185	9	Si4b5	B4b5	309	309	1	4	517	95	96	Bu 	172.5
1186	9	La4	A4	305	305	1	4	517	95	96	dün	172.75
1187	9	Sol4	G4	296	296	1	4	517	95	96	ya 	173
1188	9	Fa4	F4	287	287	3	8	776	99	96	ne	173.375
1189	9	Mi4	E4	283	283	1	8	259	95	96		173.5
1190	9	Fa4	F4	287	287	1	8	259	99	96	ye 	173.625
1191	9	Sol4	G4	296	296	1	8	259	95	96		173.75
1192	9	La4	A4	305	305	3	16	388	99	96	ya	173.9375
1193	9	Sol4	G4	296	296	1	16	129	95	96		174
1194	9	Fa4	F4	287	287	3	4	1552	95	96	rar  	174.75
1195	53			0	0	0	0	0	0	0		174.75
1196	9	Do4	C4	265	265	1	4	517	95	96	SAZ 	175
1197	9	Re4	D4	274	274	1	4	517	95	96	.	175.25
1198	9	Mi4	E4	283	283	1	4	517	95	96	.	175.5
1199	9	Fa4	F4	287	287	1	2	1034	95	96	.  	176
1200	53			0	0	0	0	0	0	0		176
