Sýra	Kod	Nota53	NotaAE	Koma53	KomaAE	Pay	Payda	Ms	LNS	Bas	Soz1	Offset
1	9	Fa5	F5	340	340	1	16	185	95	96	ARANAÐME 	5.555556E-02
2	9	Mi5	E5	336	336	1	16	185	95	96	.	0.1111111
3	9	Fa5	F5	340	340	1	16	185	95	96	.	0.1666667
4	9	Sol5	G5	349	349	1	16	185	95	96	.	0.2222222
5	9	Mi5	E5	336	336	3	16	556	95	96	.	0.3888889
6	9	Re5	D5	327	327	1	16	185	95	96	.	0.4444444
7	9	Re5	D5	327	327	1	16	185	95	96	.	0.5
8	9	Do5	C5	318	318	1	16	185	95	96	.	0.5555556
9	9	Re5	D5	327	327	1	16	185	95	96	.	0.6111111
10	9	Fa5	F5	340	340	1	16	185	95	96	.	0.6666667
11	9	Mi5	E5	336	336	1	16	185	95	96	.	0.7222222
12	9	Re5	D5	327	327	1	16	185	95	96	.	0.7777778
13	9	Do5	C5	318	318	1	16	185	95	96	.	0.8333333
14	9	Si4b2	B4b1	312	313	1	16	185	95	96	.	0.8888889
15	9	La4	A4	305	305	1	16	185	95	96	.	0.9444444
16	9	Sol4	G4	296	296	1	16	185	95	96	.	1
17	9	La4	A4	305	305	1	16	185	95	96	.	1.055556
18	9	Si4b2	B4b1	312	313	1	16	185	95	96	.	1.111111
19	9	Do5	C5	318	318	1	16	185	95	96	.	1.166667
20	9	Re5	D5	327	327	1	16	185	95	96	.	1.222222
21	9	Mi5	E5	336	336	1	16	185	95	96	.	1.277778
22	9	Sol5	G5	349	349	1	16	185	95	96	.	1.333333
23	9	Fa5	F5	340	340	1	16	185	95	96	.	1.388889
24	9	Mi5	E5	336	336	1	16	185	95	96	.	1.444444
25	9	Mi5	E5	336	336	1	16	185	95	96	.	1.5
26	9	Re5	D5	327	327	1	16	185	95	96	.	1.555556
27	9	Re5	D5	327	327	1	16	185	95	96	.	1.611111
28	9	Do5	C5	318	318	1	16	185	95	96	.	1.666667
29	9	Re5	D5	327	327	1	8	370	95	84	.	1.777778
30	9	Mi5	E5	336	336	1	8	370	95	84	.	1.888889
31	9	Fa5	F5	340	340	1	8	370	95	84	.	2
32	53			0	0	0	0	0	0	0		2
33	9	Fa5	F5	340	340	1	16	185	95	96	.	2.055556
34	9	Mi5	E5	336	336	1	16	185	95	96	.	2.111111
35	9	Fa5	F5	340	340	1	16	185	95	96	.	2.166667
36	9	Sol5	G5	349	349	1	16	185	95	96	.	2.222222
37	9	Mi5	E5	336	336	3	16	556	95	96	.	2.388889
38	9	Re5	D5	327	327	1	16	185	95	96	.	2.444444
39	9	Re5	D5	327	327	1	16	185	95	96	.	2.5
40	9	Do5	C5	318	318	1	16	185	95	96	.	2.555556
41	9	Re5	D5	327	327	1	16	185	95	96	.	2.611111
42	9	Fa5	F5	340	340	1	16	185	95	96	.	2.666667
43	9	Mi5	E5	336	336	1	16	185	95	96	.	2.722222
44	9	Re5	D5	327	327	1	16	185	95	96	.	2.777778
45	9	Do5	C5	318	318	1	16	185	95	96	.	2.833333
46	9	Si4b2	B4b1	312	313	1	16	185	95	96	.	2.888889
47	9	La4	A4	305	305	1	16	185	95	96	.	2.944444
48	9	Sol4	G4	296	296	1	16	185	95	96	.	3
49	9	La4	A4	305	305	1	16	185	95	96	.	3.055556
50	9	Si4b2	B4b1	312	313	1	16	185	95	96	.	3.111111
51	9	Do5	C5	318	318	1	16	185	95	96	.	3.166667
52	9	Re5	D5	327	327	1	16	185	95	96	.	3.222222
53	9	Mi5	E5	336	336	1	8	370	95	96	.	3.333333
54	9	Re5	D5	327	327	1	16	185	95	96	.	3.388889
55	9	Do5	C5	318	318	1	16	185	95	96	.	3.444444
56	9	Do5	C5	318	318	1	16	185	95	96	.	3.5
57	9	Si4b2	B4b1	312	313	1	16	185	95	96	.	3.555556
58	9	Si4b2	B4b1	312	313	1	16	185	95	96	.	3.611111
59	9	La4	A4	305	305	1	16	185	95	96	.	3.666667
60	10	La4	A4	305	305	1	8	370	95	96	.	3.777778
61	8	Si4b2	B4b1	312	313	0	0	0	95	96	.	3.777778
62	9	La4	A4	305	305	1	16	185	95	96	.	3.833333
63	9	Sol4	G4	296	296	1	16	185	95	96	.	3.888889
64	9	Si4b2	B4b1	312	313	1	16	185	95	96	.	3.944444
65	9	Do5	C5	318	318	1	16	185	95	96	.	4
66	9	Re5	D5	327	327	1	4	741	95	96	.	4.222222
67	53			0	0	0	0	0	0	0		4.222222
68	9	Do5	C5	318	318	1	8	370	95	96	Ne 	4.333333
69	9	Re5	D5	327	327	1	8	370	95	96	semt	4.444445
70	10	Re5	D5	327	327	1	8	370	99	96	ten 	4.555555
71	8	Fa5	F5	340	340	0	0	0	99	96		4.555555
72	9	Mi5	E5	336	336	1	16	185	99	96		4.611111
73	9	Re5	D5	327	327	1	16	185	95	96		4.666667
74	9	Re5	D5	327	327	1	8	370	99	96	câ	4.777778
75	9	Re5	D5	327	327	1	8	370	99	96		4.888889
76	9	Mi5	E5	336	336	1	8	370	95	96		5
77	9	Re5	D5	327	327	1	16	185	99	96	ným 	5.055555
78	9	Do5	C5	318	318	1	16	185	99	96		5.111111
79	9	Si4b2	B4b1	312	313	1	16	185	99	96		5.166667
80	9	La4	A4	305	305	1	16	185	95	96		5.222222
81	9	Sol4	G4	296	296	1	16	185	99	96	bu 	5.277778
82	9	La4	A4	305	305	1	16	185	99	96		5.333333
83	9	Si4b2	B4b1	312	313	1	16	185	99	96		5.388889
84	9	Do5	C5	318	318	1	16	185	95	96		5.444445
85	9	Re5	D5	327	327	1	16	185	99	96	ge	5.5
86	9	Mi5	E5	336	336	1	16	185	99	96		5.555555
87	9	Do5	C5	318	318	1	16	185	99	96		5.611111
88	9	Mi5	E5	336	336	1	16	185	95	96		5.666667
89	9	Re5	D5	327	327	1	4	741	95	96	liþ  	5.888889
90	53			0	0	0	0	0	0	0		5.888889
91	9	Do5	C5	318	318	1	16	185	95	96	SAZ	5.944445
92	9	Mi5	E5	336	336	1	16	185	95	96	.	6
93	9	Re5	D5	327	327	1	4	741	95	96	.	6.222222
94	53			0	0	0	0	0	0	0		6.222222
95	9	Do5	C5	318	318	1	8	370	95	96	Ne 	6.333333
96	9	Re5	D5	327	327	1	8	370	95	96	semt	6.444445
97	10	Re5	D5	327	327	1	8	370	99	96	ten 	6.555555
98	8	Fa5	F5	340	340	0	0	0	99	96		6.555555
99	9	Mi5	E5	336	336	1	16	185	99	96		6.611111
100	9	Re5	D5	327	327	1	16	185	95	96		6.666667
101	9	Re5	D5	327	327	1	8	370	99	96	câ	6.777778
102	9	Re5	D5	327	327	1	8	370	99	96		6.888889
103	9	Mi5	E5	336	336	1	8	370	95	96		7
104	9	Re5	D5	327	327	1	16	185	99	96	ným 	7.055555
105	9	Do5	C5	318	318	1	16	185	99	96		7.111111
106	9	Si4b2	B4b1	312	313	1	16	185	99	96		7.166667
107	9	La4	A4	305	305	1	16	185	95	96		7.222222
108	9	Sol4	G4	296	296	1	16	185	99	96	bu 	7.277778
109	9	La4	A4	305	305	1	16	185	99	96		7.333333
110	9	Si4b2	B4b1	312	313	1	16	185	99	96		7.388889
111	9	Do5	C5	318	318	1	16	185	95	96		7.444445
112	9	Re5	D5	327	327	1	16	185	99	96	ge	7.5
113	9	Mi5	E5	336	336	1	16	185	99	96		7.555555
114	9	Do5	C5	318	318	1	16	185	99	96		7.611111
115	9	Mi5	E5	336	336	1	16	185	95	96		7.666667
116	9	Re5	D5	327	327	1	4	741	95	96	liþ  	7.888889
117	53			0	0	0	0	0	0	0		7.888889
118	9	Do5	C5	318	318	1	16	185	95	96	SAZ	7.944445
119	9	Mi5	E5	336	336	1	16	185	95	96	.	8
120	9	Re5	D5	327	327	1	4	741	95	96	.	8.222222
121	53			0	0	0	0	0	0	0		8.222222
122	9	Do5	C5	318	318	1	8	370	95	96	Bi	8.333333
123	9	Re5	D5	327	327	1	8	370	95	96	ze 	8.444445
124	9	Re5	D5	327	327	3	32	278	99	96	mi 	8.527778
125	9	Fa5	F5	340	340	1	32	93	99	96		8.555555
126	9	Mi5	E5	336	336	1	16	185	99	96		8.611111
127	9	Re5	D5	327	327	1	16	185	95	96		8.666667
128	9	Re5	D5	327	327	1	16	185	99	96	yok	8.722222
129	9	Do5	C5	318	318	1	16	185	99	96		8.777778
130	9	Si4b2	B4b1	312	313	1	16	185	99	96		8.833333
131	9	Re5	D5	327	327	1	16	185	99	96		8.888889
132	9	Do5	C5	318	318	1	8	370	95	96		9
133	9	Re5	D5	327	327	1	4	741	95	96	sa 	9.222222
134	53			0	0	0	0	0	0	0		9.222222
135	9	La5	A5	358	358	1	16	185	99	96	gös	9.277778
136	9	Sol5	G5	349	349	1	16	185	99	96		9.333333
137	9	Fa5	F5	340	340	1	16	185	99	96		9.388889
138	9	Mi5	E5	336	336	1	16	185	95	96		9.444445
139	9	Re5	D5	327	327	1	16	185	99	96	te	9.5
140	9	Do5	C5	318	318	1	16	185	99	96		9.555555
141	9	Si4b2	B4b1	312	313	1	16	185	99	96		9.611111
142	9	La4	A4	305	305	1	16	185	95	96		9.666667
143	9	Si4b2	B4b1	312	313	1	8	370	99	96	riþ  	9.777778
144	9	Do5	C5	318	318	1	8	370	99	96		9.888889
145	9	Do5	C5	318	318	1	16	185	99	96		9.944445
146	9	Si4b2	B4b1	312	313	1	16	185	95	96		10
147	9	Fa5	F5	340	340	1	4	741	95	96	ah 	10.22222
148	53			0	0	0	0	0	0	0		10.22222
149	9			-1	-1	1	8	370	100	0		10.33333
150	9	Re5	D5	327	327	1	16	185	95	96	Bi	10.38889
151	9	Fa5	F5	340	340	1	16	185	95	96	ze 	10.44444
152	9	Mi5	E5	336	336	1	16	185	99	96	mi 	10.5
153	9	Re5	D5	327	327	1	16	185	99	96		10.55556
154	9	Do5	C5	318	318	1	16	185	99	96		10.61111
155	9	Si4b2	B4b1	312	313	1	16	185	95	96		10.66667
156	9	Do5	C5	318	318	1	16	185	99	96	yok	10.72222
157	9	Si4b2	B4b1	312	313	1	16	185	99	96		10.77778
158	9	La4	A4	305	305	1	4	741	95	96		11
159	53			0	0	0	0	0	0	0		11
160	9	Sol4	G4	296	296	1	16	185	99	96	sa 	11.05556
161	9	La4	A4	305	305	1	16	185	99	96		11.11111
162	9	Si4b2	B4b1	312	313	1	16	185	99	96		11.16667
163	9	Do5	C5	318	318	1	16	185	99	96		11.22222
164	9	Re5	D5	327	327	1	16	185	99	96		11.27778
165	12	Mi5	E5	336	336	1	8	370	99	96		11.38889
166	9	Re5	D5	327	327	1	16	185	95	96		11.44444
167	9	Re5	D5	327	327	1	16	185	99	96	gös	11.5
168	9	Do5	C5	318	318	1	8	370	99	96		11.61111
169	9	Si4b2	B4b1	312	313	1	16	185	95	96		11.66667
170	9	Do5	C5	318	318	1	16	185	99	96	te	11.72222
171	9	Si4b2	B4b1	312	313	1	16	185	99	96		11.77778
172	9	La4	A4	305	305	1	8	370	99	96		11.88889
173	9	Mi5	E5	336	336	1	8	370	95	96		12
174	9	Re5	D5	327	327	1	8	370	99	96	riþ  	12.11111
175	9	Do5	C5	318	318	1	16	185	99	96		12.16667
176	9	Si4b2	B4b1	312	313	1	16	185	99	96		12.22222
177	9	La4	A4	305	305	1	4	741	95	96		12.44444
178	53			0	0	0	0	0	0	0		12.44444
179	9	La5	A5	358	358	1	16	185	95	96	SAZ	12.5
180	9	Sol5	G5	349	349	1	8	370	95	96	.	12.61111
181	9	Fa5#3	F5#4	343	344	1	16	185	95	96	.	12.66667
182	9	Sol5	G5	349	349	1	16	185	95	96	.	12.72222
183	9	Fa5#3	F5#4	343	344	1	16	185	95	96		12.77778
184	9	Mi5	E5	336	336	1	16	185	95	96		12.83333
185	9	Re5	D5	327	327	1	16	185	95	96	.	12.88889
186	9	Fa5#3	F5#4	343	344	1	16	185	95	96	.	12.94444
187	9	La5	A5	358	358	1	16	185	95	96	.	13
188	9	Sol5	G5	349	349	1	4	741	95	96	.	13.22222
189	53			0	0	0	0	0	0	0		13.22222
190	9	Fa5#3	F5#4	343	344	1	8	370	95	96	Câ	13.33333
191	9	Sol5	G5	349	349	1	8	370	95	96	ný	13.44444
192	9	Si5b5	B5b5	362	362	1	16	185	99	96	ma 	13.5
193	9	La5	A5	358	358	1	16	185	99	96		13.55556
194	9	Sol5	G5	349	349	1	8	370	95	96		13.66667
195	9	Fa5#3	F5#4	343	344	1	8	370	99	96	geç	13.77778
196	9	Sol5	G5	349	349	1	4	741	95	96		14
197	53			0	0	0	0	0	0	0		14
198	54			0	0	0	0	0	0	0	huzzam@si4b1	14
199	10	Sol5	G5	349	349	1	8	370	99	96	ti 	14.11111
200	8	La5	A5	358	358	0	0	0	99	96		14.11111
201	9	Sol5	G5	349	349	1	16	185	99	96		14.16667
202	9	Fa5#3	F5#4	343	344	1	16	185	95	96		14.22222
203	10	Fa5#3	F5#4	343	344	1	8	370	99	96	bu 	14.33333
204	8	Sol5	G5	349	349	0	0	0	99	96		14.33333
205	9	Fa5#3	F5#4	343	344	1	16	185	99	96		14.38889
206	9	Mi5b2	E5b1	334	335	1	16	185	95	96		14.44444
207	11	Re5	D5	327	327	1	8	370	95	96	re	14.55556
208	9	Re5	D5	327	327	1	16	185	99	96	viþ  	14.61111
209	9	Mi5b2	E5b1	334	335	1	16	185	95	96		14.66667
210	9	Fa5#3	F5#4	343	344	1	8	370	99	96	ah 	14.77778
211	9	Sol5	G5	349	349	1	16	185	99	96		14.83333
212	9	Fa5#3	F5#4	343	344	1	16	185	99	96		14.88889
213	9	Mi5b2	E5b1	334	335	1	16	185	99	96		14.94444
214	9	Re5	D5	327	327	1	16	185	95	96		15
215	9	Do5	C5	318	318	1	4	741	95	96		15.22222
216	9	Fa5#3	F5#4	343	344	1	8	370	95	96	Câ	15.33333
217	9	Sol5	G5	349	349	1	8	370	95	96	ný	15.44444
218	9	Si5b5	B5b5	362	362	1	16	185	99	96	ma 	15.5
219	9	La5	A5	358	358	1	16	185	99	96		15.55556
220	9	Sol5	G5	349	349	1	8	370	95	96		15.66667
221	9	Fa5#3	F5#4	343	344	1	8	370	95	96	geç	15.77778
222	9	Sol5	G5	349	349	1	4	741	95	96		16
223	53			0	0	0	0	0	0	0		16
224	10	Sol5	G5	349	349	1	8	370	99	96	ti 	16.11111
225	8	La5	A5	358	358	0	0	0	99	96		16.11111
226	9	Sol5	G5	349	349	1	16	185	99	96		16.16667
227	9	Fa5#3	F5#4	343	344	1	16	185	95	96		16.22222
228	10	Fa5#3	F5#4	343	344	1	8	370	99	96	bu 	16.33333
229	8	Sol5	G5	349	349	0	0	0	99	96		16.33333
230	9	Fa5#3	F5#4	343	344	1	16	185	99	96		16.38889
231	9	Mi5b2	E5b1	334	335	1	16	185	95	96		16.44444
232	11	Re5	D5	327	327	1	8	370	95	96	re	16.55556
233	9	Re5	D5	327	327	1	16	185	99	96	viþ  	16.61111
234	9	Mi5b2	E5b1	334	335	1	16	185	95	96		16.66667
235	9	Fa5#3	F5#4	343	344	1	8	370	99	96	ah 	16.77778
236	9	Sol5	G5	349	349	1	16	185	99	96		16.83333
237	9	Fa5#3	F5#4	343	344	1	16	185	99	96		16.88889
238	9	Mi5b2	E5b1	334	335	1	16	185	99	96		16.94444
239	9	Re5	D5	327	327	1	16	185	99	96		17
240	9	Do5	C5	318	318	1	4	741	95	96		17.22222
241	55			0	0	0	0	0	0	0		17.22222
242	53			0	0	0	0	0	0	0		17.22222
243	9	Do5	C5	318	318	1	8	370	95	96	Ke	17.33333
244	9	Re5	D5	327	327	1	8	370	95	96	rem_	17.44444
245	9	Re5	D5	327	327	3	32	278	99	96	et 	17.52778
246	9	Fa5	F5	340	340	1	32	93	99	96		17.55556
247	9	Mi5	E5	336	336	1	16	185	99	96		17.61111
248	9	Re5	D5	327	327	1	16	185	95	96		17.66667
249	9	Re5	D5	327	327	1	16	185	99	96	bir 	17.72222
250	9	Do5	C5	318	318	1	16	185	99	96		17.77778
251	9	Si4b2	B4b1	312	313	1	16	185	99	96		17.83333
252	9	Re5	D5	327	327	1	16	185	99	96		17.88889
253	9	Do5	C5	318	318	1	8	370	95	96		18
254	9	Re5	D5	327	327	1	4	741	95	96	lah	18.22222
255	53			0	0	0	0	0	0	0		18.22222
256	9	La5	A5	358	358	1	16	185	99	96	za 	18.27778
257	9	Sol5	G5	349	349	1	16	185	99	96		18.33333
258	9	Fa5	F5	340	340	1	16	185	99	96		18.38889
259	9	Mi5	E5	336	336	1	16	185	95	96		18.44444
260	9	Re5	D5	327	327	1	16	185	99	96	i	18.5
261	9	Do5	C5	318	318	1	16	185	99	96		18.55556
262	9	Si4b2	B4b1	312	313	1	16	185	99	96		18.61111
263	9	La4	A4	305	305	1	16	185	95	96		18.66667
264	9	Si4b2	B4b1	312	313	1	8	370	99	96	liþ  	18.77778
265	9	Do5	C5	318	318	1	8	370	99	96		18.88889
266	9	Do5	C5	318	318	1	16	185	99	96		18.94444
267	9	Si4b2	B4b1	312	313	1	16	185	95	96		19
268	9	Fa5	F5	340	340	1	4	741	95	96	ah 	19.22222
269	53			0	0	0	0	0	0	0		19.22222
270	9			-1	-1	1	8	370	100	0		19.33333
271	9	Re5	D5	327	327	1	16	185	95	96	Ke	19.38889
272	9	Fa5	F5	340	340	1	16	185	95	96	rem_	19.44444
273	9	Mi5	E5	336	336	1	16	185	99	96	et 	19.5
274	9	Re5	D5	327	327	1	16	185	99	96		19.55556
275	9	Do5	C5	318	318	1	16	185	99	96		19.61111
276	9	Si4b2	B4b1	312	313	1	16	185	95	96		19.66667
277	9	Do5	C5	318	318	1	16	185	99	96	bir 	19.72222
278	9	Si4b2	B4b1	312	313	1	16	185	99	96		19.77778
279	9	La4	A4	305	305	1	4	741	95	96		20
280	53			0	0	0	0	0	0	0		20
281	9	Sol4	G4	296	296	1	16	185	99	96	lah	20.05556
282	9	La4	A4	305	305	1	16	185	99	96		20.11111
283	9	Si4b2	B4b1	312	313	1	16	185	99	96		20.16667
284	9	Do5	C5	318	318	1	16	185	99	96		20.22222
285	9	Re5	D5	327	327	1	16	185	99	96		20.27778
286	12	Mi5	E5	336	336	1	8	370	99	96		20.38889
287	9	Re5	D5	327	327	1	16	185	95	96		20.44444
288	9	Re5	D5	327	327	1	16	185	99	96	za 	20.5
289	9	Do5	C5	318	318	1	8	370	99	96		20.61111
290	9	Si4b2	B4b1	312	313	1	16	185	95	96		20.66667
291	9	Do5	C5	318	318	1	16	185	99	96	i	20.72222
292	9	Si4b2	B4b1	312	313	1	16	185	99	96		20.77778
293	9	La4	A4	305	305	1	8	370	99	96		20.88889
294	9	Mi5	E5	336	336	1	8	370	95	96		21
295	9	Re5	D5	327	327	1	8	370	99	96	liþ  	21.11111
296	9	Do5	C5	318	318	1	16	185	99	96		21.16667
297	9	Si4b2	B4b1	312	313	1	16	185	99	96		21.22222
298	9	La4	A4	305	305	1	4	741	95	96		21.44444
299	53			0	0	0	0	0	0	0		21.44444
300	9	Mi5	E5	336	336	1	16	185	95	96	SAZ	21.5
301	9	Re5	D5	327	327	1	16	185	95	96	.	21.55556
302	9	Do5	C5	318	318	1	16	185	95	96	.	21.61111
303	9	Si4b2	B4b1	312	313	1	16	185	95	96	.	21.66667
304	9	La4	A4	305	305	1	4	741	95	96	.	21.88889
305	9			-1	-1	1	8	370	100	0		22
306	53			0	0	0	0	0	0	0		22
307	9	Fa5	F5	340	340	1	16	185	95	96	ARANAÐME 	22.05556
308	9	Mi5	E5	336	336	1	16	185	95	96	.	22.11111
309	9	Fa5	F5	340	340	1	16	185	95	96	.	22.16667
310	9	Sol5	G5	349	349	1	16	185	95	96	.	22.22222
311	9	Mi5	E5	336	336	3	16	556	95	96	.	22.38889
312	9	Re5	D5	327	327	1	16	185	95	96	.	22.44444
313	9	Re5	D5	327	327	1	16	185	95	96	.	22.5
314	9	Do5	C5	318	318	1	16	185	95	96	.	22.55556
315	9	Re5	D5	327	327	1	16	185	95	96	.	22.61111
316	9	Fa5	F5	340	340	1	16	185	95	96	.	22.66667
317	9	Mi5	E5	336	336	1	16	185	95	96	.	22.72222
318	9	Re5	D5	327	327	1	16	185	95	96	.	22.77778
319	9	Do5	C5	318	318	1	16	185	95	96	.	22.83333
320	9	Si4b2	B4b1	312	313	1	16	185	95	96	.	22.88889
321	9	La4	A4	305	305	1	16	185	95	96	.	22.94444
322	9	Sol4	G4	296	296	1	16	185	95	96	.	23
323	9	La4	A4	305	305	1	16	185	95	96	.	23.05556
324	9	Si4b2	B4b1	312	313	1	16	185	95	96	.	23.11111
325	9	Do5	C5	318	318	1	16	185	95	96	.	23.16667
326	9	Re5	D5	327	327	1	16	185	95	96	.	23.22222
327	9	Mi5	E5	336	336	1	16	185	95	96	.	23.27778
328	9	Sol5	G5	349	349	1	16	185	95	96	.	23.33333
329	9	Fa5	F5	340	340	1	16	185	95	96	.	23.38889
330	9	Mi5	E5	336	336	1	16	185	95	96	.	23.44444
331	9	Mi5	E5	336	336	1	16	185	95	96	.	23.5
332	9	Re5	D5	327	327	1	16	185	95	96	.	23.55556
333	9	Re5	D5	327	327	1	16	185	95	96	.	23.61111
334	9	Do5	C5	318	318	1	16	185	95	96	.	23.66667
335	9	Re5	D5	327	327	1	8	370	95	84	.	23.77778
336	9	Mi5	E5	336	336	1	8	370	95	84	.	23.88889
337	9	Fa5	F5	340	340	1	8	370	95	84	.	24
338	53			0	0	0	0	0	0	0		24
339	9	Fa5	F5	340	340	1	16	185	95	96	.	24.05556
340	9	Mi5	E5	336	336	1	16	185	95	96	.	24.11111
341	9	Fa5	F5	340	340	1	16	185	95	96	.	24.16667
342	9	Sol5	G5	349	349	1	16	185	95	96	.	24.22222
343	9	Mi5	E5	336	336	3	16	556	95	96	.	24.38889
344	9	Re5	D5	327	327	1	16	185	95	96	.	24.44444
345	9	Re5	D5	327	327	1	16	185	95	96	.	24.5
346	9	Do5	C5	318	318	1	16	185	95	96	.	24.55556
347	9	Re5	D5	327	327	1	16	185	95	96	.	24.61111
348	9	Fa5	F5	340	340	1	16	185	95	96	.	24.66667
349	9	Mi5	E5	336	336	1	16	185	95	96	.	24.72222
350	9	Re5	D5	327	327	1	16	185	95	96	.	24.77778
351	9	Do5	C5	318	318	1	16	185	95	96	.	24.83333
352	9	Si4b2	B4b1	312	313	1	16	185	95	96	.	24.88889
353	9	La4	A4	305	305	1	16	185	95	96	.	24.94444
354	9	Sol4	G4	296	296	1	16	185	95	96	.	25
355	9	La4	A4	305	305	1	16	185	95	96	.	25.05556
356	9	Si4b2	B4b1	312	313	1	16	185	95	96	.	25.11111
357	9	Do5	C5	318	318	1	16	185	95	96	.	25.16667
358	9	Re5	D5	327	327	1	16	185	95	96	.	25.22222
359	9	Mi5	E5	336	336	1	8	370	95	96	.	25.33333
360	9	Re5	D5	327	327	1	16	185	95	96	.	25.38889
361	9	Do5	C5	318	318	1	16	185	95	96	.	25.44444
362	9	Do5	C5	318	318	1	16	185	95	96	.	25.5
363	9	Si4b2	B4b1	312	313	1	16	185	95	96	.	25.55556
364	9	Si4b2	B4b1	312	313	1	16	185	95	96	.	25.61111
365	9	La4	A4	305	305	1	16	185	95	96	.	25.66667
366	10	La4	A4	305	305	1	8	370	95	96	.	25.77778
367	8	Si4b2	B4b1	312	313	0	0	0	95	96	.	25.77778
368	9	La4	A4	305	305	1	16	185	95	96	.	25.83333
369	9	Sol4	G4	296	296	1	16	185	95	96	.	25.88889
370	9	Si4b2	B4b1	312	313	1	16	185	95	96	.	25.94444
371	9	Do5	C5	318	318	1	16	185	95	96	.	26
372	9	Re5	D5	327	327	1	4	741	95	96	.	26.22222
373	53			0	0	0	0	0	0	0		26.22222
374	9	Do5	C5	318	318	1	8	370	95	96	Ne 	26.33333
375	9	Re5	D5	327	327	1	8	370	95	96	semt	26.44444
376	10	Re5	D5	327	327	1	8	370	99	96	ten 	26.55556
377	8	Fa5	F5	340	340	0	0	0	99	96		26.55556
378	9	Mi5	E5	336	336	1	16	185	99	96		26.61111
379	9	Re5	D5	327	327	1	16	185	95	96		26.66667
380	9	Re5	D5	327	327	1	8	370	99	96	câ	26.77778
381	9	Re5	D5	327	327	1	8	370	99	96		26.88889
382	9	Mi5	E5	336	336	1	8	370	95	96		27
383	9	Re5	D5	327	327	1	16	185	99	96	ným 	27.05556
384	9	Do5	C5	318	318	1	16	185	99	96		27.11111
385	9	Si4b2	B4b1	312	313	1	16	185	99	96		27.16667
386	9	La4	A4	305	305	1	16	185	95	96		27.22222
387	9	Sol4	G4	296	296	1	16	185	99	96	bu 	27.27778
388	9	La4	A4	305	305	1	16	185	99	96		27.33333
389	9	Si4b2	B4b1	312	313	1	16	185	99	96		27.38889
390	9	Do5	C5	318	318	1	16	185	95	96		27.44444
391	9	Re5	D5	327	327	1	16	185	99	96	ge	27.5
392	9	Mi5	E5	336	336	1	16	185	99	96		27.55556
393	9	Do5	C5	318	318	1	16	185	99	96		27.61111
394	9	Mi5	E5	336	336	1	16	185	95	96		27.66667
395	9	Re5	D5	327	327	1	4	741	95	96	liþ  	27.88889
396	53			0	0	0	0	0	0	0		27.88889
397	9	Do5	C5	318	318	1	16	185	95	96	SAZ	27.94444
398	9	Mi5	E5	336	336	1	16	185	95	96	.	28
399	9	Re5	D5	327	327	1	4	741	95	96	.	28.22222
400	53			0	0	0	0	0	0	0		28.22222
401	9	Do5	C5	318	318	1	8	370	95	96	Ne 	28.33333
402	9	Re5	D5	327	327	1	8	370	95	96	semt	28.44444
403	10	Re5	D5	327	327	1	8	370	99	96	ten 	28.55556
404	8	Fa5	F5	340	340	0	0	0	99	96		28.55556
405	9	Mi5	E5	336	336	1	16	185	99	96		28.61111
406	9	Re5	D5	327	327	1	16	185	95	96		28.66667
407	9	Re5	D5	327	327	1	8	370	99	96	câ	28.77778
408	9	Re5	D5	327	327	1	8	370	99	96		28.88889
409	9	Mi5	E5	336	336	1	8	370	95	96		29
410	9	Re5	D5	327	327	1	16	185	99	96	ným 	29.05556
411	9	Do5	C5	318	318	1	16	185	99	96		29.11111
412	9	Si4b2	B4b1	312	313	1	16	185	99	96		29.16667
413	9	La4	A4	305	305	1	16	185	95	96		29.22222
414	9	Sol4	G4	296	296	1	16	185	99	96	bu 	29.27778
415	9	La4	A4	305	305	1	16	185	99	96		29.33333
416	9	Si4b2	B4b1	312	313	1	16	185	99	96		29.38889
417	9	Do5	C5	318	318	1	16	185	95	96		29.44444
418	9	Re5	D5	327	327	1	16	185	99	96	ge	29.5
419	9	Mi5	E5	336	336	1	16	185	99	96		29.55556
420	9	Do5	C5	318	318	1	16	185	99	96		29.61111
421	9	Mi5	E5	336	336	1	16	185	95	96		29.66667
422	9	Re5	D5	327	327	1	4	741	95	96	liþ  	29.88889
423	53			0	0	0	0	0	0	0		29.88889
424	9	Do5	C5	318	318	1	16	185	95	96	SAZ	29.94444
425	9	Mi5	E5	336	336	1	16	185	95	96	.	30
426	9	Re5	D5	327	327	1	4	741	95	96	.	30.22222
427	53			0	0	0	0	0	0	0		30.22222
428	9	Do5	C5	318	318	1	8	370	95	96	Bi	30.33333
429	9	Re5	D5	327	327	1	8	370	95	96	ze 	30.44444
430	9	Re5	D5	327	327	3	32	278	99	96	mi 	30.52778
431	9	Fa5	F5	340	340	1	32	93	99	96		30.55556
432	9	Mi5	E5	336	336	1	16	185	99	96		30.61111
433	9	Re5	D5	327	327	1	16	185	95	96		30.66667
434	9	Re5	D5	327	327	1	16	185	99	96	yok	30.72222
435	9	Do5	C5	318	318	1	16	185	99	96		30.77778
436	9	Si4b2	B4b1	312	313	1	16	185	99	96		30.83333
437	9	Re5	D5	327	327	1	16	185	99	96		30.88889
438	9	Do5	C5	318	318	1	8	370	95	96		31
439	9	Re5	D5	327	327	1	4	741	95	96	sa 	31.22222
440	53			0	0	0	0	0	0	0		31.22222
441	9	La5	A5	358	358	1	16	185	99	96	gös	31.27778
442	9	Sol5	G5	349	349	1	16	185	99	96		31.33333
443	9	Fa5	F5	340	340	1	16	185	99	96		31.38889
444	9	Mi5	E5	336	336	1	16	185	95	96		31.44444
445	9	Re5	D5	327	327	1	16	185	99	96	te	31.5
446	9	Do5	C5	318	318	1	16	185	99	96		31.55556
447	9	Si4b2	B4b1	312	313	1	16	185	99	96		31.61111
448	9	La4	A4	305	305	1	16	185	95	96		31.66667
449	9	Si4b2	B4b1	312	313	1	8	370	99	96	riþ  	31.77778
450	9	Do5	C5	318	318	1	8	370	99	96		31.88889
451	9	Do5	C5	318	318	1	16	185	99	96		31.94444
452	9	Si4b2	B4b1	312	313	1	16	185	95	96		32
453	9	Fa5	F5	340	340	1	4	741	95	96	ah 	32.22222
454	53			0	0	0	0	0	0	0		32.22222
455	9			-1	-1	1	8	370	100	0		32.33333
456	9	Re5	D5	327	327	1	16	185	95	96	Bi	32.38889
457	9	Fa5	F5	340	340	1	16	185	95	96	ze 	32.44444
458	9	Mi5	E5	336	336	1	16	185	99	96	mi 	32.5
459	9	Re5	D5	327	327	1	16	185	99	96		32.55556
460	9	Do5	C5	318	318	1	16	185	99	96		32.61111
461	9	Si4b2	B4b1	312	313	1	16	185	95	96		32.66667
462	9	Do5	C5	318	318	1	16	185	99	96	yok	32.72222
463	9	Si4b2	B4b1	312	313	1	16	185	99	96		32.77778
464	9	La4	A4	305	305	1	4	741	95	96		33
465	53			0	0	0	0	0	0	0		33
466	9	Sol4	G4	296	296	1	16	185	99	96	sa 	33.05556
467	9	La4	A4	305	305	1	16	185	99	96		33.11111
468	9	Si4b2	B4b1	312	313	1	16	185	99	96		33.16667
469	9	Do5	C5	318	318	1	16	185	99	96		33.22222
470	9	Re5	D5	327	327	1	16	185	99	96		33.27778
471	12	Mi5	E5	336	336	1	8	370	99	96		33.38889
472	9	Re5	D5	327	327	1	16	185	95	96		33.44444
473	9	Re5	D5	327	327	1	16	185	99	96	gös	33.5
474	9	Do5	C5	318	318	1	8	370	99	96		33.61111
475	9	Si4b2	B4b1	312	313	1	16	185	95	96		33.66667
476	9	Do5	C5	318	318	1	16	185	99	96	te	33.72222
477	9	Si4b2	B4b1	312	313	1	16	185	99	96		33.77778
478	9	La4	A4	305	305	1	8	370	99	96		33.88889
479	9	Mi5	E5	336	336	1	8	370	95	96		34
480	9	Re5	D5	327	327	1	8	370	99	96	riþ  	34.11111
481	9	Do5	C5	318	318	1	16	185	99	96		34.16667
482	9	Si4b2	B4b1	312	313	1	16	185	99	96		34.22222
483	9	La4	A4	305	305	1	4	741	95	96		34.44444
484	53			0	0	0	0	0	0	0		34.44444
485	9	La5	A5	358	358	1	16	185	95	96	SAZ	34.5
486	9	Sol5	G5	349	349	1	8	370	95	96	.	34.61111
487	9	Fa5#3	F5#4	343	344	1	16	185	95	96	.	34.66667
488	9	Sol5	G5	349	349	1	16	185	95	96	.	34.72222
489	9	Fa5#3	F5#4	343	344	1	16	185	95	96		34.77778
490	9	Mi5	E5	336	336	1	16	185	95	96		34.83333
491	9	Re5	D5	327	327	1	16	185	95	96	.	34.88889
492	9	Fa5#3	F5#4	343	344	1	16	185	95	96	.	34.94444
493	9	La5	A5	358	358	1	16	185	95	96	.	35
494	9	Sol5	G5	349	349	1	4	741	95	96	.	35.22222
495	53			0	0	0	0	0	0	0		35.22222
496	9	Fa5#3	F5#4	343	344	1	8	370	95	96	Câ	35.33333
497	9	Sol5	G5	349	349	1	8	370	95	96	ný	35.44444
498	9	Si5b5	B5b5	362	362	1	16	185	99	96	ma 	35.5
499	9	La5	A5	358	358	1	16	185	99	96		35.55556
500	9	Sol5	G5	349	349	1	8	370	95	96		35.66667
501	9	Fa5#3	F5#4	343	344	1	8	370	99	96	geç	35.77778
502	9	Sol5	G5	349	349	1	4	741	95	96		36
503	53			0	0	0	0	0	0	0		36
504	54			0	0	0	0	0	0	0	huzzam@si4b1	36
505	10	Sol5	G5	349	349	1	8	370	99	96	ti 	36.11111
506	8	La5	A5	358	358	0	0	0	99	96		36.11111
507	9	Sol5	G5	349	349	1	16	185	99	96		36.16667
508	9	Fa5#3	F5#4	343	344	1	16	185	95	96		36.22222
509	10	Fa5#3	F5#4	343	344	1	8	370	99	96	bu 	36.33333
510	8	Sol5	G5	349	349	0	0	0	99	96		36.33333
511	9	Fa5#3	F5#4	343	344	1	16	185	99	96		36.38889
512	9	Mi5b2	E5b1	334	335	1	16	185	95	96		36.44444
513	11	Re5	D5	327	327	1	8	370	95	96	re	36.55556
514	9	Re5	D5	327	327	1	16	185	99	96	viþ  	36.61111
515	9	Mi5b2	E5b1	334	335	1	16	185	95	96		36.66667
516	9	Fa5#3	F5#4	343	344	1	8	370	99	96	ah 	36.77778
517	9	Sol5	G5	349	349	1	16	185	99	96		36.83333
518	9	Fa5#3	F5#4	343	344	1	16	185	99	96		36.88889
519	9	Mi5b2	E5b1	334	335	1	16	185	99	96		36.94444
520	9	Re5	D5	327	327	1	16	185	95	96		37
521	9	Do5	C5	318	318	1	4	741	95	96		37.22222
522	9	Fa5#3	F5#4	343	344	1	8	370	95	96	Câ	37.33333
523	9	Sol5	G5	349	349	1	8	370	95	96	ný	37.44444
524	9	Si5b5	B5b5	362	362	1	16	185	99	96	ma 	37.5
525	9	La5	A5	358	358	1	16	185	99	96		37.55556
526	9	Sol5	G5	349	349	1	8	370	95	96		37.66667
527	9	Fa5#3	F5#4	343	344	1	8	370	95	96	geç	37.77778
528	9	Sol5	G5	349	349	1	4	741	95	96		38
529	53			0	0	0	0	0	0	0		38
530	10	Sol5	G5	349	349	1	8	370	99	96	ti 	38.11111
531	8	La5	A5	358	358	0	0	0	99	96		38.11111
532	9	Sol5	G5	349	349	1	16	185	99	96		38.16667
533	9	Fa5#3	F5#4	343	344	1	16	185	95	96		38.22222
534	10	Fa5#3	F5#4	343	344	1	8	370	99	96	bu 	38.33333
535	8	Sol5	G5	349	349	0	0	0	99	96		38.33333
536	9	Fa5#3	F5#4	343	344	1	16	185	99	96		38.38889
537	9	Mi5b2	E5b1	334	335	1	16	185	95	96		38.44444
538	11	Re5	D5	327	327	1	8	370	95	96	re	38.55556
539	9	Re5	D5	327	327	1	16	185	99	96	viþ  	38.61111
540	9	Mi5b2	E5b1	334	335	1	16	185	95	96		38.66667
541	9	Fa5#3	F5#4	343	344	1	8	370	99	96	ah 	38.77778
542	9	Sol5	G5	349	349	1	16	185	99	96		38.83333
543	9	Fa5#3	F5#4	343	344	1	16	185	99	96		38.88889
544	9	Mi5b2	E5b1	334	335	1	16	185	99	96		38.94444
545	9	Re5	D5	327	327	1	16	185	99	96		39
546	9	Do5	C5	318	318	1	4	741	95	96		39.22222
547	55			0	0	0	0	0	0	0		39.22222
548	53			0	0	0	0	0	0	0		39.22222
549	9	Do5	C5	318	318	1	8	370	95	96	Ke	39.33333
550	9	Re5	D5	327	327	1	8	370	95	96	rem_	39.44444
551	9	Re5	D5	327	327	3	32	278	99	96	et 	39.52778
552	9	Fa5	F5	340	340	1	32	93	99	96		39.55556
553	9	Mi5	E5	336	336	1	16	185	99	96		39.61111
554	9	Re5	D5	327	327	1	16	185	95	96		39.66667
555	9	Re5	D5	327	327	1	16	185	99	96	bir 	39.72222
556	9	Do5	C5	318	318	1	16	185	99	96		39.77778
557	9	Si4b2	B4b1	312	313	1	16	185	99	96		39.83333
558	9	Re5	D5	327	327	1	16	185	99	96		39.88889
559	9	Do5	C5	318	318	1	8	370	95	96		40
560	9	Re5	D5	327	327	1	4	741	95	96	lah	40.22222
561	53			0	0	0	0	0	0	0		40.22222
562	9	La5	A5	358	358	1	16	185	99	96	za 	40.27778
563	9	Sol5	G5	349	349	1	16	185	99	96		40.33333
564	9	Fa5	F5	340	340	1	16	185	99	96		40.38889
565	9	Mi5	E5	336	336	1	16	185	95	96		40.44444
566	9	Re5	D5	327	327	1	16	185	99	96	i	40.5
567	9	Do5	C5	318	318	1	16	185	99	96		40.55556
568	9	Si4b2	B4b1	312	313	1	16	185	99	96		40.61111
569	9	La4	A4	305	305	1	16	185	95	96		40.66667
570	9	Si4b2	B4b1	312	313	1	8	370	99	96	liþ  	40.77778
571	9	Do5	C5	318	318	1	8	370	99	96		40.88889
572	9	Do5	C5	318	318	1	16	185	99	96		40.94444
573	9	Si4b2	B4b1	312	313	1	16	185	95	96		41
574	9	Fa5	F5	340	340	1	4	741	95	96	ah 	41.22222
575	53			0	0	0	0	0	0	0		41.22222
576	9			-1	-1	1	8	370	100	0		41.33333
577	9	Re5	D5	327	327	1	16	185	95	96	Ke	41.38889
578	9	Fa5	F5	340	340	1	16	185	95	96	rem_	41.44444
579	9	Mi5	E5	336	336	1	16	185	99	96	et 	41.5
580	9	Re5	D5	327	327	1	16	185	99	96		41.55556
581	9	Do5	C5	318	318	1	16	185	99	96		41.61111
582	9	Si4b2	B4b1	312	313	1	16	185	95	96		41.66667
583	9	Do5	C5	318	318	1	16	185	99	96	bir 	41.72222
584	9	Si4b2	B4b1	312	313	1	16	185	99	96		41.77778
585	9	La4	A4	305	305	1	4	741	95	96		42
586	53			0	0	0	0	0	0	0		42
587	9	Sol4	G4	296	296	1	16	185	99	96	lah	42.05556
588	9	La4	A4	305	305	1	16	185	99	96		42.11111
589	9	Si4b2	B4b1	312	313	1	16	185	99	96		42.16667
590	9	Do5	C5	318	318	1	16	185	99	96		42.22222
591	9	Re5	D5	327	327	1	16	185	99	96		42.27778
592	12	Mi5	E5	336	336	1	8	370	99	96		42.38889
593	9	Re5	D5	327	327	1	16	185	95	96		42.44444
594	9	Re5	D5	327	327	1	16	185	99	96	za 	42.5
595	9	Do5	C5	318	318	1	8	370	99	96		42.61111
596	9	Si4b2	B4b1	312	313	1	16	185	95	96		42.66667
597	9	Do5	C5	318	318	1	16	185	99	96	i	42.72222
598	9	Si4b2	B4b1	312	313	1	16	185	99	96		42.77778
599	9	La4	A4	305	305	1	8	370	99	96		42.88889
600	9	Mi5	E5	336	336	1	8	370	95	96		43
601	9	Re5	D5	327	327	1	8	370	99	96	liþ  	43.11111
602	9	Do5	C5	318	318	1	16	185	99	96		43.16667
603	9	Si4b2	B4b1	312	313	1	16	185	99	96		43.22222
604	9	La4	A4	305	305	1	4	741	95	96		43.44444
605	53			0	0	0	0	0	0	0		43.44444
606	9	Mi5	E5	336	336	1	16	185	95	96	SAZ	43.5
607	9	Re5	D5	327	327	1	16	185	95	96	.	43.55556
608	9	Do5	C5	318	318	1	16	185	95	96	.	43.61111
609	9	Si4b2	B4b1	312	313	1	16	185	95	96	.	43.66667
610	9	La4	A4	305	305	1	4	741	95	96	.	43.88889
611	9			-1	-1	1	8	370	100	0		44
612	53			0	0	0	0	0	0	0		44
