Sýra	Kod	Nota53	NotaAE	Koma53	KomaAE	Pay	Payda	Ms	LNS	Bas	Soz1	Offset
1	9	Re5	D5	327	327	3	4	3000	101	96	ARANAÐME	1
2	9	La4	A4	305	305	3	4	3000	101	96	.	2
3	53			0	0	0	0	0	0	0		2
4	9	Re5	D5	327	327	1	8	500	50	96	.	2.166667
5	9	Re5	D5	327	327	1	8	500	50	96	.	2.333333
6	9	Re5	D5	327	327	1	4	1000	95	96	.	2.666667
7	9	La4	A4	305	305	1	4	1000	95	96	.	3
8	9	Re5	D5	327	327	1	8	500	95	96	.	3.166667
9	9	Fa5	F5	340	340	1	8	500	95	96	.	3.333333
10	9	Mi5	E5	336	336	1	4	1000	95	96	.	3.666667
11	9	Do5#4	C5#4	322	322	1	4	1000	95	96	.	4
12	9	Do5#4	C5#4	322	322	1	8	500	95	96	.	4.166667
13	9	Mi5	E5	336	336	1	8	500	95	96	.	4.333333
14	9	Re5	D5	327	327	1	4	1000	95	96	.	4.666667
15	9	Si4b4	B4b4	310	310	1	4	1000	95	96	.	5
16	9	Si4b4	B4b4	310	310	1	8	500	95	96	.	5.166667
17	9	Re5	D5	327	327	1	8	500	95	96	.	5.333333
18	9	Do5#4	C5#4	322	322	3	16	750	95	96	.	5.583333
19	9	Si4b4	B4b4	310	310	1	16	250	95	96	.	5.666667
20	9	La4	A4	305	305	1	4	1000	95	96	.	6
21	53			0	0	0	0	0	0	0		6
22	9	La4	A4	305	305	1	8	500	95	96	.	6.166667
23	9	Re5	D5	327	327	1	8	500	50	96	.	6.333333
24	9	Re5	D5	327	327	1	4	1000	50	96	.	6.666667
25	9	La4	A4	305	305	1	4	1000	95	96	.	7
26	9	Re5	D5	327	327	1	8	500	95	96	.	7.166667
27	9	Fa5	F5	340	340	1	8	500	95	96	.	7.333333
28	9	Mi5	E5	336	336	3	16	750	95	96	.	7.583333
29	9	Re5	D5	327	327	1	16	250	95	96	.	7.666667
30	9	Do5#4	C5#4	322	322	1	4	1000	95	96	.	8
31	9	Do5#4	C5#4	322	322	1	8	500	95	96	.	8.166667
32	9	Mi5	E5	336	336	1	8	500	95	96	.	8.333333
33	9	Re5	D5	327	327	3	16	750	95	96	.	8.583333
34	9	Do5#4	C5#4	322	322	1	16	250	95	96	.	8.666667
35	9	Si4b4	B4b4	310	310	1	4	1000	95	96	.	9
36	9	Si4b4	B4b4	310	310	1	8	500	95	96	.	9.166667
37	9	Re5	D5	327	327	1	8	500	95	96	.	9.333333
38	9	Do5#4	C5#4	322	322	3	16	750	95	96	.	9.583333
39	9	Si4b4	B4b4	310	310	1	16	250	95	96	.	9.666667
40	9	La4	A4	305	305	1	4	1000	95	96	.	10
41	9	La4	A4	305	305	1	12	333	95	96	.	10.11111
42	53			0	0	0	0	0	0	0		10.11111
43	9	Si4b4	B4b4	310	310	1	12	333	95	96	.	10.22222
44	9	Do5#4	C5#4	322	322	1	12	333	95	96	.	10.33333
45	9	La4	A4	305	305	1	2	2000	95	96	.	11
46	9			-1	-1	1	4	1000	100	0	.	11.33333
47	9	La4	A4	305	305	1	12	333	95	96	.	11.44444
48	9	Si4b4	B4b4	310	310	1	12	333	95	96	.	11.55556
49	9	Do5#4	C5#4	322	322	1	12	333	95	96	.	11.66667
50	9	La4	A4	305	305	1	4	1000	95	96	.	12
51	53			0	0	0	0	0	0	0		12
52	9	Sol4	G4	296	296	1	8	500	95	96	SESLER	12.16667
53	9	La4	A4	305	305	1	8	500	95	96	LE 	12.33333
54	9	La4	A4	305	305	1	4	1000	95	96	NÝNNÝ 	12.66667
55	9	Si4b4	B4b4	310	310	1	8	500	95	96	.	12.83333
56	9	Re5	D5	327	327	1	8	500	95	96	.	13
57	9	Do5#4	C5#4	322	322	1	8	500	95	96	.	13.16667
58	9	Si4b4	B4b4	310	310	1	8	500	95	96	.	13.33333
59	9	Si4b4	B4b4	310	310	1	8	500	95	96	.	13.5
60	9	La4	A4	305	305	1	8	500	95	96	.	13.66667
61	9	La4	A4	305	305	1	4	1000	95	96	.	14
62	9	La4	A4	305	305	1	12	333	95	96	SAZ	14.11111
63	9	Si4b4	B4b4	310	310	1	12	333	95	96	.	14.22222
64	9	Do5#4	C5#4	322	322	1	12	333	95	96	.	14.33333
65	9	La4	A4	305	305	1	4	1000	95	96	.	14.66667
66	53			0	0	0	0	0	0	0		14.66667
67	9	Sol4	G4	296	296	1	8	500	95	96	.	14.83333
68	9	La4	A4	305	305	1	8	500	95	96	.	15
69	9	La4	A4	305	305	1	4	1000	95	96	SESLER	15.33333
70	9	Si4b4	B4b4	310	310	1	8	500	95	96	LE 	15.5
71	9	Re5	D5	327	327	1	8	500	95	96	NÝNNÝ 	15.66667
72	9	Do5#4	C5#4	322	322	1	8	500	95	96	.	15.83333
73	9	Si4b4	B4b4	310	310	1	8	500	95	96	.	16
74	9	Si4b4	B4b4	310	310	1	8	500	95	96	.	16.16667
75	9	La4	A4	305	305	1	8	500	95	96	.	16.33333
76	9	La4	A4	305	305	1	4	1000	95	96	.	16.66667
77	9	La4	A4	305	305	1	12	333	95	96	.	16.77778
78	9	Si4b4	B4b4	310	310	1	12	333	95	96	.	16.88889
79	9	Do5#4	C5#4	322	322	1	12	333	95	96	.	17
80	9	Re5	D5	327	327	3	4	3000	95	96	.	18
81	53			0	0	0	0	0	0	0		18
82	9	Re5	D5	327	327	3	8	1500	99	96	Ah 	18.5
83	9	Mi5	E5	336	336	1	24	167	99	96		18.55556
84	9	Re5	D5	327	327	1	24	167	99	96		18.61111
85	9	Do5#4	C5#4	322	322	1	24	167	99	96		18.66667
86	9	Re5	D5	327	327	1	4	1000	99	96		19
87	9	Mi5	E5	336	336	1	24	167	99	96		19.05556
88	9	Re5	D5	327	327	1	24	167	99	96		19.11111
89	9	Do5#4	C5#4	322	322	1	24	167	99	96		19.16667
90	9	Re5	D5	327	327	1	4	1000	99	96		19.5
91	9	Mi5	E5	336	336	1	24	167	99	96		19.55556
92	9	Re5	D5	327	327	1	24	167	99	96		19.61111
93	9	Do5#4	C5#4	322	322	1	24	167	99	96		19.66667
94	9	Re5	D5	327	327	1	4	1000	99	96		20
95	9	Do5#4	C5#4	322	322	1	4	1000	101	96		20.33333
96	9	Re5	D5	327	327	1	16	250	99	96		20.41667
97	9	Do5#4	C5#4	322	322	1	16	250	99	96		20.5
98	9	Si4b4	B4b4	310	310	1	16	250	99	96		20.58333
99	9	La4	A4	305	305	1	16	250	99	96		20.66667
100	9	Sol4	G4	296	296	1	16	250	99	96		20.75
101	9	La4	A4	305	305	1	16	250	99	96		20.83333
102	9	Si4b4	B4b4	310	310	1	16	250	99	96		20.91667
103	9	Do5#4	C5#4	322	322	1	16	250	99	96		21
104	9	Re5	D5	327	327	1	4	1000	99	96		21.33333
105	9	Do5#4	C5#4	322	322	1	4	1000	101	96		21.66667
106	9	Re5	D5	327	327	1	16	250	99	96		21.75
107	9	Do5#4	C5#4	322	322	1	16	250	99	96		21.83333
108	9	Si4b4	B4b4	310	310	1	16	250	99	96		21.91667
109	9	La4	A4	305	305	1	16	250	99	96		22
110	9	Sol4	G4	296	296	1	16	250	99	96		22.08333
111	9	La4	A4	305	305	1	16	250	99	96		22.16667
112	9	Si4b4	B4b4	310	310	1	16	250	99	96		22.25
113	9	Do5#4	C5#4	322	322	1	16	250	95	96		22.33333
114	9	Re5	D5	327	327	1	2	2000	101	96		23
115	53			0	0	0	0	0	0	0		23
116	9	Re5	D5	327	327	1	8	500	50	96	sa	23.16667
117	9	Re5	D5	327	327	1	8	500	50	96	na 	23.33333
118	9	Re5	D5	327	327	1	4	1000	50	96	dün 	23.66667
119	9	La4	A4	305	305	1	4	1000	95	96	bir 	24
120	9	Re5	D5	327	327	1	8	500	95	96	te	24.16667
121	9	Fa5	F5	340	340	1	8	500	95	96	pe	24.33333
122	9	Mi5	E5	336	336	3	16	750	99	96	den 	24.58333
123	9	Re5	D5	327	327	1	16	250	95	96		24.66667
124	9	Do5#4	C5#4	322	322	1	4	1000	95	96	bak	25
125	9	Do5#4	C5#4	322	322	1	8	500	95	96	tým_	25.16667
126	9	Re5	D5	327	327	1	8	500	95	96	a	25.33333
127	9	Mi5	E5	336	336	1	4	1000	99	96	zîz_	25.66667
128	9	Re5	D5	327	327	1	8	500	99	96		25.83333
129	9	Do5#4	C5#4	322	322	1	8	500	95	96		26
130	9	Si4b4	B4b4	310	310	3	16	750	99	96	Ýs	26.25
131	9	La4	A4	305	305	1	16	250	95	96		26.33333
132	9	Si4b4	B4b4	310	310	1	8	500	99	96	tan	26.5
133	9	Do5#4	C5#4	322	322	1	8	500	95	96		26.66667
134	9	La4	A4	305	305	1	4	1000	100	96	bul  	27
135	9	La4	A4	305	305	1	8	500	95	96		27.16667
136	9			-1	-1	1	8	500	100	0		27.33333
137	53			0	0	0	0	0	0	0		27.33333
138	9	Si4b4	B4b4	310	310	1	8	500	95	96	SAZ	27.5
139	9	Do5#4	C5#4	322	322	1	8	500	95	96	.	27.66667
140	9	La4	A4	305	305	1	4	1000	95	96	.	28
141	9	Do5#4	C5#4	322	322	3	16	750	95	96	Gör	28.25
142	9	Re5	D5	327	327	1	16	250	95	96	me	28.33333
143	9	Mi5	E5	336	336	1	4	1000	50	96	dim 	28.66667
144	9	Mi5	E5	336	336	1	4	1000	50	96	gez	29
145	9	Mi5	E5	336	336	1	8	500	95	96	me	29.16667
146	9	Fa5	F5	340	340	1	16	250	99	96	di	29.25
147	9	Mi5	E5	336	336	1	16	250	95	96		29.33333
148	9	Re5	D5	327	327	1	4	1000	67	96	ðim 	29.66667
149	53			0	0	0	0	0	0	0		29.66667
150	9	Fa5	F5	340	340	1	4	1000	95	96	sev	30
151	9	Fa5	F5	340	340	1	8	500	95	96	me	30.16667
152	9	Fa5	F5	340	340	1	16	250	99	96	di	30.25
153	9	Mi5	E5	336	336	1	16	250	95	96		30.33333
154	9	Mi5	E5	336	336	3	16	750	99	96	ðim 	30.58333
155	9	Re5	D5	327	327	1	16	250	95	96		30.66667
156	9	Re5	D5	327	327	1	4	1000	95	96	hiç	31
157	9	Do5#4	C5#4	322	322	1	8	500	99	96	bir 	31.16667
158	9	Mi5	E5	336	336	1	16	250	99	96		31.25
159	9	Re5	D5	327	327	1	16	250	95	96		31.33333
160	9	Re5	D5	327	327	3	8	1500	95	96	yer  	31.83333
161	9			-1	-1	1	8	500	100	0		32
162	53			0	0	0	0	0	0	0		32
163	9	Mi5	E5	336	336	3	16	750	95	96	Öm	32.25
164	9	Fa5#4	F5#4	344	344	1	16	250	95	96	rüm_	32.33333
165	9	Sol5	G5	349	349	3	16	750	99	96	ol	32.58333
166	9	Fa5#4	F5#4	344	344	1	16	250	95	96		32.66667
167	9	Sol5	G5	349	349	3	16	750	99	96	duk	32.91667
168	9	Fa5#4	F5#4	344	344	1	16	250	95	96		33
169	9	Mi5	E5	336	336	1	8	500	95	96	ça 	33.16667
170	9	Fa5#4	F5#4	344	344	1	8	500	95	96	gö	33.33333
171	9	La5	A5	358	358	3	16	750	99	96	nül 	33.58333
172	9	Sol5	G5	349	349	1	16	250	95	96		33.66667
173	9	Sol5	G5	349	349	3	16	750	99	96	tah	33.91667
174	9	Fa5#4	F5#4	344	344	1	16	250	95	96		34
175	9	Fa5#4	F5#4	344	344	1	8	500	95	96	tý	34.16667
176	9	Fa5#4	F5#4	344	344	1	16	250	99	96	ma 	34.25
177	9	Mi5	E5	336	336	1	16	250	95	96		34.33333
178	9	Re5	D5	327	327	1	4	1000	95	96	key	34.66667
179	9	Mi5	E5	336	336	1	4	1000	95	96	fin	35
180	9	Fa5#4	F5#4	344	344	1	8	500	95	96	ce 	35.16667
181	9	La5	A5	358	358	1	16	250	99	96	ku	35.25
182	9	Sol5	G5	349	349	1	16	250	95	96		35.33333
183	9	Sol5	G5	349	349	1	2	2000	95	96	rul  	36
184	53			0	0	0	0	0	0	0		36
185	9			-1	-1	1	4	1000	100	0		36.33333
186	9	Sol5	G5	349	349	1	16	250	95	96	SAZ	36.41667
187	9	Fa5#4	F5#4	344	344	1	16	250	95	96	.	36.5
188	9	Mi5	E5	336	336	1	16	250	95	96	.	36.58333
189	53			0	0	0	0	0	0	0		36.58333
190	9	Fa5#4	F5#4	344	344	1	16	250	95	96	.	36.66667
191	9	Sol5	G5	349	349	1	4	1000	95	96	.	37
192	53			0	0	0	0	0	0	0		37
193	9	Mi5	E5	336	336	3	16	750	95	96	Sa	37.25
194	9	Fa5#4	F5#4	344	344	1	16	250	95	96	de 	37.33333
195	9	La5	A5	358	358	3	16	750	99	96	bir 	37.58333
196	9	Sol5	G5	349	349	1	16	250	95	96		37.66667
197	9	Sol5	G5	349	349	3	16	750	99	96	sem	37.91667
198	9	Fa5#4	F5#4	344	344	1	16	250	95	96		38
199	9	Mi5	E5	336	336	1	8	500	95	96	ti	38.16667
200	9	Sol5	G5	349	349	1	8	500	95	96	ni 	38.33333
201	9	Fa5	F5	340	340	3	16	750	99	96	sev	38.58333
202	9	Mi5	E5	336	336	1	16	250	95	96		38.66667
203	9	Re5	D5	327	327	1	8	500	99	96	mek 	38.83333
204	9	Mi5	E5	336	336	1	8	500	95	96		39
205	9	Re5	D5	327	327	1	16	250	99	96	bi	39.08333
206	9	Mi5	E5	336	336	1	16	250	95	96		39.16667
207	9	Do5#4	C5#4	322	322	1	4	1000	95	96	le 	39.5
208	9			-1	-1	1	8	500	100	0		39.66667
209	53			0	0	0	0	0	0	0		39.66667
210	9	Mi5	E5	336	336	3	16	750	99	96	bir 	39.91667
211	9	Re5	D5	327	327	1	16	250	95	96		40
212	9	Re5	D5	327	327	3	16	750	99	96	öm	40.25
213	9	Do5#4	C5#4	322	322	1	16	250	95	96		40.33333
214	9	Do5#4	C5#4	322	322	1	16	250	99	96	re 	40.41667
215	9	Si4b4	B4b4	310	310	1	16	250	95	96		40.5
216	9	La4	A4	305	305	1	16	250	99	96	de	40.58333
217	9	Si4b4	B4b4	310	310	1	16	250	95	96		40.66667
218	9	Do5#4	C5#4	322	322	1	4	1000	100	96	ðer 	41
219	9	Do5#4	C5#4	322	322	1	8	500	95	96		41.16667
220	9			-1	-1	1	8	500	100	0		41.33333
221	53			0	0	0	0	0	0	0		41.33333
222	9	Do5#4	C5#4	322	322	3	32	375	95	96	SAZ	41.45833
223	9	Si4b4	B4b4	310	310	1	32	125	95	96	.	41.5
224	9	La4	A4	305	305	1	16	250	95	96	.	41.58333
225	9	Si4b4	B4b4	310	310	1	16	250	95	96	.	41.66667
226	9	Do5#4	C5#4	322	322	1	4	1000	95	96	.	42
227	53			0	0	0	0	0	0	0		42
228	9	Re5	D5	327	327	3	16	750	95	96	Sa	42.25
229	9	Re5	D5	327	327	1	16	250	95	96	de 	42.33333
230	9	Re5	D5	327	327	3	16	750	99	96	bir 	42.58333
231	9	Do5#4	C5#4	322	322	1	16	250	95	96		42.66667
232	9	Si4b4	B4b4	310	310	1	8	500	99	96	sem	42.83333
233	9	La4	A4	305	305	1	8	500	95	96		43
234	9	Si4b4	B4b4	310	310	1	8	500	95	96	ti	43.16667
235	9	Do5#4	C5#4	322	322	1	8	500	95	96	ni 	43.33333
236	9	Re5	D5	327	327	3	16	750	99	96	sev	43.58333
237	9	Do5#4	C5#4	322	322	1	16	250	95	96		43.66667
238	9	Si4b4	B4b4	310	310	1	8	500	99	96	mek 	43.83333
239	9	Do5#4	C5#4	322	322	1	8	500	95	96		44
240	9	Si4b4	B4b4	310	310	1	16	250	99	96	bi	44.08333
241	9	Do5#4	C5#4	322	322	1	16	250	95	96		44.16667
242	9	Si4b4	B4b4	310	310	3	8	1500	95	96	le 	44.66667
243	9			-1	-1	1	4	1000	100	0		45
244	53			0	0	0	0	0	0	0		45
245	9	Mi5	E5	336	336	3	16	750	99	96	bir 	45.25
246	9	Re5	D5	327	327	1	16	250	95	96		45.33333
247	9	Re5	D5	327	327	3	16	750	99	96	öm	45.58333
248	9	Do5#4	C5#4	322	322	1	16	250	99	96		45.66667
249	9	Do5#4	C5#4	322	322	3	16	750	99	96		45.91667
250	9	Si4b4	B4b4	310	310	1	16	250	95	96		46
251	9	Si4b4	B4b4	310	310	1	8	500	95	96	re 	46.16667
252	9	Si4b4	B4b4	310	310	1	16	250	99	96	de	46.25
253	9	Do5#4	C5#4	322	322	1	16	250	95	96		46.33333
254	9	La4	A4	305	305	1	4	1000	95	96	ðer 	46.66667
255	53			0	0	0	0	0	0	0		46.66667
256	9	Do5#4	C5#4	322	322	1	12	333	95	96	SAZ	46.77778
257	9	Si4b4	B4b4	310	310	1	12	333	95	96	.	46.88889
258	9	Do5#4	C5#4	322	322	1	12	333	95	96	.	47
259	9	La4	A4	305	305	1	4	1000	95	96	.	47.33333
260	9	Do5#4	C5#4	322	322	1	12	333	95	96	.	47.44444
261	9	Si4b4	B4b4	310	310	1	12	333	95	96	.	47.55556
262	9	Do5#4	C5#4	322	322	1	12	333	95	96	.	47.66667
263	9	La4	A4	305	305	1	4	1000	95	96	.	48
264	9	Mi5	E5	336	336	1	12	333	95	96	.	48.11111
265	9	Do5#4	C5#4	322	322	1	12	333	95	96	.	48.22222
266	9	Si4b4	B4b4	310	310	1	12	333	95	96	.	48.33333
267	54			0	0	0	0	0	0	0	sehnaz@la5	48.33333
268	9	La4	A4	305	305	1	8	500	95	96	.	48.5
269	9	La5	A5	358	358	1	8	500	95	96	.	48.66667
270	9	Sol5#4	G5#4	353	353	1	8	500	95	96	.	48.83333
271	9	La5	A5	358	358	1	8	500	95	96	.	49
272	9	Fa5	F5	340	340	1	8	500	95	96	.	49.16667
273	9	La5	A5	358	358	1	8	500	95	96	.	49.33333
274	9	Re5	D5	327	327	1	8	500	95	96	.	49.5
275	9	La5	A5	358	358	1	8	500	95	96	.	49.66667
276	53			0	0	0	0	0	0	0		49.66667
277	9	La5	A5	358	358	1	4	3000	101	96	Ah 	50
278	9	La5	A5	358	358	1	8	500	50	96	ni	50.16667
279	9	La5	A5	358	358	1	8	500	50	96	ce 	50.33333
280	9	La5	A5	358	358	1	4	1000	50	96	rev	50.66667
281	9	La5	A5	358	358	1	4	1000	50	96	nak	51
282	9	La5	A5	358	358	1	8	500	95	96	lý 	51.16667
283	9	Si5	B5	367	367	1	8	500	95	96	þe	51.33333
284	9	La5	A5	358	358	1	4	1000	95	96	hir	51.66667
285	9	Sol5#4	G5#4	353	353	1	4	1000	95	96	ler 	52
286	9	La5	A5	358	358	1	8	500	95	96	gö	52.16667
287	9	Si5	B5	367	367	1	8	500	95	96	rü	52.33333
288	9	Do6	C6	371	371	3	16	750	99	96	lür 	52.58333
289	9	Si5	B5	367	367	1	16	250	95	96		52.66667
290	9	La5	A5	358	358	3	16	750	99	96	dün	52.91667
291	9	Sol5#4	G5#4	353	353	1	16	250	95	96		53
292	9	Fa5	F5	340	340	3	16	750	99	96	ya	53.25
293	9	Sol5#4	G5#4	353	353	1	16	250	95	96		53.33333
294	9	La5	A5	358	358	3	8	1500	95	96	da  	53.83333
295	9			-1	-1	1	8	500	100	0		54
296	53			0	0	0	0	0	0	0		54
297	9	La5	A5	358	358	1	16	250	95	96	SAZ	54.08333
298	9	Sol5#4	G5#4	353	353	1	16	250	95	96	.	54.16667
299	9	Fa5	F5	340	340	1	16	250	95	96	.	54.25
300	9	Sol5#4	G5#4	353	353	1	16	250	95	96	.	54.33333
301	9	La5	A5	358	358	1	4	1000	95	96	.	54.66667
302	9			-1	-1	1	4	1000	100	0		55
303	55			0	0	0	0	0	0	0		55
304	53			0	0	0	0	0	0	0		55
305	9	La5	A5	358	358	3	16	750	95	96	Lâ	55.25
306	9	La5	A5	358	358	1	16	250	95	96	kin_	55.33333
307	9	La5	A5	358	358	3	16	750	99	96	ef	55.58333
308	9	Sol5	G5	349	349	1	16	250	95	96		55.66667
309	9	Si5b1	B5b1	366	366	1	8	500	99	96	sun	55.83333
310	9	La5	A5	358	358	1	16	250	99	96		55.91667
311	9	Sol5	G5	349	349	1	16	250	95	96		56
312	9	Sol5	G5	349	349	1	8	500	50	96	lu 	56.16667
313	9	Sol5	G5	349	349	1	8	500	50	96	gü	56.33333
314	9	Sol5	G5	349	349	3	16	750	99	96	zel	56.58333
315	9	Fa5#4	F5#4	344	344	1	16	250	95	96		56.66667
316	9	Sol5	G5	349	349	3	16	750	99	96	lik	56.91667
317	9	Fa5#4	F5#4	344	344	1	16	250	95	96		57
318	9	Sol5	G5	349	349	1	8	500	95	96	le	57.16667
319	9	La5	A5	358	358	1	8	500	95	96	ri 	57.33333
320	9	Si5b1	B5b1	366	366	3	16	750	99	96	sen	57.58333
321	9	La5	A5	358	358	1	16	250	95	96		57.66667
322	9	La5	A5	358	358	3	16	750	99	96	sin 	57.91667
323	9	Sol5	G5	349	349	1	16	250	95	96		58
324	9	La5	A5	358	358	1	16	250	99	96	ya	58.08333
325	9	Sol5	G5	349	349	1	16	250	95	96		58.16667
326	9	Fa5#4	F5#4	344	344	1	16	250	99	96	ra	58.25
327	9	Mi5#4	E5#4	340	340	1	16	250	95	96		58.33333
328	9	Fa5#4	F5#4	344	344	3	8	1500	95	96	tan 	58.83333
329	9			-1	-1	1	8	500	100	0		59
330	53			0	0	0	0	0	0	0		59
331	9	Mi5	E5	336	336	1	8	500	95	96	Ya	59.16667
332	9	Fa5#4	F5#4	344	344	1	8	500	95	96	þa	59.33333
333	9	La5	A5	358	358	1	4	1000	95	96	mýþ	59.66667
334	9	Sol5	G5	349	349	1	8	500	99	96	týr 	59.83333
335	9	Fa5	F5	340	340	1	8	500	95	96		60
336	9			-1	-1	1	8	500	100	0		60.16667
337	9	Sol5	G5	349	349	1	8	500	95	96	de	60.33333
338	9	Mi5	E5	336	336	1	4	1000	95	96	rim 	60.66667
339	9			-1	-1	1	4	1000	100	0		61
340	53			0	0	0	0	0	0	0		61
341	9	Sol5	G5	349	349	3	16	750	99	96	en 	61.25
342	9	Fa5	F5	340	340	1	16	250	95	96		61.33333
343	9	Mi5	E5	336	336	3	8	1500	95	96	hoþ 	61.83333
344	9			-1	-1	1	8	500	100	0		62
345	53			0	0	0	0	0	0	0		62
346	9	Re5	D5	327	327	1	8	500	95	96	ve 	62.16667
347	9	Mi5	E5	336	336	1	8	500	95	96	u	62.33333
348	9	Fa5#1	F5#1	341	341	1	4	1000	99	96	zun 	62.66667
349	9	Mi5	E5	336	336	1	8	500	99	96		62.83333
350	9	Re5	D5	327	327	1	8	500	95	96		63
351	9	Do5#4	C5#4	322	322	1	4	1000	95	96	rü	63.33333
352	9	Re5	D5	327	327	3	16	750	99	96	ya	63.58333
353	9	Mi5	E5	336	336	1	16	250	95	96		63.66667
354	9	Mi5	E5	336	336	1	4	1000	100	96	da  	64
355	9	Mi5	E5	336	336	1	4	1000	95	96		64.33334
356	53			0	0	0	0	0	0	0		64.33334
357	9	Mi5	E5	336	336	1	16	250	95	96	SAZ	64.41666
358	9	Re5	D5	327	327	1	16	250	95	96	.	64.5
359	9	Do5#4	C5#4	322	322	1	16	250	95	96	.	64.58334
360	9	Re5	D5	327	327	1	16	250	95	96	.	64.66666
361	9	Mi5	E5	336	336	1	4	1000	95	96	.	65
362	53			0	0	0	0	0	0	0		65
363	9	Mi5	E5	336	336	3	16	750	95	96	Sen	65.25
364	9	Fa5#4	F5#4	344	344	1	16	250	95	96	de 	65.33334
365	9	La5	A5	358	358	3	16	750	99	96	çok 	65.58334
366	9	Sol5	G5	349	349	1	16	250	95	96		65.66666
367	9	Sol5	G5	349	349	3	16	750	99	96	yýl 	65.91666
368	9	Fa5#4	F5#4	344	344	1	16	250	95	96		66
369	9	Mi5	E5	336	336	1	8	500	95	96	ya	66.16666
370	9	Fa5#4	F5#4	344	344	1	8	500	95	96	þa	66.33334
371	9	Sol5	G5	349	349	3	8	1500	95	96	yan 	66.83334
372	9			-1	-1	1	8	500	95	0		67
373	53			0	0	0	0	0	0	0		67
374	9	Mi5	E5	336	336	3	16	750	99	96	sen	67.25
375	9	Re5	D5	327	327	1	16	250	95	96		67.33334
376	9	Mi5	E5	336	336	1	8	500	95	96	de 	67.5
377	9	Sol5	G5	349	349	1	8	500	95	96	ö	67.66666
378	9	Fa5	F5	340	340	3	16	750	99	96	len 	67.91666
379	9	Mi5	E5	336	336	1	16	250	95	96		68
380	9	Sol5	G5	349	349	1	16	250	99	96	sen	68.08334
381	9	Fa5	F5	340	340	1	16	250	99	96		68.16666
382	9	Mi5	E5	336	336	1	16	250	99	96		68.25
383	9	Re5	D5	327	327	1	16	250	95	96		68.33334
384	9	Do5#4	C5#4	322	322	1	8	500	95	96	de 	68.5
385	9	Re5	D5	327	327	1	16	250	99	96	ya	68.58334
386	9	Mi5	E5	336	336	1	16	250	95	96		68.66666
387	9	Do5#4	C5#4	322	322	1	4	1000	100	96	tan  	69
388	9	Do5#4	C5#4	322	322	1	4	1000	95	96		69.33334
389	53			0	0	0	0	0	0	0		69.33334
390	9	Mi5	E5	336	336	1	16	250	95	96	SAZ	69.41666
391	9	Re5	D5	327	327	1	16	250	95	96	.	69.5
392	9	Do5#4	C5#4	322	322	1	16	250	95	96	.	69.58334
393	9	Re5	D5	327	327	1	16	250	95	96	.	69.66666
394	9	Do5#4	C5#4	322	322	1	4	1000	95	96	.	70
395	53			0	0	0	0	0	0	0		70
396	9	Re5	D5	327	327	3	16	750	95	96	Sen	70.25
397	9	Re5	D5	327	327	1	16	250	95	96	de 	70.33334
398	9	La5	A5	358	358	1	4	1000	95	96	çok 	70.66666
399	9	Sol5	G5	349	349	1	8	500	99	96	yýl 	70.83334
400	9	Fa5	F5	340	340	1	8	500	95	96		71
401	9	Mi5	E5	336	336	1	8	500	95	96	ya	71.16666
402	9	Sol5	G5	349	349	1	8	500	95	96	þa	71.33334
403	9	Fa5#1	F5#1	341	341	3	8	1500	99	96	yan 	71.83334
404	9	Mi5	E5	336	336	1	8	500	95	96		72
405	9	Sol5	G5	349	349	1	16	250	99	96	sen	72.08334
406	9	Fa5	F5	340	340	1	16	250	99	96		72.16666
407	9	Mi5	E5	336	336	1	16	250	99	96		72.25
408	9	Re5	D5	327	327	1	16	250	95	96		72.33334
409	9	Do5#4	C5#4	322	322	1	8	500	95	96	de 	72.5
410	9	Re5	D5	327	327	1	16	250	99	96	ö	72.58334
411	9	Mi5	E5	336	336	1	16	250	95	96		72.66666
412	9	Do5#4	C5#4	322	322	1	4	1000	95	96	len 	73
413	53			0	0	0	0	0	0	0		73
414	9	Mi5	E5	336	336	1	4	1000	99	96	sen	73.33334
415	9	Re5	D5	327	327	1	8	500	99	96		73.5
416	9	Do5#4	C5#4	322	322	1	8	500	99	96		73.66666
417	9	Si4b4	B4b4	310	310	3	16	750	99	96		73.91666
418	9	La4	A4	305	305	1	16	250	95	96		74
419	9	Si4b4	B4b4	310	310	1	8	500	95	96	de 	74.16666
420	9	Do5#4	C5#4	322	322	1	8	500	95	96	ya	74.33334
421	9	La4	A4	305	305	1	2	2000	95	96	tan  	75
422	9			-1	-1	1	4	1000	100	0		75.33334
423	53			0	0	0	0	0	0	0		75.33334
424	9	Do5#4	C5#4	322	322	1	12	333	95	96	SAZ	75.44444
425	9	Si4b4	B4b4	310	310	1	12	333	95	96	.	75.55556
426	9	Do5#4	C5#4	322	322	1	12	333	95	96	.	75.66666
427	9	La4	A4	305	305	1	4	1000	95	96	.	76
428	9	Do5#4	C5#4	322	322	1	12	333	95	96	.	76.11111
429	9	Si4b4	B4b4	310	310	1	12	333	95	96	.	76.22222
430	9	Do5#4	C5#4	322	322	1	12	333	95	96	.	76.33334
431	9	La4	A4	305	305	1	4	1000	95	96	.	76.66666
432	53			0	0	0	0	0	0	0		76.66666
433	9	Sol4	G4	296	296	1	8	500	95	96	SESLER	76.83334
434	9	La4	A4	305	305	1	8	500	95	96	LE 	77
435	9	La4	A4	305	305	1	4	1000	95	96	NÝNNÝ 	77.33334
436	9	Si4b4	B4b4	310	310	1	8	500	95	96	.	77.5
437	9	Re5	D5	327	327	1	8	500	95	96	.	77.66666
438	9	Do5#4	C5#4	322	322	1	8	500	95	96	.	77.83334
439	9	Si4b4	B4b4	310	310	1	8	500	95	96	.	78
440	9	Si4b4	B4b4	310	310	1	8	500	95	96	.	78.16666
441	9	La4	A4	305	305	1	8	500	95	96	.	78.33334
442	9	La4	A4	305	305	1	4	1000	95	96	.	78.66666
443	53			0	0	0	0	0	0	0		78.66666
444	9	Do5#4	C5#4	322	322	1	12	333	95	96	SAZ	78.77778
445	9	Si4b4	B4b4	310	310	1	12	333	95	96	.	78.88889
446	9	Do5#4	C5#4	322	322	1	12	333	95	96	.	79
447	9	La4	A4	305	305	1	4	1000	95	96	.	79.33334
448	53			0	0	0	0	0	0	0		79.33334
449	9	Sol4	G4	296	296	1	8	500	95	96	SESLER	79.5
450	9	La4	A4	305	305	1	8	500	95	96	LE 	79.66666
451	9	La4	A4	305	305	1	4	1000	95	96	NÝNNÝ 	80
452	9	Si4b4	B4b4	310	310	1	8	500	95	96	.	80.16666
453	9	Re5	D5	327	327	1	8	500	95	96	.	80.33334
454	9	Do5#4	C5#4	322	322	1	8	500	95	96	.	80.5
455	9	Si4b4	B4b4	310	310	1	8	500	95	96	.	80.66666
456	9	Si4b4	B4b4	310	310	1	8	500	95	96	.	80.83334
457	9	La4	A4	305	305	1	8	500	95	96	.	81
458	9	La4	A4	305	305	1	4	1000	95	96	.	81.33334
459	53			0	0	0	0	0	0	0		81.33334
460	9	La4	A4	305	305	1	12	333	95	96	.	81.44444
461	9	Si4b4	B4b4	310	310	1	12	333	95	96	.	81.55556
462	9	Do5#4	C5#4	322	322	1	12	333	95	96	.	81.66666
463	9	Re5	D5	327	327	1	4	1000	95	96	.	82
464	9	Re5	D5	327	327	3	4	3000	95	96	.	83
465	53			0	0	0	0	0	0	0		83
466	9	Re5	D5	327	327	1	4	1000	101	96	Ah 	83.33334
467	9	Mi5	E5	336	336	1	24	167	99	96		83.38889
468	9	Re5	D5	327	327	1	24	167	99	96		83.44444
469	9	Do5#4	C5#4	322	322	1	24	167	99	96		83.5
470	9	Re5	D5	327	327	1	4	1000	99	96		83.83334
471	9	Mi5	E5	336	336	1	24	167	99	96		83.88889
472	9	Re5	D5	327	327	1	24	167	99	96		83.94444
473	9	Do5#4	C5#4	322	322	1	24	167	99	96		84
474	9	Re5	D5	327	327	1	4	1000	99	96		84.33334
475	9	Mi5	E5	336	336	1	24	167	99	96		84.38889
476	9	Re5	D5	327	327	1	24	167	99	96		84.44444
477	9	Do5#4	C5#4	322	322	1	24	167	99	96		84.5
478	9	Re5	D5	327	327	1	8	500	99	96		84.66666
479	9	Do5#4	C5#4	322	322	1	4	1000	101	96		85
480	9	Re5	D5	327	327	1	16	250	99	96		85.08334
481	9	Do5#4	C5#4	322	322	1	16	250	99	96		85.16666
482	9	Si4b4	B4b4	310	310	1	16	250	99	96		85.25
483	9	La4	A4	305	305	1	16	250	99	96		85.33334
484	9	Sol4	G4	296	296	1	16	250	99	96		85.41666
485	9	La4	A4	305	305	1	16	250	99	96		85.5
486	9	Si4b4	B4b4	310	310	1	16	250	99	96		85.58334
487	9	Do5#4	C5#4	322	322	1	16	250	99	96		85.66666
488	9	Re5	D5	327	327	1	4	1000	101	96		86
489	9	Do5#4	C5#4	322	322	1	4	1000	101	96		86.33334
490	9	Re5	D5	327	327	1	16	250	99	96		86.41666
491	9	Do5#4	C5#4	322	322	1	16	250	99	96		86.5
492	9	Si4b4	B4b4	310	310	1	16	250	99	96		86.58334
493	9	La4	A4	305	305	1	16	250	99	96		86.66666
494	9	Sol4	G4	296	296	1	16	250	99	96		86.75
495	9	La4	A4	305	305	1	16	250	99	96		86.83334
496	9	Si4b4	B4b4	310	310	1	16	250	99	96		86.91666
497	9	Do5#4	C5#4	322	322	1	16	250	95	96		87
498	9	Re5	D5	327	327	3	4	3000	101	96		88
499	53			0	0	0	0	0	0	0		88
500	9	Re5	D5	327	327	1	8	500	95	96	sa	88.16666
501	9	Re5	D5	327	327	1	8	500	95	96	na 	88.33334
502	9	Re5	D5	327	327	1	4	1000	95	96	dün 	88.66666
503	9	La4	A4	305	305	1	4	1000	95	96	bir 	89
504	9	Re5	D5	327	327	1	8	500	95	96	te	89.16666
505	9	Fa5	F5	340	340	1	8	500	95	96	pe	89.33334
506	9	Mi5	E5	336	336	3	16	750	99	96	den 	89.58334
507	9	Re5	D5	327	327	1	16	250	95	96		89.66666
508	9	Do5#4	C5#4	322	322	1	4	1000	95	96	bak	90
509	9	Do5#4	C5#4	322	322	1	8	500	95	96	tým_	90.16666
510	9	Re5	D5	327	327	1	8	500	95	96	a	90.33334
511	9	Mi5	E5	336	336	1	4	1000	99	96	zîz_	90.66666
512	9	Re5	D5	327	327	1	8	500	99	96		90.83334
513	9	Do5#4	C5#4	322	322	1	8	500	95	96		91
514	9	Si4b4	B4b4	310	310	3	16	750	99	96	Ýs	91.25
515	9	La4	A4	305	305	1	16	250	95	96		91.33334
516	9	Si4b4	B4b4	310	310	1	8	500	99	96	tan	91.5
517	9	Do5#4	C5#4	322	322	1	8	500	95	96		91.66666
518	9	La4	A4	305	305	1	4	1000	100	96	bul  	92
519	9	La4	A4	305	305	3	4	3000	95	96		93
520	53			0	0	0	0	0	0	0		93
521	9			-1	-1	1	8	500	100	0		93.16666
522	9	Do5#4	C5#4	322	322	1	8	500	95	96	a	93.33334
523	9	Mi5	E5	336	336	1	4	1000	99	96	zîz_	93.66666
524	9	Re5	D5	327	327	1	8	500	99	96		93.83334
525	9	Do5#4	C5#4	322	322	1	8	500	95	96		94
526	9	Si4b4	B4b4	310	310	3	16	750	99	96	Ýs	94.25
527	9	La4	A4	305	305	1	16	250	95	96		94.33334
528	9	Si4b4	B4b4	310	310	1	8	500	99	96	tan	94.5
529	9	Do5#4	C5#4	322	322	1	8	500	95	96		94.66666
530	9	La4	A4	305	305	1	4	1000	100	96	bul  	95
531	9	La4	A4	305	305	2	4	2000	95	96		95.66666
532	53			0	0	0	0	0	0	0		95.66666
533	9	Do5#4	C5#4	322	322	1	12	333	95	96	SAZ	95.77778
534	9	Si4b4	B4b4	310	310	1	12	333	95	96	.	95.88889
535	9	Do5#4	C5#4	322	322	1	12	333	95	96	.	96
536	9	La4	A4	305	305	1	4	1000	95	96	.	96.33334
537	9	Do5#4	C5#4	322	322	1	12	333	95	96	.	96.44444
538	9	Si4b4	B4b4	310	310	1	12	333	95	96	.	96.55556
539	9	Do5#4	C5#4	322	322	1	12	333	95	96	.	96.66666
540	9	La4	A4	305	305	1	4	1000	95	96	.	97
541	53			0	0	0	0	0	0	0		97
