Sýra	Kod	Nota53	NotaAE	Koma53	KomaAE	Pay	Payda	Ms	LNS	Bas	Soz1	Offset
1	9	La4	A4	305	305	3	32	417	95	96	1. HANE	0.075
2	9	Do5#4	C5#4	322	322	1	32	139	95	96		0.1
3	9	Mi5	E5	336	336	1	16	278	95	96		0.15
4	9	La5	A5	358	358	1	16	278	95	96		0.2
5	9	Mi5	E5	336	336	1	16	278	95	96		0.25
6	9	Do5#4	C5#4	322	322	1	16	278	95	96		0.3
7	9	La4	A4	305	305	1	4	1111	95	96		0.5
8	53			0	0	0	0	0	0	0		0.5
9	9	Sol5	G5	349	349	1	8	556	95	96		0.6
10	9	Fa5#4	F5#4	344	344	1	16	278	95	96		0.65
11	9	Mi5	E5	336	336	1	16	278	95	96		0.7
12	9	Mi5	E5	336	336	3	8	1667	95	96		1
13	53			0	0	0	0	0	0	0		1
14	9	Sol4	G4	296	296	1	8	556	95	96		1.1
15	9	Fa4#4	F4#4	291	291	1	16	278	95	96		1.15
16	9	Mi4	E4	283	283	1	16	278	95	96		1.2
17	9	Mi4	E4	283	283	1	8	556	95	96		1.3
18	53			0	0	0	0	0	0	0		1.3
19	9	La4	A4	305	305	1	24	185	95	96		1.333333
20	9	Sol4	G4	296	296	1	24	185	95	96		1.366667
21	9	La4	A4	305	305	1	24	185	95	96		1.4
22	9	Si4	B4	314	314	1	24	185	95	96		1.433333
23	9	La4	A4	305	305	1	24	185	95	96		1.466667
24	9	Sol4	G4	296	296	1	24	185	95	96		1.5
25	9	Sol4	G4	296	296	1	16	278	95	96		1.55
26	9	Fa4#4	F4#4	291	291	1	16	278	95	96		1.6
27	9	Fa4#4	F4#4	291	291	1	16	278	95	96		1.65
28	9	Mi4	E4	283	283	1	16	278	95	96		1.7
29	9	Mi4	E4	283	283	1	4	1111	95	96		1.9
30	9	Fa4#4	F4#4	291	291	1	24	185	95	96		1.933333
31	9	Mi4	E4	283	283	1	24	185	95	96		1.966667
32	53			0	0	0	0	0	0	0		1.966667
33	9	Fa4#4	F4#4	291	291	1	24	185	95	96		2
34	9	Re4	D4	274	274	1	4	1111	95	96		2.2
35	9	Fa4#4	F4#4	291	291	1	8	556	95	96		2.3
36	9	La4	A4	305	305	1	4	1111	95	96		2.5
37	9	Do5#4	C5#4	322	322	1	8	556	95	96		2.6
38	9	Si4b4	B4b4	310	310	1	16	278	95	96		2.65
39	9	La4	A4	305	305	1	16	278	95	96		2.7
40	9	Si4b4	B4b4	310	310	1	8	556	95	96		2.8
41	9	Do5#4	C5#4	322	322	1	8	556	95	96		2.9
42	9	Si4b4	B4b4	310	310	1	16	278	95	96		2.95
43	9	La4	A4	305	305	1	16	278	95	96		3
44	53			0	0	0	0	0	0	0		3
45	9	Re5	D5	327	327	1	4	1111	95	96		3.2
46	9	Re5	D5	327	327	1	8	556	95	96		3.3
47	9	Re5	D5	327	327	1	24	185	95	96		3.333333
48	9	Mi5	E5	336	336	1	24	185	95	96		3.366667
49	9	Re5	D5	327	327	1	24	185	95	96		3.4
50	9	Do5#4	C5#4	322	322	1	24	185	95	96		3.433333
51	9	Re5	D5	327	327	1	24	185	95	96		3.466667
52	9	Do5#4	C5#4	322	322	1	24	185	95	96		3.5
53	9	Si4b4	B4b4	310	310	1	24	185	95	96		3.533333
54	9	Do5#4	C5#4	322	322	1	24	185	95	96		3.566667
55	9	Si4b4	B4b4	310	310	1	24	185	95	96		3.6
56	9	La4	A4	305	305	1	16	278	95	96		3.65
57	9	Sol4	G4	296	296	1	16	278	95	96		3.7
58	9	Re5	D5	327	327	3	8	1667	95	96		4
59	53			0	0	0	0	0	0	0		4
60	9	Fa5	F5	340	340	1	4	1111	95	96	MÜLÂZÝME 	4.2
61	9	Fa5	F5	340	340	1	16	278	95	96		4.25
62	9	Mi5	E5	336	336	1	16	278	95	96		4.3
63	9	Sol5	G5	349	349	1	16	278	95	96		4.35
64	9	Mi5	E5	336	336	1	8	556	95	96		4.45
65	9	Re5	D5	327	327	1	16	278	95	96		4.5
66	9	Fa5	F5	340	340	1	16	278	95	96		4.55
67	9	Re5	D5	327	327	1	8	556	95	96		4.65
68	9	Do5#4	C5#4	322	322	1	16	278	95	96		4.7
69	9	Mi5	E5	336	336	1	8	556	50	96		4.8
70	9	Do5#4	C5#4	322	322	1	4	1111	50	96		5
71	53			0	0	0	0	0	0	0		5
72	9	Re5	D5	327	327	1	4	1111	95	96		5.2
73	9	Re5	D5	327	327	1	16	278	95	96		5.25
74	9	Do5#4	C5#4	322	322	1	16	278	95	96		5.3
75	9	Mi5	E5	336	336	1	16	278	95	96		5.35
76	9	Do5#4	C5#4	322	322	1	8	556	95	96		5.45
77	9	Si4b4	B4b4	310	310	1	16	278	95	96		5.5
78	9	Re5	D5	327	327	1	16	278	95	96		5.55
79	9	Si4b4	B4b4	310	310	1	8	556	95	96		5.65
80	9	La4	A4	305	305	1	16	278	95	96		5.7
81	9	Si4b4	B4b4	310	310	1	8	556	95	96		5.8
82	9	Sol4	G4	296	296	1	4	1111	95	96		6
83	53			0	0	0	0	0	0	0		6
84	9	La4	A4	305	305	1	4	1111	95	96		6.2
85	9	Fa4#4	F4#4	291	291	1	16	278	95	96		6.25
86	9	La4	A4	305	305	1	16	278	95	96		6.3
87	9	Sol4	G4	296	296	3	32	417	95	96		6.375
88	9	Fa4#4	F4#4	291	291	1	32	139	95	96		6.4
89	9	Sol4	G4	296	296	1	16	278	95	96		6.45
90	9	La4	A4	305	305	1	16	278	95	96		6.5
91	9	Si4b4	B4b4	310	310	3	32	417	95	96		6.575
92	9	La4	A4	305	305	1	32	139	95	96		6.6
93	9	Si4b4	B4b4	310	310	1	16	278	95	96		6.65
94	9	Do5#4	C5#4	322	322	1	16	278	95	96		6.7
95	9	Re5	D5	327	327	1	16	278	95	96		6.75
96	9	Re5	D5	327	327	1	16	278	95	96		6.8
97	9	Do5#4	C5#4	322	322	1	16	278	95	96		6.85
98	9	Si4b4	B4b4	310	310	1	16	278	95	96		6.9
99	9	La4	A4	305	305	1	16	278	95	96		6.95
100	9	Sol4	G4	296	296	1	16	278	95	96		7
101	53			0	0	0	0	0	0	0		7
102	9	Sol5	G5	349	349	1	16	278	95	96		7.05
103	9	Sol5	G5	349	349	1	16	278	95	96		7.1
104	9	Fa5	F5	340	340	1	16	278	95	96		7.15
105	9	Mi5	E5	336	336	1	16	278	95	96		7.2
106	9	Re5	D5	327	327	1	8	556	95	96		7.3
107	9	Do5#4	C5#4	322	322	1	16	278	95	96		7.35
108	9	Si4b4	B4b4	310	310	1	32	139	95	96		7.375
109	9	Do5#4	C5#4	322	322	1	32	139	95	96		7.4
110	9	Re5	D5	327	327	1	16	278	95	96		7.45
111	9	Mi5	E5	336	336	1	16	278	95	96		7.5
112	9	Do5#4	C5#4	322	322	1	16	278	95	96		7.55
113	9	Si4b4	B4b4	310	310	1	16	278	95	96		7.6
114	9	Si4b4	B4b4	310	310	1	16	278	95	96		7.65
115	9	La4	A4	305	305	1	16	278	95	96		7.7
116	9	La4	A4	305	305	3	8	1667	95	96		8
117	53			0	0	0	0	0	0	0		8
118	9	Fa5	F5	340	340	1	4	1111	95	96	MÜLÂZÝME 	8.2
119	9	Fa5	F5	340	340	1	16	278	95	96		8.25
120	9	Mi5	E5	336	336	1	16	278	95	96		8.3
121	9	Sol5	G5	349	349	1	16	278	95	96		8.35
122	9	Mi5	E5	336	336	1	8	556	95	96		8.45
123	9	Re5	D5	327	327	1	16	278	95	96		8.5
124	9	Fa5	F5	340	340	1	16	278	95	96		8.55
125	9	Re5	D5	327	327	1	8	556	95	96		8.65
126	9	Do5#4	C5#4	322	322	1	16	278	95	96		8.7
127	9	Mi5	E5	336	336	1	8	556	50	96		8.8
128	9	Do5#4	C5#4	322	322	1	4	1111	50	96		9
129	53			0	0	0	0	0	0	0		9
130	9	Re5	D5	327	327	1	4	1111	95	96		9.2
131	9	Re5	D5	327	327	1	16	278	95	96		9.25
132	9	Do5#4	C5#4	322	322	1	16	278	95	96		9.3
133	9	Mi5	E5	336	336	1	16	278	95	96		9.35
134	9	Do5#4	C5#4	322	322	1	8	556	95	96		9.45
135	9	Si4b4	B4b4	310	310	1	16	278	95	96		9.5
136	9	Re5	D5	327	327	1	16	278	95	96		9.55
137	9	Si4b4	B4b4	310	310	1	8	556	95	96		9.65
138	9	La4	A4	305	305	1	16	278	95	96		9.7
139	9	Si4b4	B4b4	310	310	1	8	556	95	96		9.8
140	9	Sol4	G4	296	296	1	4	1111	95	96		10
141	53			0	0	0	0	0	0	0		10
142	9	La4	A4	305	305	1	4	1111	95	96		10.2
143	9	Fa4#4	F4#4	291	291	1	16	278	95	96		10.25
144	9	La4	A4	305	305	1	16	278	95	96		10.3
145	9	Sol4	G4	296	296	3	32	417	95	96		10.375
146	9	Fa4#4	F4#4	291	291	1	32	139	95	96		10.4
147	9	Sol4	G4	296	296	1	16	278	95	96		10.45
148	9	La4	A4	305	305	1	16	278	95	96		10.5
149	9	Si4b4	B4b4	310	310	3	32	417	95	96		10.575
150	9	La4	A4	305	305	1	32	139	95	96		10.6
151	9	Si4b4	B4b4	310	310	1	16	278	95	96		10.65
152	9	Do5#4	C5#4	322	322	1	16	278	95	96		10.7
153	9	Re5	D5	327	327	1	16	278	95	96		10.75
154	9	Re5	D5	327	327	1	16	278	95	96		10.8
155	9	Do5#4	C5#4	322	322	1	16	278	95	96		10.85
156	9	Si4b4	B4b4	310	310	1	16	278	95	96		10.9
157	9	La4	A4	305	305	1	16	278	95	96		10.95
158	9	Sol4	G4	296	296	1	16	278	95	96		11
159	53			0	0	0	0	0	0	0		11
160	9	Sol5	G5	349	349	1	16	278	95	96		11.05
161	9	Sol5	G5	349	349	1	16	278	95	96		11.1
162	9	Fa5	F5	340	340	1	16	278	95	96		11.15
163	9	Mi5	E5	336	336	1	16	278	95	96		11.2
164	9	Re5	D5	327	327	1	8	556	95	96		11.3
165	9	Do5#4	C5#4	322	322	1	16	278	95	96		11.35
166	9	Si4b4	B4b4	310	310	1	32	139	95	96		11.375
167	9	Do5#4	C5#4	322	322	1	32	139	95	96		11.4
168	9	Re5	D5	327	327	1	16	278	95	96		11.45
169	9	Mi5	E5	336	336	1	16	278	95	96		11.5
170	9	Do5#4	C5#4	322	322	1	16	278	95	96		11.55
171	9	Si4b4	B4b4	310	310	1	16	278	95	96		11.6
172	9	Si4b4	B4b4	310	310	1	16	278	95	96		11.65
173	9	La4	A4	305	305	1	16	278	95	96		11.7
174	9	La4	A4	305	305	3	8	1667	95	96		12
175	53			0	0	0	0	0	0	0		12
176	54			0	0	0	0	0	0	0	dugah@la4	12
177	9	Do5	C5	318	318	1	4	1111	95	96	2. HANE	12.2
178	9	Do5	C5	318	318	1	8	556	95	96		12.3
179	9	Do5	C5	318	318	1	8	556	95	96		12.4
180	9	Do5	C5	318	318	1	16	278	95	96		12.45
181	9	Re5b4	D5b4	323	323	1	16	278	95	96		12.5
182	9	Do5	C5	318	318	3	32	417	95	96		12.575
183	9	Si4b1	B4b1	313	313	1	32	139	95	96		12.6
184	9	La4	A4	305	305	1	16	278	95	96		12.65
185	9	Si4b1	B4b1	313	313	1	16	278	95	96		12.7
186	9	Do5	C5	318	318	3	16	833	95	96		12.85
187	9	Re5b4	D5b4	323	323	1	16	278	95	96		12.9
188	9	Do5	C5	318	318	1	16	278	95	96		12.95
189	9	Si4b1	B4b1	313	313	1	16	278	95	96		13
190	9	Do5	C5	318	318	1	8	556	95	96		13.1
191	9	Do5	C5	318	318	1	16	278	95	96		13.15
192	9	Si4b1	B4b1	313	313	1	16	278	95	96		13.2
193	9	Si4b1	B4b1	313	313	1	16	278	95	96		13.25
194	9	La4	A4	305	305	1	16	278	95	96		13.3
195	9	Mi5	E5	336	336	1	8	556	95	96		13.4
196	9	Re5b4	D5b4	323	323	1	16	278	95	96		13.45
197	9	Do5	C5	318	318	1	16	278	95	96		13.5
198	9	Re5b4	D5b4	323	323	1	24	185	95	96		13.53333
199	9	Do5	C5	318	318	1	24	185	95	96		13.56667
200	9	Si4b1	B4b1	313	313	1	24	185	95	96		13.6
201	9	Si4b1	B4b1	313	313	1	16	278	95	96		13.65
202	9	La4	A4	305	305	1	16	278	95	96		13.7
203	9	La4	A4	305	305	1	4	1111	95	96		13.9
204	9	Sol4#4	G4#4	300	300	1	8	556	95	96		14
205	9	Fa4	F4	287	287	1	4	1111	95	96		14.2
206	9	Sol4#4	G4#4	300	300	1	8	556	95	96		14.3
207	9	La4	A4	305	305	1	4	1111	95	96		14.5
208	9	Si4b4	B4b4	310	310	3	32	417	95	96		14.575
209	9	La4	A4	305	305	1	32	139	95	96		14.6
210	9	Si4b4	B4b4	310	310	1	16	278	95	96		14.65
211	9	Do5#4	C5#4	322	322	1	16	278	95	96		14.7
212	9	Re5	D5	327	327	1	16	278	95	96		14.75
213	8	Mi5	E5	336	336	0	0	0	95	96		14.75
214	9	Re5	D5	327	327	1	16	278	95	96		14.8
215	9	Do5#4	C5#4	322	322	1	16	278	95	96		14.85
216	9	Si4b4	B4b4	310	310	1	16	278	95	96		14.9
217	9	La4	A4	305	305	1	16	278	95	96		14.95
218	9	Sol4	G4	296	296	1	16	278	95	96		15
219	55			0	0	0	0	0	0	0		15
220	53			0	0	0	0	0	0	0		15
221	9	Re5	D5	327	327	1	4	1111	95	96		15.2
222	9	Re5	D5	327	327	1	8	556	95	96		15.3
223	9	Re5	D5	327	327	1	24	185	95	96		15.33333
224	9	Mi5	E5	336	336	1	24	185	95	96		15.36667
225	9	Re5	D5	327	327	1	24	185	95	96		15.4
226	9	Do5#4	C5#4	322	322	1	24	185	95	96		15.43333
227	9	Re5	D5	327	327	1	24	185	95	96		15.46667
228	9	Do5#4	C5#4	322	322	1	24	185	95	96		15.5
229	9	Si4b4	B4b4	310	310	1	24	185	95	96		15.53333
230	9	Do5#4	C5#4	322	322	1	24	185	95	96		15.56667
231	9	Si4b4	B4b4	310	310	1	24	185	95	96		15.6
232	9	La4	A4	305	305	1	16	278	95	96		15.65
233	9	Sol4	G4	296	296	1	16	278	95	96		15.7
234	9	Re5	D5	327	327	3	8	1667	95	96		16
235	53			0	0	0	0	0	0	0		16
236	54			0	0	0	0	0	0	0	dugah@la4	16
237	9	Do5	C5	318	318	1	4	1111	95	96	2. HANE	16.2
238	9	Do5	C5	318	318	1	8	556	95	96		16.3
239	9	Do5	C5	318	318	1	8	556	95	96		16.4
240	9	Do5	C5	318	318	1	16	278	95	96		16.45
241	9	Re5b4	D5b4	323	323	1	16	278	95	96		16.5
242	9	Do5	C5	318	318	3	32	417	95	96		16.575
243	9	Si4b1	B4b1	313	313	1	32	139	95	96		16.6
244	9	La4	A4	305	305	1	16	278	95	96		16.65
245	9	Si4b1	B4b1	313	313	1	16	278	95	96		16.7
246	9	Do5	C5	318	318	3	16	833	95	96		16.85
247	9	Re5b4	D5b4	323	323	1	16	278	95	96		16.9
248	9	Do5	C5	318	318	1	16	278	95	96		16.95
249	9	Si4b1	B4b1	313	313	1	16	278	95	96		17
250	9	Do5	C5	318	318	1	8	556	95	96		17.1
251	9	Do5	C5	318	318	1	16	278	95	96		17.15
252	9	Si4b1	B4b1	313	313	1	16	278	95	96		17.2
253	9	Si4b1	B4b1	313	313	1	16	278	95	96		17.25
254	9	La4	A4	305	305	1	16	278	95	96		17.3
255	9	Mi5	E5	336	336	1	8	556	95	96		17.4
256	9	Re5b4	D5b4	323	323	1	16	278	95	96		17.45
257	9	Do5	C5	318	318	1	16	278	95	96		17.5
258	9	Re5b4	D5b4	323	323	1	24	185	95	96		17.53333
259	9	Do5	C5	318	318	1	24	185	95	96		17.56667
260	9	Si4b1	B4b1	313	313	1	24	185	95	96		17.6
261	9	Si4b1	B4b1	313	313	1	16	278	95	96		17.65
262	9	La4	A4	305	305	1	16	278	95	96		17.7
263	9	La4	A4	305	305	1	4	1111	95	96		17.9
264	9	Sol4#4	G4#4	300	300	1	8	556	95	96		18
265	9	Fa4	F4	287	287	1	4	1111	95	96		18.2
266	9	Sol4#4	G4#4	300	300	1	8	556	95	96		18.3
267	9	La4	A4	305	305	1	4	1111	95	96		18.5
268	9	Si4b4	B4b4	310	310	3	32	417	95	96		18.575
269	9	La4	A4	305	305	1	32	139	95	96		18.6
270	9	Si4b4	B4b4	310	310	1	16	278	95	96		18.65
271	9	Do5#4	C5#4	322	322	1	16	278	95	96		18.7
272	9	Re5	D5	327	327	1	16	278	95	96		18.75
273	8	Mi5	E5	336	336	0	0	0	95	96		18.75
274	9	Re5	D5	327	327	1	16	278	95	96		18.8
275	9	Do5#4	C5#4	322	322	1	16	278	95	96		18.85
276	9	Si4b4	B4b4	310	310	1	16	278	95	96		18.9
277	9	La4	A4	305	305	1	16	278	95	96		18.95
278	9	Sol4	G4	296	296	1	16	278	95	96		19
279	55			0	0	0	0	0	0	0		19
280	53			0	0	0	0	0	0	0		19
281	9	Re5	D5	327	327	1	4	1111	95	96		19.2
282	9	Re5	D5	327	327	1	8	556	95	96		19.3
283	9	Re5	D5	327	327	1	24	185	95	96		19.33333
284	9	Mi5	E5	336	336	1	24	185	95	96		19.36667
285	9	Re5	D5	327	327	1	24	185	95	96		19.4
286	9	Do5#4	C5#4	322	322	1	24	185	95	96		19.43333
287	9	Re5	D5	327	327	1	24	185	95	96		19.46667
288	9	Do5#4	C5#4	322	322	1	24	185	95	96		19.5
289	9	Si4b4	B4b4	310	310	1	24	185	95	96		19.53333
290	9	Do5#4	C5#4	322	322	1	24	185	95	96		19.56667
291	9	Si4b4	B4b4	310	310	1	24	185	95	96		19.6
292	9	La4	A4	305	305	1	16	278	95	96		19.65
293	9	Sol4	G4	296	296	1	16	278	95	96		19.7
294	9	Re5	D5	327	327	3	8	1667	95	96		20
295	53			0	0	0	0	0	0	0		20
296	9	Fa5	F5	340	340	1	4	1111	95	96	MÜLÂZÝME 	20.2
297	9	Fa5	F5	340	340	1	16	278	95	96		20.25
298	9	Mi5	E5	336	336	1	16	278	95	96		20.3
299	9	Sol5	G5	349	349	1	16	278	95	96		20.35
300	9	Mi5	E5	336	336	1	8	556	95	96		20.45
301	9	Re5	D5	327	327	1	16	278	95	96		20.5
302	9	Fa5	F5	340	340	1	16	278	95	96		20.55
303	9	Re5	D5	327	327	1	8	556	95	96		20.65
304	9	Do5#4	C5#4	322	322	1	16	278	95	96		20.7
305	9	Mi5	E5	336	336	1	8	556	50	96		20.8
306	9	Do5#4	C5#4	322	322	1	4	1111	50	96		21
307	53			0	0	0	0	0	0	0		21
308	9	Re5	D5	327	327	1	4	1111	95	96		21.2
309	9	Re5	D5	327	327	1	16	278	95	96		21.25
310	9	Do5#4	C5#4	322	322	1	16	278	95	96		21.3
311	9	Mi5	E5	336	336	1	16	278	95	96		21.35
312	9	Do5#4	C5#4	322	322	1	8	556	95	96		21.45
313	9	Si4b4	B4b4	310	310	1	16	278	95	96		21.5
314	9	Re5	D5	327	327	1	16	278	95	96		21.55
315	9	Si4b4	B4b4	310	310	1	8	556	95	96		21.65
316	9	La4	A4	305	305	1	16	278	95	96		21.7
317	9	Si4b4	B4b4	310	310	1	8	556	95	96		21.8
318	9	Sol4	G4	296	296	1	4	1111	95	96		22
319	53			0	0	0	0	0	0	0		22
320	9	La4	A4	305	305	1	4	1111	95	96		22.2
321	9	Fa4#4	F4#4	291	291	1	16	278	95	96		22.25
322	9	La4	A4	305	305	1	16	278	95	96		22.3
323	9	Sol4	G4	296	296	3	32	417	95	96		22.375
324	9	Fa4#4	F4#4	291	291	1	32	139	95	96		22.4
325	9	Sol4	G4	296	296	1	16	278	95	96		22.45
326	9	La4	A4	305	305	1	16	278	95	96		22.5
327	9	Si4b4	B4b4	310	310	3	32	417	95	96		22.575
328	9	La4	A4	305	305	1	32	139	95	96		22.6
329	9	Si4b4	B4b4	310	310	1	16	278	95	96		22.65
330	9	Do5#4	C5#4	322	322	1	16	278	95	96		22.7
331	9	Re5	D5	327	327	1	16	278	95	96		22.75
332	9	Re5	D5	327	327	1	16	278	95	96		22.8
333	9	Do5#4	C5#4	322	322	1	16	278	95	96		22.85
334	9	Si4b4	B4b4	310	310	1	16	278	95	96		22.9
335	9	La4	A4	305	305	1	16	278	95	96		22.95
336	9	Sol4	G4	296	296	1	16	278	95	96		23
337	53			0	0	0	0	0	0	0		23
338	9	Sol5	G5	349	349	1	16	278	95	96		23.05
339	9	Sol5	G5	349	349	1	16	278	95	96		23.1
340	9	Fa5	F5	340	340	1	16	278	95	96		23.15
341	9	Mi5	E5	336	336	1	16	278	95	96		23.2
342	9	Re5	D5	327	327	1	8	556	95	96		23.3
343	9	Do5#4	C5#4	322	322	1	16	278	95	96		23.35
344	9	Si4b4	B4b4	310	310	1	32	139	95	96		23.375
345	9	Do5#4	C5#4	322	322	1	32	139	95	96		23.4
346	9	Re5	D5	327	327	1	16	278	95	96		23.45
347	9	Mi5	E5	336	336	1	16	278	95	96		23.5
348	9	Do5#4	C5#4	322	322	1	16	278	95	96		23.55
349	9	Si4b4	B4b4	310	310	1	16	278	95	96		23.6
350	9	Si4b4	B4b4	310	310	1	16	278	95	96		23.65
351	9	La4	A4	305	305	1	16	278	95	96		23.7
352	9	La4	A4	305	305	3	8	1667	95	96		24
353	53			0	0	0	0	0	0	0		24
354	9	Fa5	F5	340	340	1	4	1111	95	96	MÜLÂZÝME 	24.2
355	9	Fa5	F5	340	340	1	16	278	95	96		24.25
356	9	Mi5	E5	336	336	1	16	278	95	96		24.3
357	9	Sol5	G5	349	349	1	16	278	95	96		24.35
358	9	Mi5	E5	336	336	1	8	556	95	96		24.45
359	9	Re5	D5	327	327	1	16	278	95	96		24.5
360	9	Fa5	F5	340	340	1	16	278	95	96		24.55
361	9	Re5	D5	327	327	1	8	556	95	96		24.65
362	9	Do5#4	C5#4	322	322	1	16	278	95	96		24.7
363	9	Mi5	E5	336	336	1	8	556	50	96		24.8
364	9	Do5#4	C5#4	322	322	1	4	1111	50	96		25
365	53			0	0	0	0	0	0	0		25
366	9	Re5	D5	327	327	1	4	1111	95	96		25.2
367	9	Re5	D5	327	327	1	16	278	95	96		25.25
368	9	Do5#4	C5#4	322	322	1	16	278	95	96		25.3
369	9	Mi5	E5	336	336	1	16	278	95	96		25.35
370	9	Do5#4	C5#4	322	322	1	8	556	95	96		25.45
371	9	Si4b4	B4b4	310	310	1	16	278	95	96		25.5
372	9	Re5	D5	327	327	1	16	278	95	96		25.55
373	9	Si4b4	B4b4	310	310	1	8	556	95	96		25.65
374	9	La4	A4	305	305	1	16	278	95	96		25.7
375	9	Si4b4	B4b4	310	310	1	8	556	95	96		25.8
376	9	Sol4	G4	296	296	1	4	1111	95	96		26
377	53			0	0	0	0	0	0	0		26
378	9	La4	A4	305	305	1	4	1111	95	96		26.2
379	9	Fa4#4	F4#4	291	291	1	16	278	95	96		26.25
380	9	La4	A4	305	305	1	16	278	95	96		26.3
381	9	Sol4	G4	296	296	3	32	417	95	96		26.375
382	9	Fa4#4	F4#4	291	291	1	32	139	95	96		26.4
383	9	Sol4	G4	296	296	1	16	278	95	96		26.45
384	9	La4	A4	305	305	1	16	278	95	96		26.5
385	9	Si4b4	B4b4	310	310	3	32	417	95	96		26.575
386	9	La4	A4	305	305	1	32	139	95	96		26.6
387	9	Si4b4	B4b4	310	310	1	16	278	95	96		26.65
388	9	Do5#4	C5#4	322	322	1	16	278	95	96		26.7
389	9	Re5	D5	327	327	1	16	278	95	96		26.75
390	9	Re5	D5	327	327	1	16	278	95	96		26.8
391	9	Do5#4	C5#4	322	322	1	16	278	95	96		26.85
392	9	Si4b4	B4b4	310	310	1	16	278	95	96		26.9
393	9	La4	A4	305	305	1	16	278	95	96		26.95
394	9	Sol4	G4	296	296	1	16	278	95	96		27
395	53			0	0	0	0	0	0	0		27
396	9	Sol5	G5	349	349	1	16	278	95	96		27.05
397	9	Sol5	G5	349	349	1	16	278	95	96		27.1
398	9	Fa5	F5	340	340	1	16	278	95	96		27.15
399	9	Mi5	E5	336	336	1	16	278	95	96		27.2
400	9	Re5	D5	327	327	1	8	556	95	96		27.3
401	9	Do5#4	C5#4	322	322	1	16	278	95	96		27.35
402	9	Si4b4	B4b4	310	310	1	32	139	95	96		27.375
403	9	Do5#4	C5#4	322	322	1	32	139	95	96		27.4
404	9	Re5	D5	327	327	1	16	278	95	96		27.45
405	9	Mi5	E5	336	336	1	16	278	95	96		27.5
406	9	Do5#4	C5#4	322	322	1	16	278	95	96		27.55
407	9	Si4b4	B4b4	310	310	1	16	278	95	96		27.6
408	9	Si4b4	B4b4	310	310	1	16	278	95	96		27.65
409	9	La4	A4	305	305	1	16	278	95	96		27.7
410	9	La4	A4	305	305	3	8	1667	95	96		28
411	53			0	0	0	0	0	0	0		28
412	9	Mi5	E5	336	336	1	4	1111	95	96	3. HANE	28.2
413	9	La4	A4	305	305	1	8	556	95	96		28.3
414	9	Mi5	E5	336	336	1	8	556	95	96		28.4
415	9	Mi5	E5	336	336	1	16	278	95	96		28.45
416	9	Re5	D5	327	327	1	16	278	95	96		28.5
417	9	Fa5#4	F5#4	344	344	1	8	556	95	96		28.6
418	9	Fa5#4	F5#4	344	344	1	16	278	95	96		28.65
419	9	Mi5	E5	336	336	1	16	278	95	96		28.7
420	9	Sol5	G5	349	349	1	8	556	95	96		28.8
421	9	Fa5#4	F5#4	344	344	1	16	278	95	96		28.85
422	9	Mi5	E5	336	336	1	16	278	95	96		28.9
423	9	Re5	D5	327	327	1	8	556	95	96		29
424	53			0	0	0	0	0	0	0		29
425	9	Fa6	F6	393	393	1	16	278	95	96		29.05
426	9	Mi6	E6	389	389	1	16	278	95	96		29.1
427	9	Re6	D6	380	380	1	16	278	95	96		29.15
428	9	Do6	C6	371	371	1	16	278	95	96		29.2
429	9	Si5	B5	367	367	1	16	278	95	96		29.25
430	9	La5	A5	358	358	1	16	278	95	96		29.3
431	9	Sol5	G5	349	349	3	16	833	95	96		29.45
432	9	Fa5#4	F5#4	344	344	1	16	278	95	96		29.5
433	9	La5	A5	358	358	1	32	139	95	96		29.525
434	9	Sol5	G5	349	349	1	32	139	95	96		29.55
435	9	Fa5#4	F5#4	344	344	1	16	278	95	96		29.6
436	9	Fa5#4	F5#4	344	344	1	16	278	95	96		29.65
437	9	Mi5	E5	336	336	1	16	278	95	96		29.7
438	9	Mi5	E5	336	336	3	8	1667	95	96		30
439	53			0	0	0	0	0	0	0		30
440	9	Mi5	E5	336	336	1	4	1111	95	96		30.2
441	9	Si5b4	B5b4	363	363	1	8	556	95	96		30.3
442	9	La5	A5	358	358	1	24	185	95	96		30.33333
443	9	Fa5	F5	340	340	1	24	185	95	96		30.36667
444	9	La5	A5	358	358	1	24	185	95	96		30.4
445	9	Sol5	G5	349	349	1	24	185	95	96		30.43333
446	9	Mi5	E5	336	336	1	24	185	95	96		30.46667
447	9	Sol5	G5	349	349	1	24	185	95	96		30.5
448	9	Fa5	F5	340	340	1	24	185	95	96		30.53333
449	9	Re5	D5	327	327	1	24	185	95	96		30.56667
450	9	Fa5	F5	340	340	1	24	185	95	96		30.6
451	9	Mi5	E5	336	336	1	24	185	95	96		30.63333
452	9	Do5#4	C5#4	322	322	1	24	185	95	96		30.66667
453	9	Mi5	E5	336	336	1	24	185	95	96		30.7
454	9	Re5	D5	327	327	1	24	185	95	96		30.73333
455	9	Si4b4	B4b4	310	310	1	24	185	95	96		30.76667
456	9	Re5	D5	327	327	1	24	185	95	96		30.8
457	9	Do5#4	C5#4	322	322	1	24	185	95	96		30.83333
458	9	La4	A4	305	305	1	24	185	95	96		30.86667
459	9	Do5#4	C5#4	322	322	1	24	185	95	96		30.9
460	9	Si4b4	B4b4	310	310	1	16	278	95	96		30.95
461	9	La4	A4	305	305	1	16	278	95	96		31
462	9	Re5	D5	327	327	1	4	1111	95	96		31.2
463	53			0	0	0	0	0	0	0		31.2
464	9	Re5	D5	327	327	1	8	556	95	96		31.3
465	9	Re5	D5	327	327	1	24	185	95	96		31.33333
466	9	Mi5	E5	336	336	1	24	185	95	96		31.36667
467	9	Re5	D5	327	327	1	24	185	95	96		31.4
468	9	Do5#4	C5#4	322	322	1	24	185	95	96		31.43333
469	9	Re5	D5	327	327	1	24	185	95	96		31.46667
470	9	Do5#4	C5#4	322	322	1	24	185	95	96		31.5
471	9	Si4b4	B4b4	310	310	1	24	185	95	96		31.53333
472	9	Do5#4	C5#4	322	322	1	24	185	95	96		31.56667
473	9	Si4b4	B4b4	310	310	1	24	185	95	96		31.6
474	9	La4	A4	305	305	1	16	278	95	96		31.65
475	9	Sol4	G4	296	296	1	16	278	95	96		31.7
476	9	Re5	D5	327	327	3	8	1667	95	96		32
477	53			0	0	0	0	0	0	0		32
478	9	Mi5	E5	336	336	1	4	1111	95	96	3. HANE	32.2
479	9	La4	A4	305	305	1	8	556	95	96		32.3
480	9	Mi5	E5	336	336	1	8	556	95	96		32.4
481	9	Mi5	E5	336	336	1	16	278	95	96		32.45
482	9	Re5	D5	327	327	1	16	278	95	96		32.5
483	9	Fa5#4	F5#4	344	344	1	8	556	95	96		32.6
484	9	Fa5#4	F5#4	344	344	1	16	278	95	96		32.65
485	9	Mi5	E5	336	336	1	16	278	95	96		32.7
486	9	Sol5	G5	349	349	1	8	556	95	96		32.8
487	9	Fa5#4	F5#4	344	344	1	16	278	95	96		32.85
488	9	Mi5	E5	336	336	1	16	278	95	96		32.9
489	9	Re5	D5	327	327	1	8	556	95	96		33
490	53			0	0	0	0	0	0	0		33
491	9	Fa6	F6	393	393	1	16	278	95	96		33.05
492	9	Mi6	E6	389	389	1	16	278	95	96		33.1
493	9	Re6	D6	380	380	1	16	278	95	96		33.15
494	9	Do6	C6	371	371	1	16	278	95	96		33.2
495	9	Si5	B5	367	367	1	16	278	95	96		33.25
496	9	La5	A5	358	358	1	16	278	95	96		33.3
497	9	Sol5	G5	349	349	3	16	833	95	96		33.45
498	9	Fa5#4	F5#4	344	344	1	16	278	95	96		33.5
499	9	La5	A5	358	358	1	32	139	95	96		33.525
500	9	Sol5	G5	349	349	1	32	139	95	96		33.55
501	9	Fa5#4	F5#4	344	344	1	16	278	95	96		33.6
502	9	Fa5#4	F5#4	344	344	1	16	278	95	96		33.65
503	9	Mi5	E5	336	336	1	16	278	95	96		33.7
504	9	Mi5	E5	336	336	3	8	1667	95	96		34
505	53			0	0	0	0	0	0	0		34
506	9	Mi5	E5	336	336	1	4	1111	95	96		34.2
507	9	Si5b4	B5b4	363	363	1	8	556	95	96		34.3
508	9	La5	A5	358	358	1	24	185	95	96		34.33333
509	9	Fa5	F5	340	340	1	24	185	95	96		34.36666
510	9	La5	A5	358	358	1	24	185	95	96		34.4
511	9	Sol5	G5	349	349	1	24	185	95	96		34.43333
512	9	Mi5	E5	336	336	1	24	185	95	96		34.46667
513	9	Sol5	G5	349	349	1	24	185	95	96		34.5
514	9	Fa5	F5	340	340	1	24	185	95	96		34.53333
515	9	Re5	D5	327	327	1	24	185	95	96		34.56667
516	9	Fa5	F5	340	340	1	24	185	95	96		34.6
517	9	Mi5	E5	336	336	1	24	185	95	96		34.63334
518	9	Do5#4	C5#4	322	322	1	24	185	95	96		34.66667
519	9	Mi5	E5	336	336	1	24	185	95	96		34.7
520	9	Re5	D5	327	327	1	24	185	95	96		34.73333
521	9	Si4b4	B4b4	310	310	1	24	185	95	96		34.76667
522	9	Re5	D5	327	327	1	24	185	95	96		34.8
523	9	Do5#4	C5#4	322	322	1	24	185	95	96		34.83333
524	9	La4	A4	305	305	1	24	185	95	96		34.86666
525	9	Do5#4	C5#4	322	322	1	24	185	95	96		34.9
526	9	Si4b4	B4b4	310	310	1	16	278	95	96		34.95
527	9	La4	A4	305	305	1	16	278	95	96		35
528	9	Re5	D5	327	327	1	4	1111	95	96		35.2
529	53			0	0	0	0	0	0	0		35.2
530	9	Re5	D5	327	327	1	8	556	95	96		35.3
531	9	Re5	D5	327	327	1	24	185	95	96		35.33333
532	9	Mi5	E5	336	336	1	24	185	95	96		35.36666
533	9	Re5	D5	327	327	1	24	185	95	96		35.4
534	9	Do5#4	C5#4	322	322	1	24	185	95	96		35.43333
535	9	Re5	D5	327	327	1	24	185	95	96		35.46667
536	9	Do5#4	C5#4	322	322	1	24	185	95	96		35.5
537	9	Si4b4	B4b4	310	310	1	24	185	95	96		35.53333
538	9	Do5#4	C5#4	322	322	1	24	185	95	96		35.56667
539	9	Si4b4	B4b4	310	310	1	24	185	95	96		35.6
540	9	La4	A4	305	305	1	16	278	95	96		35.65
541	9	Sol4	G4	296	296	1	16	278	95	96		35.7
542	9	Re5	D5	327	327	3	8	1667	95	96		36
543	53			0	0	0	0	0	0	0		36
544	9	Fa5	F5	340	340	1	4	1111	95	96	MÜLÂZÝME 	36.2
545	9	Fa5	F5	340	340	1	16	278	95	96		36.25
546	9	Mi5	E5	336	336	1	16	278	95	96		36.3
547	9	Sol5	G5	349	349	1	16	278	95	96		36.35
548	9	Mi5	E5	336	336	1	8	556	95	96		36.45
549	9	Re5	D5	327	327	1	16	278	95	96		36.5
550	9	Fa5	F5	340	340	1	16	278	95	96		36.55
551	9	Re5	D5	327	327	1	8	556	95	96		36.65
552	9	Do5#4	C5#4	322	322	1	16	278	95	96		36.7
553	9	Mi5	E5	336	336	1	8	556	50	96		36.8
554	9	Do5#4	C5#4	322	322	1	4	1111	50	96		37
555	53			0	0	0	0	0	0	0		37
556	9	Re5	D5	327	327	1	4	1111	95	96		37.2
557	9	Re5	D5	327	327	1	16	278	95	96		37.25
558	9	Do5#4	C5#4	322	322	1	16	278	95	96		37.3
559	9	Mi5	E5	336	336	1	16	278	95	96		37.35
560	9	Do5#4	C5#4	322	322	1	8	556	95	96		37.45
561	9	Si4b4	B4b4	310	310	1	16	278	95	96		37.5
562	9	Re5	D5	327	327	1	16	278	95	96		37.55
563	9	Si4b4	B4b4	310	310	1	8	556	95	96		37.65
564	9	La4	A4	305	305	1	16	278	95	96		37.7
565	9	Si4b4	B4b4	310	310	1	8	556	95	96		37.8
566	9	Sol4	G4	296	296	1	4	1111	95	96		38
567	53			0	0	0	0	0	0	0		38
568	9	La4	A4	305	305	1	4	1111	95	96		38.2
569	9	Fa4#4	F4#4	291	291	1	16	278	95	96		38.25
570	9	La4	A4	305	305	1	16	278	95	96		38.3
571	9	Sol4	G4	296	296	3	32	417	95	96		38.375
572	9	Fa4#4	F4#4	291	291	1	32	139	95	96		38.4
573	9	Sol4	G4	296	296	1	16	278	95	96		38.45
574	9	La4	A4	305	305	1	16	278	95	96		38.5
575	9	Si4b4	B4b4	310	310	3	32	417	95	96		38.575
576	9	La4	A4	305	305	1	32	139	95	96		38.6
577	9	Si4b4	B4b4	310	310	1	16	278	95	96		38.65
578	9	Do5#4	C5#4	322	322	1	16	278	95	96		38.7
579	9	Re5	D5	327	327	1	16	278	95	96		38.75
580	9	Re5	D5	327	327	1	16	278	95	96		38.8
581	9	Do5#4	C5#4	322	322	1	16	278	95	96		38.85
582	9	Si4b4	B4b4	310	310	1	16	278	95	96		38.9
583	9	La4	A4	305	305	1	16	278	95	96		38.95
584	9	Sol4	G4	296	296	1	16	278	95	96		39
585	53			0	0	0	0	0	0	0		39
586	9	Sol5	G5	349	349	1	16	278	95	96		39.05
587	9	Sol5	G5	349	349	1	16	278	95	96		39.1
588	9	Fa5	F5	340	340	1	16	278	95	96		39.15
589	9	Mi5	E5	336	336	1	16	278	95	96		39.2
590	9	Re5	D5	327	327	1	8	556	95	96		39.3
591	9	Do5#4	C5#4	322	322	1	16	278	95	96		39.35
592	9	Si4b4	B4b4	310	310	1	32	139	95	96		39.375
593	9	Do5#4	C5#4	322	322	1	32	139	95	96		39.4
594	9	Re5	D5	327	327	1	16	278	95	96		39.45
595	9	Mi5	E5	336	336	1	16	278	95	96		39.5
596	9	Do5#4	C5#4	322	322	1	16	278	95	96		39.55
597	9	Si4b4	B4b4	310	310	1	16	278	95	96		39.6
598	9	Si4b4	B4b4	310	310	1	16	278	95	96		39.65
599	9	La4	A4	305	305	1	16	278	95	96		39.7
600	9	La4	A4	305	305	3	8	1667	95	96		40
601	53			0	0	0	0	0	0	0		40
602	9	Fa5	F5	340	340	1	4	1111	95	96	MÜLÂZÝME 	40.2
603	9	Fa5	F5	340	340	1	16	278	95	96		40.25
604	9	Mi5	E5	336	336	1	16	278	95	96		40.3
605	9	Sol5	G5	349	349	1	16	278	95	96		40.35
606	9	Mi5	E5	336	336	1	8	556	95	96		40.45
607	9	Re5	D5	327	327	1	16	278	95	96		40.5
608	9	Fa5	F5	340	340	1	16	278	95	96		40.55
609	9	Re5	D5	327	327	1	8	556	95	96		40.65
610	9	Do5#4	C5#4	322	322	1	16	278	95	96		40.7
611	9	Mi5	E5	336	336	1	8	556	50	96		40.8
612	9	Do5#4	C5#4	322	322	1	4	1111	50	96		41
613	53			0	0	0	0	0	0	0		41
614	9	Re5	D5	327	327	1	4	1111	95	96		41.2
615	9	Re5	D5	327	327	1	16	278	95	96		41.25
616	9	Do5#4	C5#4	322	322	1	16	278	95	96		41.3
617	9	Mi5	E5	336	336	1	16	278	95	96		41.35
618	9	Do5#4	C5#4	322	322	1	8	556	95	96		41.45
619	9	Si4b4	B4b4	310	310	1	16	278	95	96		41.5
620	9	Re5	D5	327	327	1	16	278	95	96		41.55
621	9	Si4b4	B4b4	310	310	1	8	556	95	96		41.65
622	9	La4	A4	305	305	1	16	278	95	96		41.7
623	9	Si4b4	B4b4	310	310	1	8	556	95	96		41.8
624	9	Sol4	G4	296	296	1	4	1111	95	96		42
625	53			0	0	0	0	0	0	0		42
626	9	La4	A4	305	305	1	4	1111	95	96		42.2
627	9	Fa4#4	F4#4	291	291	1	16	278	95	96		42.25
628	9	La4	A4	305	305	1	16	278	95	96		42.3
629	9	Sol4	G4	296	296	3	32	417	95	96		42.375
630	9	Fa4#4	F4#4	291	291	1	32	139	95	96		42.4
631	9	Sol4	G4	296	296	1	16	278	95	96		42.45
632	9	La4	A4	305	305	1	16	278	95	96		42.5
633	9	Si4b4	B4b4	310	310	3	32	417	95	96		42.575
634	9	La4	A4	305	305	1	32	139	95	96		42.6
635	9	Si4b4	B4b4	310	310	1	16	278	95	96		42.65
636	9	Do5#4	C5#4	322	322	1	16	278	95	96		42.7
637	9	Re5	D5	327	327	1	16	278	95	96		42.75
638	9	Re5	D5	327	327	1	16	278	95	96		42.8
639	9	Do5#4	C5#4	322	322	1	16	278	95	96		42.85
640	9	Si4b4	B4b4	310	310	1	16	278	95	96		42.9
641	9	La4	A4	305	305	1	16	278	95	96		42.95
642	9	Sol4	G4	296	296	1	16	278	95	96		43
643	53			0	0	0	0	0	0	0		43
644	9	Sol5	G5	349	349	1	16	278	95	96		43.05
645	9	Sol5	G5	349	349	1	16	278	95	96		43.1
646	9	Fa5	F5	340	340	1	16	278	95	96		43.15
647	9	Mi5	E5	336	336	1	16	278	95	96		43.2
648	9	Re5	D5	327	327	1	8	556	95	96		43.3
649	9	Do5#4	C5#4	322	322	1	16	278	95	96		43.35
650	9	Si4b4	B4b4	310	310	1	32	139	95	96		43.375
651	9	Do5#4	C5#4	322	322	1	32	139	95	96		43.4
652	9	Re5	D5	327	327	1	16	278	95	96		43.45
653	9	Mi5	E5	336	336	1	16	278	95	96		43.5
654	9	Do5#4	C5#4	322	322	1	16	278	95	96		43.55
655	9	Si4b4	B4b4	310	310	1	16	278	95	96		43.6
656	9	Si4b4	B4b4	310	310	1	16	278	95	96		43.65
657	9	La4	A4	305	305	1	16	278	95	96		43.7
658	9	La4	A4	305	305	3	8	1667	95	96		44
659	53			0	0	0	0	0	0	0		44
660	51			0	0	3	4	0	4	0	Semâî	44
661	9	La4	A4	305	305	3	4	1200	95	96	4. HANE	45
662	9	La4	A4	305	305	1	8	200	95	96		45.16667
663	9	Do5#4	C5#4	322	322	1	8	200	95	96		45.33333
664	9	Mi5	E5	336	336	1	4	400	95	96		45.66667
665	9	Re5	D5	327	327	1	4	400	95	96		46
666	53			0	0	0	0	0	0	0		46
667	9	La4	A4	305	305	3	4	1200	95	96		47
668	9	La4	A4	305	305	1	8	200	95	96		47.16667
669	9	Re5	D5	327	327	1	8	200	95	96		47.33333
670	9	Fa5#4	F5#4	344	344	1	4	400	95	96		47.66667
671	9	Re5	D5	327	327	1	4	400	95	96		48
672	53			0	0	0	0	0	0	0		48
673	9	Mi5	E5	336	336	3	4	1200	95	96		49
674	9	Re5	D5	327	327	1	8	200	95	96		49.16667
675	9	Mi5	E5	336	336	1	8	200	95	96		49.33333
676	9	Sol5	G5	349	349	1	4	400	95	96		49.66667
677	9	Mi5	E5	336	336	1	4	400	95	96		50
678	53			0	0	0	0	0	0	0		50
679	9	Fa5#4	F5#4	344	344	3	4	1200	95	96		51
680	9	Fa5#4	F5#4	344	344	1	4	400	95	96		51.33333
681	9	Mi5	E5	336	336	1	4	400	95	96		51.66667
682	9	Re5	D5	327	327	1	4	400	95	96		52
683	53			0	0	0	0	0	0	0		52
684	9	La4	A4	305	305	3	4	1200	95	96		53
685	9	La4	A4	305	305	1	8	200	95	96		53.16667
686	9	Do5#4	C5#4	322	322	1	8	200	95	96		53.33333
687	9	Mi5	E5	336	336	1	4	400	95	96		53.66667
688	9	Do5#4	C5#4	322	322	1	4	400	95	96		54
689	53			0	0	0	0	0	0	0		54
690	9	La4	A4	305	305	3	4	1200	95	96		55
691	9	La4	A4	305	305	1	8	200	95	96		55.16667
692	9	Re5	D5	327	327	1	8	200	95	96		55.33333
693	9	Fa5#4	F5#4	344	344	1	4	400	95	96		55.66667
694	9	Re5	D5	327	327	1	4	400	95	96		56
695	53			0	0	0	0	0	0	0		56
696	9	Mi5	E5	336	336	3	4	1200	95	96		57
697	9	Re5	D5	327	327	1	8	200	95	96		57.16667
698	9	Si5b4	B5b4	363	363	1	8	200	95	96		57.33333
699	9	La5	A5	358	358	1	4	400	95	96		57.66667
700	9	Sol5#4	G5#4	353	353	1	4	400	95	96		58
701	53			0	0	0	0	0	0	0		58
702	9	La5	A5	358	358	3	4	1200	95	96		59
703	9	La5	A5	358	358	1	8	200	95	96		59.16667
704	9	Si5b4	B5b4	363	363	1	8	200	95	96		59.33333
705	9	Do6#4	C6#4	375	375	1	8	200	95	96		59.5
706	9	Do6#4	C6#4	375	375	1	8	200	95	96		59.66667
707	9	La5	A5	358	358	1	4	400	95	96		60
708	53			0	0	0	0	0	0	0		60
709	9	La5	A5	358	358	3	16	300	95	96		60.25
710	9	Sol5	G5	349	349	1	16	100	95	96		60.33333
711	9	La5	A5	358	358	1	8	200	95	96		60.5
712	9	Si5b4	B5b4	363	363	1	8	200	95	96		60.66667
713	9	La5	A5	358	358	1	8	200	95	96		60.83333
714	9	Sol5	G5	349	349	1	8	200	95	96		61
715	9	Fa5#4	F5#4	344	344	3	16	300	95	96		61.25
716	9	Mi5	E5	336	336	1	16	100	95	96		61.33333
717	9	Fa5#4	F5#4	344	344	1	8	200	95	96		61.5
718	9	Sol5	G5	349	349	1	8	200	95	96		61.66667
719	9	Fa5#4	F5#4	344	344	1	8	200	95	96		61.83333
720	9	Mi5	E5	336	336	1	8	200	95	96		62
721	9	Re5	D5	327	327	3	16	300	95	96		62.25
722	9	Do5#4	C5#4	322	322	1	16	100	95	96		62.33333
723	9	Re5	D5	327	327	1	8	200	95	96		62.5
724	9	Mi5	E5	336	336	1	8	200	95	96		62.66667
725	9	Fa5#4	F5#4	344	344	1	8	200	95	96		62.83333
726	9	Re5	D5	327	327	1	8	200	95	96		63
727	9	Mi5	E5	336	336	3	4	1200	95	96		64
728	53			0	0	0	0	0	0	0		64
729	9	Sol5	G5	349	349	3	16	300	95	96		64.25
730	9	Fa5#4	F5#4	344	344	1	16	100	95	96		64.33334
731	9	Sol5	G5	349	349	1	8	200	95	96		64.5
732	9	La5	A5	358	358	1	8	200	95	96		64.66666
733	9	Sol5	G5	349	349	1	8	200	95	96		64.83334
734	9	Fa5	F5	340	340	1	8	200	95	96		65
735	9	Mi5	E5	336	336	3	16	300	95	96		65.25
736	9	Re5	D5	327	327	1	16	100	95	96		65.33334
737	9	Mi5	E5	336	336	1	8	200	95	96		65.5
738	9	Fa5	F5	340	340	1	8	200	95	96		65.66666
739	9	Mi5	E5	336	336	1	8	200	95	96		65.83334
740	9	Re5	D5	327	327	1	8	200	95	96		66
741	9	Do5#4	C5#4	322	322	1	8	200	95	96		66.16666
742	9	Re5	D5	327	327	1	8	200	95	96		66.33334
743	9	Do5#4	C5#4	322	322	1	8	200	95	96		66.5
744	9	Si4b4	B4b4	310	310	1	8	200	95	96		66.66666
745	9	Si4b4	B4b4	310	310	1	8	200	95	96		66.83334
746	9	La4	A4	305	305	1	8	200	95	96		67
747	9	La4	A4	305	305	3	4	1200	95	96		68
748	53			0	0	0	0	0	0	0		68
749	9	La5	A5	358	358	3	16	300	95	96		68.25
750	9	Sol5	G5	349	349	1	16	100	95	96		68.33334
751	9	La5	A5	358	358	1	8	200	95	96		68.5
752	9	Si5b4	B5b4	363	363	1	8	200	95	96		68.66666
753	9	La5	A5	358	358	1	8	200	95	96		68.83334
754	9	Sol5	G5	349	349	1	8	200	95	96		69
755	9	Fa5#4	F5#4	344	344	3	16	300	95	96		69.25
756	9	Mi5	E5	336	336	1	16	100	95	96		69.33334
757	9	Fa5#4	F5#4	344	344	1	8	200	95	96		69.5
758	9	Sol5	G5	349	349	1	8	200	95	96		69.66666
759	9	Fa5#4	F5#4	344	344	1	8	200	95	96		69.83334
760	9	Mi5	E5	336	336	1	8	200	95	96		70
761	9	Re5	D5	327	327	3	16	300	95	96		70.25
762	9	Do5#4	C5#4	322	322	1	16	100	95	96		70.33334
763	9	Re5	D5	327	327	1	8	200	95	96		70.5
764	9	Mi5	E5	336	336	1	8	200	95	96		70.66666
765	9	Fa5#4	F5#4	344	344	1	8	200	95	96		70.83334
766	9	Re5	D5	327	327	1	8	200	95	96		71
767	9	Mi5	E5	336	336	3	4	1200	95	96		72
768	53			0	0	0	0	0	0	0		72
769	9	Sol5	G5	349	349	3	16	300	95	96		72.25
770	9	Fa5#4	F5#4	344	344	1	16	100	95	96		72.33334
771	9	Sol5	G5	349	349	1	8	200	95	96		72.5
772	9	La5	A5	358	358	1	8	200	95	96		72.66666
773	9	Sol5	G5	349	349	1	8	200	95	96		72.83334
774	9	Fa5	F5	340	340	1	8	200	95	96		73
775	9	Mi5	E5	336	336	3	16	300	95	96		73.25
776	9	Re5	D5	327	327	1	16	100	95	96		73.33334
777	9	Mi5	E5	336	336	1	8	200	95	96		73.5
778	9	Fa5	F5	340	340	1	8	200	95	96		73.66666
779	9	Mi5	E5	336	336	1	8	200	95	96		73.83334
780	9	Re5	D5	327	327	1	8	200	95	96		74
781	9	Do5#4	C5#4	322	322	1	8	200	95	96		74.16666
782	9	Re5	D5	327	327	1	8	200	95	96		74.33334
783	9	Do5#4	C5#4	322	322	1	8	200	95	96		74.5
784	9	Si4b4	B4b4	310	310	1	8	200	95	96		74.66666
785	9	Si4b4	B4b4	310	310	1	8	200	95	96		74.83334
786	9	La4	A4	305	305	1	8	200	95	96		75
787	9	La4	A4	305	305	3	4	1200	95	96		76
788	53			0	0	0	0	0	0	0		76
789	9	La4	A4	305	305	1	8	200	95	96		76.16666
790	9	Do5#4	C5#4	322	322	1	8	200	95	96		76.33334
791	9	Mi5	E5	336	336	1	4	400	95	96		76.66666
792	9	Do5#4	C5#4	322	322	1	4	400	95	96		77
793	9	La4	A4	305	305	1	8	200	95	96		77.16666
794	9	Do5#4	C5#4	322	322	1	8	200	95	96		77.33334
795	9	Mi5	E5	336	336	1	4	400	95	96		77.66666
796	9	Do5#4	C5#4	322	322	1	4	400	95	96		78
797	9	La4	A4	305	305	1	8	200	95	96		78.16666
798	9	Do5#4	C5#4	322	322	1	8	200	95	96		78.33334
799	9	Mi5	E5	336	336	1	4	400	95	96		78.66666
800	9	Do5#4	C5#4	322	322	1	4	400	95	96		79
801	9	La5	A5	358	358	3	4	1200	95	96		80
802	53			0	0	0	0	0	0	0		80
803	51			0	0	10	8	0	30	0		80
804	9	Fa5	F5	340	340	1	4	1111	95	96	MÜLÂZÝME 	80.2
805	9	Fa5	F5	340	340	1	16	278	95	96		80.25
806	9	Mi5	E5	336	336	1	16	278	95	96		80.3
807	9	Sol5	G5	349	349	1	16	278	95	96		80.35
808	9	Mi5	E5	336	336	1	8	556	95	96		80.45
809	9	Re5	D5	327	327	1	16	278	95	96		80.5
810	9	Fa5	F5	340	340	1	16	278	95	96		80.55
811	9	Re5	D5	327	327	1	8	556	95	96		80.65
812	9	Do5#4	C5#4	322	322	1	16	278	95	96		80.7
813	9	Mi5	E5	336	336	1	8	556	50	96		80.8
814	9	Do5#4	C5#4	322	322	1	4	1111	50	96		81
815	53			0	0	0	0	0	0	0		81
816	9	Re5	D5	327	327	1	4	1111	95	96		81.2
817	9	Re5	D5	327	327	1	16	278	95	96		81.25
818	9	Do5#4	C5#4	322	322	1	16	278	95	96		81.3
819	9	Mi5	E5	336	336	1	16	278	95	96		81.35
820	9	Do5#4	C5#4	322	322	1	8	556	95	96		81.45
821	9	Si4b4	B4b4	310	310	1	16	278	95	96		81.5
822	9	Re5	D5	327	327	1	16	278	95	96		81.55
823	9	Si4b4	B4b4	310	310	1	8	556	95	96		81.65
824	9	La4	A4	305	305	1	16	278	95	96		81.7
825	9	Si4b4	B4b4	310	310	1	8	556	95	96		81.8
826	9	Sol4	G4	296	296	1	4	1111	95	96		82
827	53			0	0	0	0	0	0	0		82
828	9	La4	A4	305	305	1	4	1111	95	96		82.2
829	9	Fa4#4	F4#4	291	291	1	16	278	95	96		82.25
830	9	La4	A4	305	305	1	16	278	95	96		82.3
831	9	Sol4	G4	296	296	3	32	417	95	96		82.375
832	9	Fa4#4	F4#4	291	291	1	32	139	95	96		82.4
833	9	Sol4	G4	296	296	1	16	278	95	96		82.45
834	9	La4	A4	305	305	1	16	278	95	96		82.5
835	9	Si4b4	B4b4	310	310	3	32	417	95	96		82.575
836	9	La4	A4	305	305	1	32	139	95	96		82.6
837	9	Si4b4	B4b4	310	310	1	16	278	95	96		82.65
838	9	Do5#4	C5#4	322	322	1	16	278	95	96		82.7
839	9	Re5	D5	327	327	1	16	278	95	96		82.75
840	9	Re5	D5	327	327	1	16	278	95	96		82.8
841	9	Do5#4	C5#4	322	322	1	16	278	95	96		82.85
842	9	Si4b4	B4b4	310	310	1	16	278	95	96		82.9
843	9	La4	A4	305	305	1	16	278	95	96		82.95
844	9	Sol4	G4	296	296	1	16	278	95	96		83
845	53			0	0	0	0	0	0	0		83
846	9	Sol5	G5	349	349	1	16	278	95	96		83.05
847	9	Sol5	G5	349	349	1	16	278	95	96		83.1
848	9	Fa5	F5	340	340	1	16	278	95	96		83.15
849	9	Mi5	E5	336	336	1	16	278	95	96		83.2
850	9	Re5	D5	327	327	1	8	556	95	96		83.3
851	9	Do5#4	C5#4	322	322	1	16	278	95	96		83.35
852	9	Si4b4	B4b4	310	310	1	32	139	95	96		83.375
853	9	Do5#4	C5#4	322	322	1	32	139	95	96		83.4
854	9	Re5	D5	327	327	1	16	278	95	96		83.45
855	9	Mi5	E5	336	336	1	16	278	95	96		83.5
856	9	Do5#4	C5#4	322	322	1	16	278	95	96		83.55
857	9	Si4b4	B4b4	310	310	1	16	278	95	96		83.6
858	9	Si4b4	B4b4	310	310	1	16	278	95	96		83.65
859	9	La4	A4	305	305	1	16	278	95	96		83.7
860	9	La4	A4	305	305	3	8	1667	95	96		84
861	53			0	0	0	0	0	0	0		84
862	9	Fa5	F5	340	340	1	4	1111	95	96	MÜLÂZÝME 	84.2
863	9	Fa5	F5	340	340	1	16	278	95	96		84.25
864	9	Mi5	E5	336	336	1	16	278	95	96		84.3
865	9	Sol5	G5	349	349	1	16	278	95	96		84.35
866	9	Mi5	E5	336	336	1	8	556	95	96		84.45
867	9	Re5	D5	327	327	1	16	278	95	96		84.5
868	9	Fa5	F5	340	340	1	16	278	95	96		84.55
869	9	Re5	D5	327	327	1	8	556	95	96		84.65
870	9	Do5#4	C5#4	322	322	1	16	278	95	96		84.7
871	9	Mi5	E5	336	336	1	8	556	50	96		84.8
872	9	Do5#4	C5#4	322	322	1	4	1111	50	96		85
873	53			0	0	0	0	0	0	0		85
874	9	Re5	D5	327	327	1	4	1111	95	96		85.2
875	9	Re5	D5	327	327	1	16	278	95	96		85.25
876	9	Do5#4	C5#4	322	322	1	16	278	95	96		85.3
877	9	Mi5	E5	336	336	1	16	278	95	96		85.35
878	9	Do5#4	C5#4	322	322	1	8	556	95	96		85.45
879	9	Si4b4	B4b4	310	310	1	16	278	95	96		85.5
880	9	Re5	D5	327	327	1	16	278	95	96		85.55
881	9	Si4b4	B4b4	310	310	1	8	556	95	96		85.65
882	9	La4	A4	305	305	1	16	278	95	96		85.7
883	9	Si4b4	B4b4	310	310	1	8	556	95	96		85.8
884	9	Sol4	G4	296	296	1	4	1111	95	96		86
885	53			0	0	0	0	0	0	0		86
886	9	La4	A4	305	305	1	4	1111	95	96		86.2
887	9	Fa4#4	F4#4	291	291	1	16	278	95	96		86.25
888	9	La4	A4	305	305	1	16	278	95	96		86.3
889	9	Sol4	G4	296	296	3	32	417	95	96		86.375
890	9	Fa4#4	F4#4	291	291	1	32	139	95	96		86.4
891	9	Sol4	G4	296	296	1	16	278	95	96		86.45
892	9	La4	A4	305	305	1	16	278	95	96		86.5
893	9	Si4b4	B4b4	310	310	3	32	417	95	96		86.575
894	9	La4	A4	305	305	1	32	139	95	96		86.6
895	9	Si4b4	B4b4	310	310	1	16	278	95	96		86.65
896	9	Do5#4	C5#4	322	322	1	16	278	95	96		86.7
897	9	Re5	D5	327	327	1	16	278	95	96		86.75
898	9	Re5	D5	327	327	1	16	278	95	96		86.8
899	9	Do5#4	C5#4	322	322	1	16	278	95	96		86.85
900	9	Si4b4	B4b4	310	310	1	16	278	95	96		86.9
901	9	La4	A4	305	305	1	16	278	95	96		86.95
902	9	Sol4	G4	296	296	1	16	278	95	96		87
903	53			0	0	0	0	0	0	0		87
904	9	Sol5	G5	349	349	1	16	278	95	96		87.05
905	9	Sol5	G5	349	349	1	16	278	95	96		87.1
906	9	Fa5	F5	340	340	1	16	278	95	96		87.15
907	9	Mi5	E5	336	336	1	16	278	95	96		87.2
908	9	Re5	D5	327	327	1	8	556	95	96		87.3
909	9	Do5#4	C5#4	322	322	1	16	278	95	96		87.35
910	9	Si4b4	B4b4	310	310	1	32	139	95	96		87.375
911	9	Do5#4	C5#4	322	322	1	32	139	95	96		87.4
912	9	Re5	D5	327	327	1	16	278	95	96		87.45
913	9	Mi5	E5	336	336	1	16	278	95	96		87.5
914	9	Do5#4	C5#4	322	322	1	16	278	95	96		87.55
915	9	Si4b4	B4b4	310	310	1	16	278	95	96		87.6
916	9	Si4b4	B4b4	310	310	1	16	278	95	96		87.65
917	9	La4	A4	305	305	1	16	278	95	96		87.7
918	9	La4	A4	305	305	3	8	1667	95	96		88
919	53			0	0	0	0	0	0	0		88
