Sýra	Kod	Nota53	NotaAE	Koma53	KomaAE	Pay	Payda	Ms	LNS	Bas	Soz1	Offset
1	9	Sol5	G5	349	349	1	4	750	95	96	1. HANE	0.2
2	9	Sol5	G5	349	349	1	16	188	95	96		0.25
3	9	Fa5#4	F5#4	344	344	1	16	188	95	96		0.3
4	9	Sol5	G5	349	349	3	16	563	95	96		0.45
5	9	La5	A5	358	358	1	16	188	95	96		0.5
6	9	Si5b5	B5b5	362	362	1	16	188	95	96		0.55
7	9	La5	A5	358	358	1	16	188	95	96		0.6
8	9	Sol5	G5	349	349	1	16	188	95	96		0.65
9	9	Fa5#4	F5#4	344	344	1	16	188	95	96		0.7
10	9	Sol5	G5	349	349	1	4	750	95	96		0.9
11	53			0	0	0	0	0	0	0		0.9
12	9	La5	A5	358	358	1	16	188	95	96		0.95
13	9	Si5b5	B5b5	362	362	1	16	188	95	96		1
14	9	La5	A5	358	358	1	16	188	95	96		1.05
15	9	Sol5	G5	349	349	1	16	188	95	96		1.1
16	9	Fa5#4	F5#4	344	344	1	16	188	95	96		1.15
17	9	Mi5b4	E5b4	332	332	1	16	188	95	96		1.2
18	9	Re5	D5	327	327	1	8	375	95	96		1.3
19	53			0	0	0	0	0	0	0		1.3
20	9	La5	A5	358	358	1	8	375	95	96		1.4
21	9	Sol5	G5	349	349	1	16	188	95	96		1.45
22	9	Fa5#4	F5#4	344	344	1	16	188	95	96		1.5
23	9	Fa5#4	F5#4	344	344	1	16	188	95	96		1.55
24	9	Mi5b4	E5b4	332	332	1	16	188	95	96		1.6
25	9	Mi5b4	E5b4	332	332	1	16	188	95	96		1.65
26	11	Re5	D5	327	327	1	16	188	95	96		1.7
27	9	Re5	D5	327	327	3	8	1125	95	96		2
28	53			0	0	0	0	0	0	0		2
29	54			0	0	0	0	0	0	0	rast@si	2
30	9	Re5	D5	327	327	3	16	563	95	96		2.15
31	9	Mi5	E5	336	336	1	16	188	95	96		2.2
32	9	Do5	C5	318	318	1	16	188	95	96		2.25
33	9	Re5	D5	327	327	1	16	188	95	96		2.3
34	9	Si4b1	B4b1	313	313	1	16	188	95	96		2.35
35	9	Do5	C5	318	318	1	16	188	95	96		2.4
36	9	La4	A4	305	305	1	16	188	95	96		2.45
37	9	Sol4	G4	296	296	1	16	188	95	96		2.5
38	55			0	0	0	0	0	0	0		2.5
39	9	Si4b1	B4b1	313	313	1	8	375	95	96		2.6
40	9	Do5	C5	318	318	1	8	375	95	96		2.7
41	9	Re5	D5	327	327	1	8	375	95	96		2.8
42	9	Mi5b4	E5b4	332	332	1	16	188	95	96		2.85
43	9	Re5	D5	327	327	1	16	188	95	96		2.9
44	9	Do5	C5	318	318	1	8	375	95	96		3
45	53			0	0	0	0	0	0	0		3
46	9	Re5	D5	327	327	1	8	375	95	96		3.1
47	9	Mi5b4	E5b4	332	332	1	16	188	95	96		3.15
48	9	Re5	D5	327	327	1	16	188	95	96		3.2
49	9	La5	A5	358	358	1	16	188	95	96		3.25
50	9	Sol5	G5	349	349	1	16	188	95	96		3.3
51	9	Sol5	G5	349	349	1	16	188	95	96		3.35
52	9	Fa5#4	F5#4	344	344	1	8	375	95	96		3.45
53	9	Mi5b4	E5b4	332	332	1	16	188	95	96		3.5
54	9	Fa5#4	F5#4	344	344	1	16	188	95	96		3.55
55	9	Mi5b4	E5b4	332	332	1	16	188	95	96		3.6
56	9	Mi5b4	E5b4	332	332	1	16	188	95	96		3.65
57	10	Re5	D5	327	327	1	16	188	95	96		3.7
58	8	Mi5b4	E5b4	332	332	0	0	0	95	96		3.7
59	9	Re5	D5	327	327	1	4	750	95	96		3.9
60	9			-1	-1	1	8	375	100	0		4
61	53			0	0	0	0	0	0	0		4
62	9	Do5	C5	318	318	1	16	188	95	96		4.05
63	9	Re5	D5	327	327	1	16	188	95	96		4.1
64	9	Mi5	E5	336	336	1	16	188	95	96	TESLÝM	4.15
65	9	Fa5	F5	340	340	1	16	188	95	96		4.2
66	9	Mi5	E5	336	336	1	16	188	95	96		4.25
67	9	Fa5	F5	340	340	1	16	188	95	96		4.3
68	9	Sol5	G5	349	349	1	16	188	95	96		4.35
69	9	Fa5	F5	340	340	1	16	188	95	96		4.4
70	9	Mi5	E5	336	336	1	16	188	95	96		4.45
71	9	Fa5	F5	340	340	1	16	188	95	96		4.5
72	9	Sol5	G5	349	349	1	16	188	95	96		4.55
73	9	Si5b4	B5b4	363	363	1	16	188	95	96		4.6
74	9	La5b4	A5b4	354	354	1	16	188	95	96		4.65
75	9	Sol5	G5	349	349	1	16	188	95	96		4.7
76	9	Sol5	G5	349	349	1	16	188	95	96		4.75
77	9	La5b4	A5b4	354	354	1	16	188	95	96		4.8
78	9	Sol5	G5	349	349	1	16	188	95	96		4.85
79	9	La5b4	A5b4	354	354	1	16	188	95	96		4.9
80	9	Sol5	G5	349	349	1	16	188	95	96		4.95
81	9	Fa5	F5	340	340	1	16	188	95	96		5
82	9	Fa5	F5	340	340	1	16	188	95	96		5.05
83	9	Sol5	G5	349	349	1	16	188	95	96		5.1
84	9	Fa5	F5	340	340	1	16	188	95	96		5.15
85	9	Sol5	G5	349	349	1	16	188	95	96		5.2
86	9	Fa5	F5	340	340	1	16	188	95	96		5.25
87	9	Mi5b4	E5b4	332	332	1	16	188	95	96		5.3
88	9	Mi5b4	E5b4	332	332	3	16	563	95	96		5.45
89	9	Re5	D5	327	327	1	16	188	95	96		5.5
90	53			0	0	0	0	0	0	0		5.5
91	9	Sol5	G5	349	349	1	8	375	95	96		5.6
92	9	Sol5	G5	349	349	1	8	375	95	96		5.7
93	9	Sol5	G5	349	349	1	16	188	95	96		5.75
94	9	Fa5#4	F5#4	344	344	1	16	188	95	96		5.8
95	9	Mi5b4	E5b4	332	332	1	16	188	95	96		5.85
96	9	Re5	D5	327	327	1	16	188	95	96		5.9
97	9	Do5	C5	318	318	1	8	375	95	96		6
98	53			0	0	0	0	0	0	0		6
99	9	Mi5b4	E5b4	332	332	1	4	750	95	96		6.2
100	9	Re5	D5	327	327	1	16	188	95	96		6.25
101	9	Mi5b4	E5b4	332	332	1	16	188	95	96		6.3
102	9	Fa5#4	F5#4	344	344	1	16	188	95	96		6.35
103	9	Sol5	G5	349	349	1	16	188	95	96		6.4
104	9	Fa5#4	F5#4	344	344	1	16	188	95	96		6.45
105	9	Mi5b4	E5b4	332	332	1	16	188	95	96		6.5
106	9	Re5	D5	327	327	1	16	188	95	96		6.55
107	9	Mi5b4	E5b4	332	332	1	16	188	95	96		6.6
108	9	Re5	D5	327	327	1	16	188	95	96		6.65
109	9	Do5	C5	318	318	1	16	188	95	96		6.7
110	9	Si4b1	B4b1	313	313	1	4	750	95	96		6.9
111	53			0	0	0	0	0	0	0		6.9
112	9	La4b4	A4b4	301	301	1	16	188	95	96		6.95
113	9	Si4b1	B4b1	313	313	1	16	188	95	96		7
114	9	Do5	C5	318	318	1	4	750	95	96		7.2
115	9	Si4b1	B4b1	313	313	1	16	188	95	96		7.25
116	9	Do5	C5	318	318	1	16	188	95	96		7.3
117	9	Mi5b4	E5b4	332	332	1	16	188	95	96		7.35
118	9	Re5	D5	327	327	1	16	188	95	96		7.4
119	9	Do5	C5	318	318	1	16	188	95	96		7.45
120	9	Si4b1	B4b1	313	313	1	16	188	95	96		7.5
121	9	Si4b1	B4b1	313	313	1	16	188	95	96		7.55
122	9	La4b4	A4b4	301	301	1	16	188	95	96		7.6
123	9	La4b4	A4b4	301	301	1	16	188	95	96		7.65
124	11	Sol4	G4	296	296	1	16	188	95	96		7.7
125	9	Sol4	G4	296	296	1	4	750	95	96		7.9
126	9			-1	-1	1	8	375	100	0		8
127	53			0	0	0	0	0	0	0		8
128	9	Do5	C5	318	318	1	16	188	95	96		8.05
129	9	Re5	D5	327	327	1	16	188	95	96		8.1
130	9	Mi5	E5	336	336	1	16	188	95	96	TESLÝM	8.15
131	9	Fa5	F5	340	340	1	16	188	95	96		8.2
132	9	Mi5	E5	336	336	1	16	188	95	96		8.25
133	9	Fa5	F5	340	340	1	16	188	95	96		8.3
134	9	Sol5	G5	349	349	1	16	188	95	96		8.35
135	9	Fa5	F5	340	340	1	16	188	95	96		8.4
136	9	Mi5	E5	336	336	1	16	188	95	96		8.45
137	9	Fa5	F5	340	340	1	16	188	95	96		8.5
138	9	Sol5	G5	349	349	1	16	188	95	96		8.55
139	9	Si5b4	B5b4	363	363	1	16	188	95	96		8.6
140	9	La5b4	A5b4	354	354	1	16	188	95	96		8.65
141	9	Sol5	G5	349	349	1	16	188	95	96		8.7
142	9	Sol5	G5	349	349	1	16	188	95	96		8.75
143	9	La5b4	A5b4	354	354	1	16	188	95	96		8.8
144	9	Sol5	G5	349	349	1	16	188	95	96		8.85
145	9	La5b4	A5b4	354	354	1	16	188	95	96		8.9
146	9	Sol5	G5	349	349	1	16	188	95	96		8.95
147	9	Fa5	F5	340	340	1	16	188	95	96		9
148	9	Fa5	F5	340	340	1	16	188	95	96		9.05
149	9	Sol5	G5	349	349	1	16	188	95	96		9.1
150	9	Fa5	F5	340	340	1	16	188	95	96		9.15
151	9	Sol5	G5	349	349	1	16	188	95	96		9.2
152	9	Fa5	F5	340	340	1	16	188	95	96		9.25
153	9	Mi5b4	E5b4	332	332	1	16	188	95	96		9.3
154	9	Mi5b4	E5b4	332	332	3	16	563	95	96		9.45
155	9	Re5	D5	327	327	1	16	188	95	96		9.5
156	53			0	0	0	0	0	0	0		9.5
157	9	Sol5	G5	349	349	1	8	375	95	96		9.6
158	9	Sol5	G5	349	349	1	8	375	95	96		9.7
159	9	Sol5	G5	349	349	1	16	188	95	96		9.75
160	9	Fa5#4	F5#4	344	344	1	16	188	95	96		9.8
161	9	Mi5b4	E5b4	332	332	1	16	188	95	96		9.85
162	9	Re5	D5	327	327	1	16	188	95	96		9.9
163	9	Do5	C5	318	318	1	8	375	95	96		10
164	53			0	0	0	0	0	0	0		10
165	9	Mi5b4	E5b4	332	332	1	4	750	95	96		10.2
166	9	Re5	D5	327	327	1	16	188	95	96		10.25
167	9	Mi5b4	E5b4	332	332	1	16	188	95	96		10.3
168	9	Fa5#4	F5#4	344	344	1	16	188	95	96		10.35
169	9	Sol5	G5	349	349	1	16	188	95	96		10.4
170	9	Fa5#4	F5#4	344	344	1	16	188	95	96		10.45
171	9	Mi5b4	E5b4	332	332	1	16	188	95	96		10.5
172	9	Re5	D5	327	327	1	16	188	95	96		10.55
173	9	Mi5b4	E5b4	332	332	1	16	188	95	96		10.6
174	9	Re5	D5	327	327	1	16	188	95	96		10.65
175	9	Do5	C5	318	318	1	16	188	95	96		10.7
176	9	Si4b1	B4b1	313	313	1	4	750	95	96		10.9
177	53			0	0	0	0	0	0	0		10.9
178	9	La4b4	A4b4	301	301	1	16	188	95	96		10.95
179	9	Si4b1	B4b1	313	313	1	16	188	95	96		11
180	9	Do5	C5	318	318	1	4	750	95	96		11.2
181	9	Si4b1	B4b1	313	313	1	16	188	95	96		11.25
182	9	Do5	C5	318	318	1	16	188	95	96		11.3
183	9	Mi5b4	E5b4	332	332	1	16	188	95	96		11.35
184	9	Re5	D5	327	327	1	16	188	95	96		11.4
185	9	Do5	C5	318	318	1	16	188	95	96		11.45
186	9	Si4b1	B4b1	313	313	1	16	188	95	96		11.5
187	9	Si4b1	B4b1	313	313	1	16	188	95	96		11.55
188	9	La4b4	A4b4	301	301	1	16	188	95	96		11.6
189	9	La4b4	A4b4	301	301	1	16	188	95	96		11.65
190	11	Sol4	G4	296	296	1	16	188	95	96		11.7
191	9	Sol4	G4	296	296	1	4	750	95	96		11.9
192	9			-1	-1	1	8	375	100	0		12
193	53			0	0	0	0	0	0	0		12
194	9	Sol4	G4	296	296	1	4	750	95	96	2. HANE	12.2
195	9	Re5	D5	327	327	1	16	188	95	96		12.25
196	9	Mi5b4	E5b4	332	332	1	16	188	95	96		12.3
197	9	Re5	D5	327	327	1	16	188	95	96		12.35
198	9	Do5	C5	318	318	1	16	188	95	96		12.4
199	9	Si4b1	B4b1	313	313	1	16	188	95	96		12.45
200	9	La4b4	A4b4	301	301	1	16	188	95	96		12.5
201	9	Si4b1	B4b1	313	313	1	16	188	95	96		12.55
202	9	Do5	C5	318	318	1	16	188	95	96		12.6
203	9	Re5	D5	327	327	1	16	188	95	96		12.65
204	9	Si4b1	B4b1	313	313	1	16	188	95	96		12.7
205	9	Do5	C5	318	318	1	8	375	95	96		12.8
206	9	Re5	D5	327	327	1	8	375	95	96		12.9
207	9	Mi5b4	E5b4	332	332	1	8	375	95	96		13
208	53			0	0	0	0	0	0	0		13
209	9	Sol5	G5	349	349	1	16	188	95	96		13.05
210	9	Fa5#4	F5#4	344	344	1	16	188	95	96		13.1
211	9	Mi5b4	E5b4	332	332	1	16	188	95	96		13.15
212	9	Re5	D5	327	327	1	16	188	95	96		13.2
213	9	Do5	C5	318	318	1	16	188	95	96		13.25
214	9	Re5	D5	327	327	1	16	188	95	96		13.3
215	9	Si4b1	B4b1	313	313	3	16	563	95	96		13.45
216	9	Do5	C5	318	318	1	16	188	95	96		13.5
217	9	Si4b1	B4b1	313	313	1	16	188	95	96		13.55
218	9	La4b4	A4b4	301	301	1	16	188	95	96		13.6
219	9	La4b4	A4b4	301	301	1	16	188	95	96		13.65
220	11	Sol4	G4	296	296	1	16	188	95	96		13.7
221	9	Sol4	G4	296	296	1	4	750	95	96		13.9
222	9			-1	-1	1	8	375	100	0		14
223	53			0	0	0	0	0	0	0		14
224	9	Sol4	G4	296	296	1	4	750	95	96		14.2
225	9	Re5	D5	327	327	1	16	188	95	96		14.25
226	9	Mi5b4	E5b4	332	332	1	16	188	95	96		14.3
227	9	Re5	D5	327	327	1	16	188	95	96		14.35
228	9	Do5	C5	318	318	1	16	188	95	96		14.4
229	9	Si4b1	B4b1	313	313	1	16	188	95	96		14.45
230	9	La4b4	A4b4	301	301	1	16	188	95	96		14.5
231	9	Si4b1	B4b1	313	313	1	8	375	95	96		14.6
232	9	Do5	C5	318	318	1	8	375	95	96		14.7
233	9	Re5	D5	327	327	1	8	375	95	96		14.8
234	9	Mi5b4	E5b4	332	332	1	8	375	95	96		14.9
235	9	Do5	C5	318	318	1	8	375	95	96		15
236	53			0	0	0	0	0	0	0		15
237	54			0	0	0	0	0	0	0	uþþak@re	15
238	9	Re5	D5	327	327	1	8	375	95	96		15.1
239	9	Mi5b4	E5b4	332	332	1	8	375	95	96		15.2
240	9	La5	A5	358	358	1	16	188	95	96		15.25
241	10	Sol5	G5	349	349	1	16	188	95	96		15.3
242	8	La5	A5	358	358	0	0	0	95	96		15.3
243	9	Sol5	G5	349	349	1	16	188	95	96		15.35
244	9	Fa5#4	F5#4	344	344	1	8	375	95	96		15.45
245	9	Mi5b4	E5b4	332	332	1	16	188	95	96		15.5
246	9	Fa5#4	F5#4	344	344	1	16	188	95	96		15.55
247	9	Mi5b4	E5b4	332	332	1	16	188	95	96		15.6
248	9	Mi5b4	E5b4	332	332	1	16	188	95	96		15.65
249	10	Re5	D5	327	327	1	16	188	95	96		15.7
250	8	Mi5b4	E5b4	332	332	0	0	0	95	96		15.7
251	9	Re5	D5	327	327	1	4	750	95	96		15.9
252	9			-1	-1	1	8	375	100	0		16
253	55			0	0	0	0	0	0	0		16
254	53			0	0	0	0	0	0	0		16
255	9	Do5	C5	318	318	1	16	188	95	96		16.05
256	9	Re5	D5	327	327	1	16	188	95	96		16.1
257	9	Mi5	E5	336	336	1	16	188	95	96	TESLÝM	16.15
258	9	Fa5	F5	340	340	1	16	188	95	96		16.2
259	9	Mi5	E5	336	336	1	16	188	95	96		16.25
260	9	Fa5	F5	340	340	1	16	188	95	96		16.3
261	9	Sol5	G5	349	349	1	16	188	95	96		16.35
262	9	Fa5	F5	340	340	1	16	188	95	96		16.4
263	9	Mi5	E5	336	336	1	16	188	95	96		16.45
264	9	Fa5	F5	340	340	1	16	188	95	96		16.5
265	9	Sol5	G5	349	349	1	16	188	95	96		16.55
266	9	Si5b4	B5b4	363	363	1	16	188	95	96		16.6
267	9	La5b4	A5b4	354	354	1	16	188	95	96		16.65
268	9	Sol5	G5	349	349	1	16	188	95	96		16.7
269	9	Sol5	G5	349	349	1	16	188	95	96		16.75
270	9	La5b4	A5b4	354	354	1	16	188	95	96		16.8
271	9	Sol5	G5	349	349	1	16	188	95	96		16.85
272	9	La5b4	A5b4	354	354	1	16	188	95	96		16.9
273	9	Sol5	G5	349	349	1	16	188	95	96		16.95
274	9	Fa5	F5	340	340	1	16	188	95	96		17
275	9	Fa5	F5	340	340	1	16	188	95	96		17.05
276	9	Sol5	G5	349	349	1	16	188	95	96		17.1
277	9	Fa5	F5	340	340	1	16	188	95	96		17.15
278	9	Sol5	G5	349	349	1	16	188	95	96		17.2
279	9	Fa5	F5	340	340	1	16	188	95	96		17.25
280	9	Mi5b4	E5b4	332	332	1	16	188	95	96		17.3
281	9	Mi5b4	E5b4	332	332	3	16	563	95	96		17.45
282	9	Re5	D5	327	327	1	16	188	95	96		17.5
283	53			0	0	0	0	0	0	0		17.5
284	9	Sol5	G5	349	349	1	8	375	95	96		17.6
285	9	Sol5	G5	349	349	1	8	375	95	96		17.7
286	9	Sol5	G5	349	349	1	16	188	95	96		17.75
287	9	Fa5#4	F5#4	344	344	1	16	188	95	96		17.8
288	9	Mi5b4	E5b4	332	332	1	16	188	95	96		17.85
289	9	Re5	D5	327	327	1	16	188	95	96		17.9
290	9	Do5	C5	318	318	1	8	375	95	96		18
291	53			0	0	0	0	0	0	0		18
292	9	Mi5b4	E5b4	332	332	1	4	750	95	96		18.2
293	9	Re5	D5	327	327	1	16	188	95	96		18.25
294	9	Mi5b4	E5b4	332	332	1	16	188	95	96		18.3
295	9	Fa5#4	F5#4	344	344	1	16	188	95	96		18.35
296	9	Sol5	G5	349	349	1	16	188	95	96		18.4
297	9	Fa5#4	F5#4	344	344	1	16	188	95	96		18.45
298	9	Mi5b4	E5b4	332	332	1	16	188	95	96		18.5
299	9	Re5	D5	327	327	1	16	188	95	96		18.55
300	9	Mi5b4	E5b4	332	332	1	16	188	95	96		18.6
301	9	Re5	D5	327	327	1	16	188	95	96		18.65
302	9	Do5	C5	318	318	1	16	188	95	96		18.7
303	9	Si4b1	B4b1	313	313	1	4	750	95	96		18.9
304	53			0	0	0	0	0	0	0		18.9
305	9	La4b4	A4b4	301	301	1	16	188	95	96		18.95
306	9	Si4b1	B4b1	313	313	1	16	188	95	96		19
307	9	Do5	C5	318	318	1	4	750	95	96		19.2
308	9	Si4b1	B4b1	313	313	1	16	188	95	96		19.25
309	9	Do5	C5	318	318	1	16	188	95	96		19.3
310	9	Mi5b4	E5b4	332	332	1	16	188	95	96		19.35
311	9	Re5	D5	327	327	1	16	188	95	96		19.4
312	9	Do5	C5	318	318	1	16	188	95	96		19.45
313	9	Si4b1	B4b1	313	313	1	16	188	95	96		19.5
314	9	Si4b1	B4b1	313	313	1	16	188	95	96		19.55
315	9	La4b4	A4b4	301	301	1	16	188	95	96		19.6
316	9	La4b4	A4b4	301	301	1	16	188	95	96		19.65
317	11	Sol4	G4	296	296	1	16	188	95	96		19.7
318	9	Sol4	G4	296	296	1	4	750	95	96		19.9
319	9			-1	-1	1	8	375	100	0		20
320	53			0	0	0	0	0	0	0		20
321	9	Do5	C5	318	318	1	16	188	95	96		20.05
322	9	Re5	D5	327	327	1	16	188	95	96		20.1
323	9	Mi5	E5	336	336	1	16	188	95	96	TESLÝM	20.15
324	9	Fa5	F5	340	340	1	16	188	95	96		20.2
325	9	Mi5	E5	336	336	1	16	188	95	96		20.25
326	9	Fa5	F5	340	340	1	16	188	95	96		20.3
327	9	Sol5	G5	349	349	1	16	188	95	96		20.35
328	9	Fa5	F5	340	340	1	16	188	95	96		20.4
329	9	Mi5	E5	336	336	1	16	188	95	96		20.45
330	9	Fa5	F5	340	340	1	16	188	95	96		20.5
331	9	Sol5	G5	349	349	1	16	188	95	96		20.55
332	9	Si5b4	B5b4	363	363	1	16	188	95	96		20.6
333	9	La5b4	A5b4	354	354	1	16	188	95	96		20.65
334	9	Sol5	G5	349	349	1	16	188	95	96		20.7
335	9	Sol5	G5	349	349	1	16	188	95	96		20.75
336	9	La5b4	A5b4	354	354	1	16	188	95	96		20.8
337	9	Sol5	G5	349	349	1	16	188	95	96		20.85
338	9	La5b4	A5b4	354	354	1	16	188	95	96		20.9
339	9	Sol5	G5	349	349	1	16	188	95	96		20.95
340	9	Fa5	F5	340	340	1	16	188	95	96		21
341	9	Fa5	F5	340	340	1	16	188	95	96		21.05
342	9	Sol5	G5	349	349	1	16	188	95	96		21.1
343	9	Fa5	F5	340	340	1	16	188	95	96		21.15
344	9	Sol5	G5	349	349	1	16	188	95	96		21.2
345	9	Fa5	F5	340	340	1	16	188	95	96		21.25
346	9	Mi5b4	E5b4	332	332	1	16	188	95	96		21.3
347	9	Mi5b4	E5b4	332	332	3	16	563	95	96		21.45
348	9	Re5	D5	327	327	1	16	188	95	96		21.5
349	53			0	0	0	0	0	0	0		21.5
350	9	Sol5	G5	349	349	1	8	375	95	96		21.6
351	9	Sol5	G5	349	349	1	8	375	95	96		21.7
352	9	Sol5	G5	349	349	1	16	188	95	96		21.75
353	9	Fa5#4	F5#4	344	344	1	16	188	95	96		21.8
354	9	Mi5b4	E5b4	332	332	1	16	188	95	96		21.85
355	9	Re5	D5	327	327	1	16	188	95	96		21.9
356	9	Do5	C5	318	318	1	8	375	95	96		22
357	53			0	0	0	0	0	0	0		22
358	9	Mi5b4	E5b4	332	332	1	4	750	95	96		22.2
359	9	Re5	D5	327	327	1	16	188	95	96		22.25
360	9	Mi5b4	E5b4	332	332	1	16	188	95	96		22.3
361	9	Fa5#4	F5#4	344	344	1	16	188	95	96		22.35
362	9	Sol5	G5	349	349	1	16	188	95	96		22.4
363	9	Fa5#4	F5#4	344	344	1	16	188	95	96		22.45
364	9	Mi5b4	E5b4	332	332	1	16	188	95	96		22.5
365	9	Re5	D5	327	327	1	16	188	95	96		22.55
366	9	Mi5b4	E5b4	332	332	1	16	188	95	96		22.6
367	9	Re5	D5	327	327	1	16	188	95	96		22.65
368	9	Do5	C5	318	318	1	16	188	95	96		22.7
369	9	Si4b1	B4b1	313	313	1	4	750	95	96		22.9
370	53			0	0	0	0	0	0	0		22.9
371	9	La4b4	A4b4	301	301	1	16	188	95	96		22.95
372	9	Si4b1	B4b1	313	313	1	16	188	95	96		23
373	9	Do5	C5	318	318	1	4	750	95	96		23.2
374	9	Si4b1	B4b1	313	313	1	16	188	95	96		23.25
375	9	Do5	C5	318	318	1	16	188	95	96		23.3
376	9	Mi5b4	E5b4	332	332	1	16	188	95	96		23.35
377	9	Re5	D5	327	327	1	16	188	95	96		23.4
378	9	Do5	C5	318	318	1	16	188	95	96		23.45
379	9	Si4b1	B4b1	313	313	1	16	188	95	96		23.5
380	9	Si4b1	B4b1	313	313	1	16	188	95	96		23.55
381	9	La4b4	A4b4	301	301	1	16	188	95	96		23.6
382	9	La4b4	A4b4	301	301	1	16	188	95	96		23.65
383	11	Sol4	G4	296	296	1	16	188	95	96		23.7
384	9	Sol4	G4	296	296	1	4	750	95	96		23.9
385	9			-1	-1	1	8	375	100	0		24
386	53			0	0	0	0	0	0	0		24
387	9	Sol5	G5	349	349	1	16	188	95	96	3. HANE	24.05
388	9	La5b4	A5b4	354	354	1	16	188	95	96		24.1
389	9	Sol5	G5	349	349	1	16	188	95	96		24.15
390	9	Fa5#4	F5#4	344	344	1	16	188	95	96		24.2
391	9	Mi5b4	E5b4	332	332	1	16	188	95	96		24.25
392	9	Re5	D5	327	327	1	16	188	95	96		24.3
393	9	Mi5b4	E5b4	332	332	1	16	188	95	96		24.35
394	9	Fa5	F5	340	340	1	16	188	95	96		24.4
395	9	Mi5b4	E5b4	332	332	1	8	375	95	96		24.5
396	9	Fa5	F5	340	340	1	16	188	95	96		24.55
397	9	Sol5	G5	349	349	1	16	188	95	96		24.6
398	9	Fa5	F5	340	340	1	16	188	95	96		24.65
399	9	La5b4	A5b4	354	354	1	16	188	95	96		24.7
400	9	Sol5	G5	349	349	3	8	1125	95	96		25
401	53			0	0	0	0	0	0	0		25
402	9	Si5b1	B5b1	366	366	1	8	375	95	96		25.1
403	9	Do6	C6	371	371	1	8	375	95	96		25.2
404	9	Re6	D6	380	380	1	8	375	95	96		25.3
405	9	Mi6b4	E6b4	385	385	1	16	188	95	96		25.35
406	9	Re6	D6	380	380	1	16	188	95	96		25.4
407	9	Do6	C6	371	371	1	16	188	95	96		25.45
408	9	Re6	D6	380	380	1	16	188	95	96		25.5
409	54			0	0	0	0	0	0	0	uþþak@re	25.5
410	9	Si5b5	B5b5	362	362	1	8	375	95	96		25.6
411	9	La5b5	A5b5	353	353	1	8	375	95	96		25.7
412	9	Sol5	G5	349	349	1	8	375	95	96		25.8
413	9	Fa5	F5	340	340	1	8	375	95	96		25.9
414	9	Mi5b1	E5b1	335	335	1	8	375	95	96		26
415	53			0	0	0	0	0	0	0		26
416	9	Si5b5	B5b5	362	362	1	4	750	95	96		26.2
417	9	Si5b5	B5b5	362	362	1	16	188	95	96		26.25
418	9	La5	A5	358	358	1	16	188	95	96		26.3
419	9	La5	A5	358	358	1	8	375	95	96		26.4
420	9	Sol5	G5	349	349	1	8	375	95	96		26.5
421	9	Sol5	G5	349	349	1	8	375	95	96		26.6
422	9	Si5b5	B5b5	362	362	1	16	188	95	96		26.65
423	9	La5	A5	358	358	1	16	188	95	96		26.7
424	9	Sol5	G5	349	349	1	16	188	95	96		26.75
425	9	Fa5	F5	340	340	1	16	188	95	96		26.8
426	9	Mi5b1	E5b1	335	335	1	16	188	95	96		26.85
427	9	Re5	D5	327	327	1	16	188	95	96		26.9
428	9	Do5	C5	318	318	1	8	375	95	96		27
429	53			0	0	0	0	0	0	0		27
430	9	Re5	D5	327	327	1	8	375	95	96		27.1
431	9	Mi5b4	E5b4	332	332	1	8	375	95	96		27.2
432	9	Sol5	G5	349	349	1	8	375	95	96		27.3
433	9	Fa5	F5	340	340	3	16	563	95	96		27.45
434	9	Mi5b1	E5b1	335	335	1	16	188	95	96		27.5
435	9	Fa5	F5	340	340	1	16	188	95	96		27.55
436	9	Mi5b1	E5b1	335	335	1	16	188	95	96		27.6
437	9	Mi5b1	E5b1	335	335	1	16	188	95	96		27.65
438	11	Re5	D5	327	327	1	16	188	95	96		27.7
439	9	Re5	D5	327	327	1	4	750	95	96		27.9
440	9			-1	-1	1	8	375	100	0		28
441	55			0	0	0	0	0	0	0		28
442	53			0	0	0	0	0	0	0		28
443	9	Do5	C5	318	318	1	16	188	95	96		28.05
444	9	Re5	D5	327	327	1	16	188	95	96		28.1
445	9	Mi5	E5	336	336	1	16	188	95	96	TESLÝM	28.15
446	9	Fa5	F5	340	340	1	16	188	95	96		28.2
447	9	Mi5	E5	336	336	1	16	188	95	96		28.25
448	9	Fa5	F5	340	340	1	16	188	95	96		28.3
449	9	Sol5	G5	349	349	1	16	188	95	96		28.35
450	9	Fa5	F5	340	340	1	16	188	95	96		28.4
451	9	Mi5	E5	336	336	1	16	188	95	96		28.45
452	9	Fa5	F5	340	340	1	16	188	95	96		28.5
453	9	Sol5	G5	349	349	1	16	188	95	96		28.55
454	9	Si5b4	B5b4	363	363	1	16	188	95	96		28.6
455	9	La5b4	A5b4	354	354	1	16	188	95	96		28.65
456	9	Sol5	G5	349	349	1	16	188	95	96		28.7
457	9	Sol5	G5	349	349	1	16	188	95	96		28.75
458	9	La5b4	A5b4	354	354	1	16	188	95	96		28.8
459	9	Sol5	G5	349	349	1	16	188	95	96		28.85
460	9	La5b4	A5b4	354	354	1	16	188	95	96		28.9
461	9	Sol5	G5	349	349	1	16	188	95	96		28.95
462	9	Fa5	F5	340	340	1	16	188	95	96		29
463	9	Fa5	F5	340	340	1	16	188	95	96		29.05
464	9	Sol5	G5	349	349	1	16	188	95	96		29.1
465	9	Fa5	F5	340	340	1	16	188	95	96		29.15
466	9	Sol5	G5	349	349	1	16	188	95	96		29.2
467	9	Fa5	F5	340	340	1	16	188	95	96		29.25
468	9	Mi5b4	E5b4	332	332	1	16	188	95	96		29.3
469	9	Mi5b4	E5b4	332	332	3	16	563	95	96		29.45
470	9	Re5	D5	327	327	1	16	188	95	96		29.5
471	53			0	0	0	0	0	0	0		29.5
472	9	Sol5	G5	349	349	1	8	375	95	96		29.6
473	9	Sol5	G5	349	349	1	8	375	95	96		29.7
474	9	Sol5	G5	349	349	1	16	188	95	96		29.75
475	9	Fa5#4	F5#4	344	344	1	16	188	95	96		29.8
476	9	Mi5b4	E5b4	332	332	1	16	188	95	96		29.85
477	9	Re5	D5	327	327	1	16	188	95	96		29.9
478	9	Do5	C5	318	318	1	8	375	95	96		30
479	53			0	0	0	0	0	0	0		30
480	9	Mi5b4	E5b4	332	332	1	4	750	95	96		30.2
481	9	Re5	D5	327	327	1	16	188	95	96		30.25
482	9	Mi5b4	E5b4	332	332	1	16	188	95	96		30.3
483	9	Fa5#4	F5#4	344	344	1	16	188	95	96		30.35
484	9	Sol5	G5	349	349	1	16	188	95	96		30.4
485	9	Fa5#4	F5#4	344	344	1	16	188	95	96		30.45
486	9	Mi5b4	E5b4	332	332	1	16	188	95	96		30.5
487	9	Re5	D5	327	327	1	16	188	95	96		30.55
488	9	Mi5b4	E5b4	332	332	1	16	188	95	96		30.6
489	9	Re5	D5	327	327	1	16	188	95	96		30.65
490	9	Do5	C5	318	318	1	16	188	95	96		30.7
491	9	Si4b1	B4b1	313	313	1	4	750	95	96		30.9
492	53			0	0	0	0	0	0	0		30.9
493	9	La4b4	A4b4	301	301	1	16	188	95	96		30.95
494	9	Si4b1	B4b1	313	313	1	16	188	95	96		31
495	9	Do5	C5	318	318	1	4	750	95	96		31.2
496	9	Si4b1	B4b1	313	313	1	16	188	95	96		31.25
497	9	Do5	C5	318	318	1	16	188	95	96		31.3
498	9	Mi5b4	E5b4	332	332	1	16	188	95	96		31.35
499	9	Re5	D5	327	327	1	16	188	95	96		31.4
500	9	Do5	C5	318	318	1	16	188	95	96		31.45
501	9	Si4b1	B4b1	313	313	1	16	188	95	96		31.5
502	9	Si4b1	B4b1	313	313	1	16	188	95	96		31.55
503	9	La4b4	A4b4	301	301	1	16	188	95	96		31.6
504	9	La4b4	A4b4	301	301	1	16	188	95	96		31.65
505	11	Sol4	G4	296	296	1	16	188	95	96		31.7
506	9	Sol4	G4	296	296	1	4	750	95	96		31.9
507	9			-1	-1	1	8	375	100	0		32
508	53			0	0	0	0	0	0	0		32
509	9	Do5	C5	318	318	1	16	188	95	96		32.05
510	9	Re5	D5	327	327	1	16	188	95	96		32.1
511	9	Mi5	E5	336	336	1	16	188	95	96	TESLÝM	32.15
512	9	Fa5	F5	340	340	1	16	188	95	96		32.2
513	9	Mi5	E5	336	336	1	16	188	95	96		32.25
514	9	Fa5	F5	340	340	1	16	188	95	96		32.3
515	9	Sol5	G5	349	349	1	16	188	95	96		32.35
516	9	Fa5	F5	340	340	1	16	188	95	96		32.4
517	9	Mi5	E5	336	336	1	16	188	95	96		32.45
518	9	Fa5	F5	340	340	1	16	188	95	96		32.5
519	9	Sol5	G5	349	349	1	16	188	95	96		32.55
520	9	Si5b4	B5b4	363	363	1	16	188	95	96		32.6
521	9	La5b4	A5b4	354	354	1	16	188	95	96		32.65
522	9	Sol5	G5	349	349	1	16	188	95	96		32.7
523	9	Sol5	G5	349	349	1	16	188	95	96		32.75
524	9	La5b4	A5b4	354	354	1	16	188	95	96		32.8
525	9	Sol5	G5	349	349	1	16	188	95	96		32.85
526	9	La5b4	A5b4	354	354	1	16	188	95	96		32.9
527	9	Sol5	G5	349	349	1	16	188	95	96		32.95
528	9	Fa5	F5	340	340	1	16	188	95	96		33
529	9	Fa5	F5	340	340	1	16	188	95	96		33.05
530	9	Sol5	G5	349	349	1	16	188	95	96		33.1
531	9	Fa5	F5	340	340	1	16	188	95	96		33.15
532	9	Sol5	G5	349	349	1	16	188	95	96		33.2
533	9	Fa5	F5	340	340	1	16	188	95	96		33.25
534	9	Mi5b4	E5b4	332	332	1	16	188	95	96		33.3
535	9	Mi5b4	E5b4	332	332	3	16	563	95	96		33.45
536	9	Re5	D5	327	327	1	16	188	95	96		33.5
537	53			0	0	0	0	0	0	0		33.5
538	9	Sol5	G5	349	349	1	8	375	95	96		33.6
539	9	Sol5	G5	349	349	1	8	375	95	96		33.7
540	9	Sol5	G5	349	349	1	16	188	95	96		33.75
541	9	Fa5#4	F5#4	344	344	1	16	188	95	96		33.8
542	9	Mi5b4	E5b4	332	332	1	16	188	95	96		33.85
543	9	Re5	D5	327	327	1	16	188	95	96		33.9
544	9	Do5	C5	318	318	1	8	375	95	96		34
545	53			0	0	0	0	0	0	0		34
546	9	Mi5b4	E5b4	332	332	1	4	750	95	96		34.2
547	9	Re5	D5	327	327	1	16	188	95	96		34.25
548	9	Mi5b4	E5b4	332	332	1	16	188	95	96		34.3
549	9	Fa5#4	F5#4	344	344	1	16	188	95	96		34.35
550	9	Sol5	G5	349	349	1	16	188	95	96		34.4
551	9	Fa5#4	F5#4	344	344	1	16	188	95	96		34.45
552	9	Mi5b4	E5b4	332	332	1	16	188	95	96		34.5
553	9	Re5	D5	327	327	1	16	188	95	96		34.55
554	9	Mi5b4	E5b4	332	332	1	16	188	95	96		34.6
555	9	Re5	D5	327	327	1	16	188	95	96		34.65
556	9	Do5	C5	318	318	1	16	188	95	96		34.7
557	9	Si4b1	B4b1	313	313	1	4	750	95	96		34.9
558	53			0	0	0	0	0	0	0		34.9
559	9	La4b4	A4b4	301	301	1	16	188	95	96		34.95
560	9	Si4b1	B4b1	313	313	1	16	188	95	96		35
561	9	Do5	C5	318	318	1	4	750	95	96		35.2
562	9	Si4b1	B4b1	313	313	1	16	188	95	96		35.25
563	9	Do5	C5	318	318	1	16	188	95	96		35.3
564	9	Mi5b4	E5b4	332	332	1	16	188	95	96		35.35
565	9	Re5	D5	327	327	1	16	188	95	96		35.4
566	9	Do5	C5	318	318	1	16	188	95	96		35.45
567	9	Si4b1	B4b1	313	313	1	16	188	95	96		35.5
568	9	Si4b1	B4b1	313	313	1	16	188	95	96		35.55
569	9	La4b4	A4b4	301	301	1	16	188	95	96		35.6
570	9	La4b4	A4b4	301	301	1	16	188	95	96		35.65
571	11	Sol4	G4	296	296	1	16	188	95	96		35.7
572	9	Sol4	G4	296	296	1	4	750	95	96		35.9
573	9			-1	-1	1	8	375	100	0		36
574	53			0	0	0	0	0	0	0		36
575	51			0	0	6	4	0	90	0	Yürüksemâî (6/4)	36
576	9	Sol5	G5	349	349	1	12	167	95	96	4. HANE	36.05556
577	9	Fa5#4	F5#4	344	344	1	12	167	95	96		36.11111
578	9	La5b4	A5b4	354	354	1	12	167	95	96		36.16667
579	9	Sol5	G5	349	349	1	4	500	95	96		36.33333
580	9	Mi5b4	E5b4	332	332	3	16	375	95	96		36.45833
581	9	Re5	D5	327	327	1	16	125	95	96		36.5
582	9	Do5	C5	318	318	1	8	250	95	96		36.58333
583	9	Mi5b4	E5b4	332	332	1	8	250	95	96		36.66667
584	9	Re5	D5	327	327	1	2	1000	95	96		37
585	53			0	0	0	0	0	0	0		37
586	9	Si4b1	B4b1	313	313	1	12	167	95	96		37.05556
587	9	Do5	C5	318	318	1	12	167	95	96		37.11111
588	9	Re5	D5	327	327	1	12	167	95	96		37.16667
589	9	Mi5b4	E5b4	332	332	1	12	167	95	96		37.22222
590	9	Re5	D5	327	327	1	12	167	95	96		37.27778
591	9	Do5	C5	318	318	1	12	167	95	96		37.33333
592	9	Si4b1	B4b1	313	313	3	16	375	95	96		37.45833
593	9	La4b4	A4b4	301	301	1	16	125	95	96		37.5
594	9	Si4b1	B4b1	313	313	1	12	167	95	96		37.55556
595	9	La4b4	A4b4	301	301	1	12	167	95	96		37.61111
596	9	Sol4	G4	296	296	1	12	167	95	96		37.66667
597	9	Sol4	G4	296	296	1	2	1000	95	96		38
598	53			0	0	0	0	0	0	0		38
599	9	Sol4	G4	296	296	3	16	375	95	96		38.125
600	9	La4b4	A4b4	301	301	1	16	125	95	96		38.16667
601	9	Si4b1	B4b1	313	313	3	16	375	95	96		38.29167
602	9	Do5	C5	318	318	1	16	125	95	96		38.33333
603	9	Re5	D5	327	327	3	16	375	95	96		38.45833
604	9	Si4b1	B4b1	313	313	1	16	125	95	96		38.5
605	9	Do5	C5	318	318	3	16	375	95	96		38.625
606	9	Re5	D5	327	327	1	16	125	95	96		38.66667
607	9	Mi5b4	E5b4	332	332	3	16	375	95	96		38.79167
608	9	Do5	C5	318	318	1	16	125	95	96		38.83333
609	9	Re5	D5	327	327	3	16	375	95	96		38.95833
610	9	Mi5b4	E5b4	332	332	1	16	125	95	96		39
611	9	Fa5#4	F5#4	344	344	3	16	375	95	96		39.125
612	9	Re5	D5	327	327	1	16	125	95	96		39.16667
613	9	Mi5b4	E5b4	332	332	3	16	375	95	96		39.29167
614	9	Fa5#4	F5#4	344	344	1	16	125	95	96		39.33333
615	9	Sol5	G5	349	349	3	16	375	95	96		39.45833
616	9	Fa5#4	F5#4	344	344	1	16	125	95	96		39.5
617	9	Mi5b4	E5b4	332	332	3	16	375	95	96		39.625
618	9	Fa5#4	F5#4	344	344	1	16	125	95	96		39.66667
619	9	Sol5	G5	349	349	1	2	1000	95	96		40
620	53			0	0	0	0	0	0	0		40
621	9	Sol5	G5	349	349	1	12	167	95	96		40.05556
622	9	Fa5#4	F5#4	344	344	1	12	167	95	96		40.11111
623	9	La5b4	A5b4	354	354	1	12	167	95	96		40.16667
624	9	Sol5	G5	349	349	1	4	500	95	96		40.33333
625	9	Mi5b4	E5b4	332	332	3	16	375	95	96		40.45833
626	9	Re5	D5	327	327	1	16	125	95	96		40.5
627	9	Do5	C5	318	318	1	8	250	95	96		40.58333
628	9	Mi5b4	E5b4	332	332	1	8	250	95	96		40.66667
629	9	Re5	D5	327	327	1	2	1000	95	96		41
630	53			0	0	0	0	0	0	0		41
631	9	Si4b1	B4b1	313	313	1	12	167	95	96		41.05556
632	9	Do5	C5	318	318	1	12	167	95	96		41.11111
633	9	Re5	D5	327	327	1	12	167	95	96		41.16667
634	9	Mi5b4	E5b4	332	332	1	12	167	95	96		41.22222
635	9	Re5	D5	327	327	1	12	167	95	96		41.27778
636	9	Do5	C5	318	318	1	12	167	95	96		41.33333
637	9	Si4b1	B4b1	313	313	3	16	375	95	96		41.45833
638	9	La4b4	A4b4	301	301	1	16	125	95	96		41.5
639	9	Si4b1	B4b1	313	313	1	12	167	95	96		41.55556
640	9	La4b4	A4b4	301	301	1	12	167	95	96		41.61111
641	9	Sol4	G4	296	296	1	12	167	95	96		41.66667
642	9	Sol4	G4	296	296	1	2	1000	95	96		42
643	53			0	0	0	0	0	0	0		42
644	51			0	0	7	8	0	102	0	Devr-i Hindî II	42
645	54			0	0	0	0	0	0	0	uþþak(arazbar)@re	42
646	9	Fa5	F5	340	340	1	8	214	95	96		42.14286
647	9	Sol5	G5	349	349	1	8	214	95	96		42.28571
648	9	Sol5	G5	349	349	1	8	214	95	96		42.42857
649	9	Sol5	G5	349	349	1	16	107	95	96		42.5
650	9	La5	A5	358	358	1	16	107	95	96		42.57143
651	9	Sol5	G5	349	349	1	16	107	95	96		42.64286
652	9	Fa5	F5	340	340	1	16	107	95	96		42.71429
653	9	Sol5	G5	349	349	1	8	214	95	96		42.85714
654	9	La5	A5	358	358	1	8	214	95	96		43
655	9	Sol5	G5	349	349	1	8	214	95	96		43.14286
656	9	Fa5	F5	340	340	1	8	214	95	96		43.28571
657	9	Mi5b1	E5b1	335	335	1	8	214	95	96		43.42857
658	9	Re5	D5	327	327	1	16	107	95	96		43.5
659	9	Mi5b1	E5b1	335	335	1	16	107	95	96		43.57143
660	9	Re5	D5	327	327	1	16	107	95	96		43.64286
661	9	Do5	C5	318	318	1	16	107	95	96		43.71429
662	9	Re5	D5	327	327	1	8	214	95	96		43.85714
663	9	Mi5b1	E5b1	335	335	1	8	214	95	96		44
664	9	Fa5	F5	340	340	1	8	214	95	96		44.14286
665	9	Sol5	G5	349	349	1	8	214	95	96		44.28571
666	9	La5	A5	358	358	1	8	214	95	96		44.42857
667	9	Si5b5	B5b5	362	362	1	16	107	95	96		44.5
668	9	La5	A5	358	358	1	16	107	95	96		44.57143
669	9	Sol5	G5	349	349	1	16	107	95	96		44.64286
670	9	La5	A5	358	358	1	16	107	95	96		44.71429
671	9	Sol5	G5	349	349	1	16	107	95	96		44.78571
672	9	Fa5	F5	340	340	1	16	107	95	96		44.85714
673	9	Fa5	F5	340	340	1	16	107	95	96		44.92857
674	9	Mi5b1	E5b1	335	335	1	16	107	95	96		45
675	9	Fa5	F5	340	340	1	4	429	95	96		45.28571
676	9	Fa5	F5	340	340	1	8	214	95	96		45.42857
677	9	Fa5	F5	340	340	1	4	429	95	96		45.71429
678	53			0	0	0	0	0	0	0		45.71429
679	9	Fa5	F5	340	340	1	16	107	95	96		45.78571
680	9	Sol5	G5	349	349	1	16	107	95	96		45.85714
681	9	Fa5	F5	340	340	1	16	107	95	96		45.92857
682	9	Mi5b1	E5b1	335	335	1	16	107	95	96		46
683	9	Mi5b1	E5b1	335	335	1	4	429	95	96		46.28571
684	9	Mi5b1	E5b1	335	335	1	8	214	95	96		46.42857
685	55			0	0	0	0	0	0	0		46.42857
686	53			0	0	0	0	0	0	0		46.42857
687	9	Mi5b1	E5b1	335	335	1	4	429	95	96		46.71429
688	9	Mi5b5	E5b5	331	331	1	8	214	95	96		46.85714
689	9	Re5	D5	327	327	1	8	214	95	96		47
690	9	Sol5	G5	349	349	1	16	107	95	96		47.07143
691	9	Fa5#4	F5#4	344	344	1	16	107	95	96		47.14286
692	9	Mi5b4	E5b4	332	332	1	16	107	95	96		47.21429
693	9	Re5	D5	327	327	1	16	107	95	96		47.28571
694	9	Do5	C5	318	318	1	16	107	95	96		47.35714
695	9	Si4b1	B4b1	313	313	1	16	107	95	96		47.42857
696	9	Do5	C5	318	318	1	4	429	95	96		47.71429
697	9			-1	-1	1	4	429	100	0		48
698	53			0	0	0	0	0	0	0		48
699	54			0	0	0	0	0	0	0	segah@mib1	48
700	9	Fa5	F5	340	340	1	8	214	95	96		48.14286
701	9	Sol5	G5	349	349	1	8	214	95	96		48.28571
702	9	Sol5	G5	349	349	1	8	214	95	96		48.42857
703	9	Sol5	G5	349	349	1	16	107	95	96		48.5
704	9	La5	A5	358	358	1	16	107	95	96		48.57143
705	9	Sol5	G5	349	349	1	16	107	95	96		48.64286
706	9	Fa5	F5	340	340	1	16	107	95	96		48.71429
707	9	Mi5b1	E5b1	335	335	1	16	107	95	96		48.78571
708	9	Re5#4	D5#4	331	331	1	16	107	95	96		48.85714
709	9	Mi5b1	E5b1	335	335	1	8	214	95	96		49
710	55			0	0	0	0	0	0	0		49
711	53			0	0	0	0	0	0	0		49
712	9	Fa5	F5	340	340	1	4	429	95	96		49.28571
713	9	Sol5	G5	349	349	1	8	214	95	96		49.42857
714	9	Fa5	F5	340	340	1	16	107	95	96		49.5
715	9	Mi5b5	E5b5	331	331	1	16	107	95	96		49.57143
716	9	Re5	D5	327	327	1	16	107	95	96		49.64286
717	9	Do5	C5	318	318	1	16	107	95	96		49.71429
718	9	Re5	D5	327	327	1	8	214	95	96		49.85714
719	9	Mi5b4	E5b4	332	332	1	8	214	95	96		50
720	53			0	0	0	0	0	0	0		50
721	9	Re5	D5	327	327	1	16	107	95	96		50.07143
722	9	Do5	C5	318	318	1	16	107	95	96		50.14286
723	9	Si4b1	B4b1	313	313	1	16	107	95	96		50.21429
724	9	La4b4	A4b4	301	301	1	16	107	95	96		50.28571
725	9	Si4b1	B4b1	313	313	1	8	214	95	96		50.42857
726	9	Do5	C5	318	318	3	16	321	95	96		50.64286
727	9	Re5	D5	327	327	1	16	107	95	96		50.71429
728	9	Si4b1	B4b1	313	313	1	16	107	95	96		50.78571
729	9	La4b4	A4b4	301	301	1	16	107	95	96		50.85714
730	9	La4b4	A4b4	301	301	1	16	107	95	96		50.92857
731	11	Sol4	G4	296	296	1	16	107	95	96		51
732	53			0	0	0	0	0	0	0		51
733	9	Sol4	G4	296	296	1	4	429	95	96		51.28571
734	9	Sol4	G4	296	296	1	8	214	95	96		51.42857
735	9	Sol4	G4	296	296	1	16	107	95	96		51.5
736	9	Fa4#4	F4#4	291	291	1	16	107	95	96		51.57143
737	9	Mi4b4	E4b4	279	279	1	16	107	95	96		51.64286
738	9	Fa4#4	F4#4	291	291	1	16	107	95	96		51.71429
739	9	Sol4	G4	296	296	1	4	429	101	96		52
740	51			0	0	10	8	0	30	0		52
741	9	Do5	C5	318	318	1	16	125	95	96		52.05
742	9	Re5	D5	327	327	1	16	125	95	96		52.1
743	9	Mi5	E5	336	336	1	16	125	95	96	TESLÝM	52.15
744	9	Fa5	F5	340	340	1	16	125	95	96		52.2
745	9	Mi5	E5	336	336	1	16	125	95	96		52.25
746	9	Fa5	F5	340	340	1	16	125	95	96		52.3
747	9	Sol5	G5	349	349	1	16	125	95	96		52.35
748	9	Fa5	F5	340	340	1	16	125	95	96		52.4
749	9	Mi5	E5	336	336	1	16	125	95	96		52.45
750	9	Fa5	F5	340	340	1	16	125	95	96		52.5
751	9	Sol5	G5	349	349	1	16	125	95	96		52.55
752	9	Si5b4	B5b4	363	363	1	16	125	95	96		52.6
753	9	La5b4	A5b4	354	354	1	16	125	95	96		52.65
754	9	Sol5	G5	349	349	1	16	125	95	96		52.7
755	9	Sol5	G5	349	349	1	16	125	95	96		52.75
756	9	La5b4	A5b4	354	354	1	16	125	95	96		52.8
757	9	Sol5	G5	349	349	1	16	125	95	96		52.85
758	9	La5b4	A5b4	354	354	1	16	125	95	96		52.9
759	9	Sol5	G5	349	349	1	16	125	95	96		52.95
760	9	Fa5	F5	340	340	1	16	125	95	96		53
761	9	Fa5	F5	340	340	1	16	125	95	96		53.05
762	9	Sol5	G5	349	349	1	16	125	95	96		53.1
763	9	Fa5	F5	340	340	1	16	125	95	96		53.15
764	9	Sol5	G5	349	349	1	16	125	95	96		53.2
765	9	Fa5	F5	340	340	1	16	125	95	96		53.25
766	9	Mi5b4	E5b4	332	332	1	16	125	95	96		53.3
767	9	Mi5b4	E5b4	332	332	3	16	375	95	96		53.45
768	9	Re5	D5	327	327	1	16	125	95	96		53.5
769	53			0	0	0	0	0	0	0		53.5
770	9	Sol5	G5	349	349	1	8	250	95	96		53.6
771	9	Sol5	G5	349	349	1	8	250	95	96		53.7
772	9	Sol5	G5	349	349	1	16	125	95	96		53.75
773	9	Fa5#4	F5#4	344	344	1	16	125	95	96		53.8
774	9	Mi5b4	E5b4	332	332	1	16	125	95	96		53.85
775	9	Re5	D5	327	327	1	16	125	95	96		53.9
776	9	Do5	C5	318	318	1	8	250	95	96		54
777	53			0	0	0	0	0	0	0		54
778	9	Mi5b4	E5b4	332	332	1	4	500	95	96		54.2
779	9	Re5	D5	327	327	1	16	125	95	96		54.25
780	9	Mi5b4	E5b4	332	332	1	16	125	95	96		54.3
781	9	Fa5#4	F5#4	344	344	1	16	125	95	96		54.35
782	9	Sol5	G5	349	349	1	16	125	95	96		54.4
783	9	Fa5#4	F5#4	344	344	1	16	125	95	96		54.45
784	9	Mi5b4	E5b4	332	332	1	16	125	95	96		54.5
785	9	Re5	D5	327	327	1	16	125	95	96		54.55
786	9	Mi5b4	E5b4	332	332	1	16	125	95	96		54.6
787	9	Re5	D5	327	327	1	16	125	95	96		54.65
788	9	Do5	C5	318	318	1	16	125	95	96		54.7
789	9	Si4b1	B4b1	313	313	1	4	500	95	96		54.9
790	53			0	0	0	0	0	0	0		54.9
791	9	La4b4	A4b4	301	301	1	16	125	95	96		54.95
792	9	Si4b1	B4b1	313	313	1	16	125	95	96		55
793	9	Do5	C5	318	318	1	4	500	95	96		55.2
794	9	Si4b1	B4b1	313	313	1	16	125	95	96		55.25
795	9	Do5	C5	318	318	1	16	125	95	96		55.3
796	9	Mi5b4	E5b4	332	332	1	16	125	95	96		55.35
797	9	Re5	D5	327	327	1	16	125	95	96		55.4
798	9	Do5	C5	318	318	1	16	125	95	96		55.45
799	9	Si4b1	B4b1	313	313	1	16	125	95	96		55.5
800	9	Si4b1	B4b1	313	313	1	16	125	95	96		55.55
801	9	La4b4	A4b4	301	301	1	16	125	95	96		55.6
802	9	La4b4	A4b4	301	301	1	16	125	95	96		55.65
803	11	Sol4	G4	296	296	1	16	125	95	96		55.7
804	9	Sol4	G4	296	296	1	4	500	95	96		55.9
805	9			-1	-1	1	8	250	100	0		56
806	53			0	0	0	0	0	0	0		56
807	9	Do5	C5	318	318	1	16	125	95	96		56.05
808	9	Re5	D5	327	327	1	16	125	95	96		56.1
809	9	Mi5	E5	336	336	1	16	125	95	96	TESLÝM	56.15
810	9	Fa5	F5	340	340	1	16	125	95	96		56.2
811	9	Mi5	E5	336	336	1	16	125	95	96		56.25
812	9	Fa5	F5	340	340	1	16	125	95	96		56.3
813	9	Sol5	G5	349	349	1	16	125	95	96		56.35
814	9	Fa5	F5	340	340	1	16	125	95	96		56.4
815	9	Mi5	E5	336	336	1	16	125	95	96		56.45
816	9	Fa5	F5	340	340	1	16	125	95	96		56.5
817	9	Sol5	G5	349	349	1	16	125	95	96		56.55
818	9	Si5b4	B5b4	363	363	1	16	125	95	96		56.6
819	9	La5b4	A5b4	354	354	1	16	125	95	96		56.65
820	9	Sol5	G5	349	349	1	16	125	95	96		56.7
821	9	Sol5	G5	349	349	1	16	125	95	96		56.75
822	9	La5b4	A5b4	354	354	1	16	125	95	96		56.8
823	9	Sol5	G5	349	349	1	16	125	95	96		56.85
824	9	La5b4	A5b4	354	354	1	16	125	95	96		56.9
825	9	Sol5	G5	349	349	1	16	125	95	96		56.95
826	9	Fa5	F5	340	340	1	16	125	95	96		57
827	9	Fa5	F5	340	340	1	16	125	95	96		57.05
828	9	Sol5	G5	349	349	1	16	125	95	96		57.1
829	9	Fa5	F5	340	340	1	16	125	95	96		57.15
830	9	Sol5	G5	349	349	1	16	125	95	96		57.2
831	9	Fa5	F5	340	340	1	16	125	95	96		57.25
832	9	Mi5b4	E5b4	332	332	1	16	125	95	96		57.3
833	9	Mi5b4	E5b4	332	332	3	16	375	95	96		57.45
834	9	Re5	D5	327	327	1	16	125	95	96		57.5
835	53			0	0	0	0	0	0	0		57.5
836	9	Sol5	G5	349	349	1	8	250	95	96		57.6
837	9	Sol5	G5	349	349	1	8	250	95	96		57.7
838	9	Sol5	G5	349	349	1	16	125	95	96		57.75
839	9	Fa5#4	F5#4	344	344	1	16	125	95	96		57.8
840	9	Mi5b4	E5b4	332	332	1	16	125	95	96		57.85
841	9	Re5	D5	327	327	1	16	125	95	96		57.9
842	9	Do5	C5	318	318	1	8	250	95	96		58
843	53			0	0	0	0	0	0	0		58
844	9	Mi5b4	E5b4	332	332	1	4	500	95	96		58.2
845	9	Re5	D5	327	327	1	16	125	95	96		58.25
846	9	Mi5b4	E5b4	332	332	1	16	125	95	96		58.3
847	9	Fa5#4	F5#4	344	344	1	16	125	95	96		58.35
848	9	Sol5	G5	349	349	1	16	125	95	96		58.4
849	9	Fa5#4	F5#4	344	344	1	16	125	95	96		58.45
850	9	Mi5b4	E5b4	332	332	1	16	125	95	96		58.5
851	9	Re5	D5	327	327	1	16	125	95	96		58.55
852	9	Mi5b4	E5b4	332	332	1	16	125	95	96		58.6
853	9	Re5	D5	327	327	1	16	125	95	96		58.65
854	9	Do5	C5	318	318	1	16	125	95	96		58.7
855	9	Si4b1	B4b1	313	313	1	4	500	95	96		58.9
856	53			0	0	0	0	0	0	0		58.9
857	9	La4b4	A4b4	301	301	1	16	125	95	96		58.95
858	9	Si4b1	B4b1	313	313	1	16	125	95	96		59
859	9	Do5	C5	318	318	1	4	500	95	96		59.2
860	9	Si4b1	B4b1	313	313	1	16	125	95	96		59.25
861	9	Do5	C5	318	318	1	16	125	95	96		59.3
862	9	Mi5b4	E5b4	332	332	1	16	125	95	96		59.35
863	9	Re5	D5	327	327	1	16	125	95	96		59.4
864	9	Do5	C5	318	318	1	16	125	95	96		59.45
865	9	Si4b1	B4b1	313	313	1	16	125	95	96		59.5
866	9	Si4b1	B4b1	313	313	1	16	125	95	96		59.55
867	9	La4b4	A4b4	301	301	1	16	125	95	96		59.6
868	9	La4b4	A4b4	301	301	1	16	125	95	96		59.65
869	11	Sol4	G4	296	296	1	16	125	95	96		59.7
870	9	Sol4	G4	296	296	1	4	500	95	96		59.9
871	9			-1	-1	1	8	250	100	0		60
872	53			0	0	0	0	0	0	0		60
873	53			0	0	0	0	0	0	0		60
