Sýra	Kod	Nota53	NotaAE	Koma53	KomaAE	Pay	Payda	Ms	LNS	Bas	Soz1	Offset
1	9	La4	A4	305	305	1	4	476	95	96	ARANAÐME	0.2
2	9	Sol5	G5	349	349	1	8	238	95	96	.	0.3
3	9	Fa5#3	F5#4	343	344	1	8	238	95	96	.	0.4
4	9	Sol5	G5	349	349	1	8	238	95	96	.	0.5
5	9	Mi5	E5	336	336	1	4	476	95	96	.	0.7
6	9	Mi5	E5	336	336	1	4	476	95	96	.	0.9
7	9	Do5	C5	318	318	1	8	238	95	96	.	1
8	9	Re5	D5	327	327	1	4	476	95	96	.	1.2
9	9	Re5	D5	327	327	1	4	476	95	96	.	1.4
10	9	Si4b2	B4b1	312	313	1	8	238	95	96	.	1.5
11	9	Do5	C5	318	318	3	16	357	95	96	.	1.65
12	9	Re5	D5	327	327	1	16	119	95	96	.	1.7
13	9	Do5	C5	318	318	1	8	238	95	96	.	1.8
14	9	Si4b2	B4b1	312	313	1	8	238	95	96	.	1.9
15	9	La4	A4	305	305	1	8	238	95	96	.	2
16	9	La4	A4	305	305	1	4	476	95	96	.	2.2
17	53			0	0	0	0	0	0	0		2.2
18	9	Sol5	G5	349	349	1	8	238	95	96	.	2.3
19	9	Fa5#3	F5#4	343	344	1	8	238	95	96	.	2.4
20	9	Sol5	G5	349	349	1	8	238	95	96	.	2.5
21	9	Mi5	E5	336	336	1	4	476	95	96	.	2.7
22	9	Mi5	E5	336	336	1	4	476	95	96	.	2.9
23	9	Re5	D5	327	327	1	8	238	95	96	.	3
24	9	Re5	D5	327	327	1	4	476	95	96	.	3.2
25	9	Sol5	G5	349	349	1	8	238	95	96	.	3.3
26	9	Fa5#3	F5#4	343	344	1	8	238	95	96	.	3.4
27	9	Mi5	E5	336	336	1	8	238	95	96	.	3.5
28	9	Fa5#3	F5#4	343	344	1	8	238	95	96	.	3.6
29	9	Sol5	G5	349	349	1	8	238	95	96	.	3.7
30	9	La5	A5	358	358	3	8	714	95	96	.	4
31	53			0	0	0	0	0	0	0		4
32	9	La5	A5	358	358	1	4	476	95	96	.	4.2
33	9	Do6	C6	371	371	1	8	238	95	96	.	4.3
34	9	Si5b2	B5b1	365	366	1	8	238	95	96	.	4.4
35	9	La5	A5	358	358	1	8	238	95	96	.	4.5
36	9	Sol5	G5	349	349	1	8	238	95	96	.	4.6
37	9	Fa5#3	F5#4	343	344	1	8	238	95	96	.	4.7
38	9	Mi5	E5	336	336	1	4	476	95	96	.	4.9
39	9	Re5	D5	327	327	1	8	238	95	96	.	5
40	53			0	0	0	0	0	0	0		5
41	9	Re5	D5	327	327	1	8	238	95	96	.	5.1
42	9	Do5	C5	318	318	1	8	238	95	96	.	5.2
43	9	Re5	D5	327	327	1	8	238	95	96	.	5.3
44	9	Mi5	E5	336	336	1	4	476	95	96	.	5.5
45	9	Do5	C5	318	318	1	8	238	95	96	.	5.6
46	9	Re5	D5	327	327	1	8	238	95	96	.	5.7
47	9	Do5	C5	318	318	1	4	476	95	96	.	5.9
48	9	Si4b2	B4b1	312	313	1	8	238	95	96	.	6
49	9	La4	A4	305	305	1	8	238	95	96	.	6.1
50	9	Sol4	G4	296	296	1	8	238	95	96	.	6.2
51	9	La4	A4	305	305	1	8	238	95	96	.	6.3
52	9	Si4b2	B4b1	312	313	1	8	238	95	96	.	6.4
53	9	Do5	C5	318	318	1	8	238	95	96	.	6.5
54	9	Re5	D5	327	327	1	8	238	95	96	.	6.6
55	9	Mi5	E5	336	336	1	8	238	95	96	.	6.7
56	9	Do5	C5	318	318	1	8	238	95	96	.	6.8
57	9	Si4b2	B4b1	312	313	1	8	238	95	96	.	6.9
58	9	La4	A4	305	305	1	8	238	95	96	.	7
59	53			0	0	0	0	0	0	0		7
60	9	La4	A4	305	305	1	8	238	95	96	.	7.1
61	9	Si4b2	B4b1	312	313	1	8	238	95	96	.	7.2
62	9	Re5	D5	327	327	1	8	238	95	96	.	7.3
63	9	Do5	C5	318	318	1	8	238	95	96	.	7.4
64	9	Si4b2	B4b1	312	313	1	8	238	95	96	.	7.5
65	9	Si4b2	B4b1	312	313	1	8	238	95	96	.	7.6
66	9	La4	A4	305	305	1	8	238	95	96	.	7.7
67	9	La4	A4	305	305	3	8	714	95	96	.	8
68	53			0	0	0	0	0	0	0		8
69	9	La4	A4	305	305	1	4	476	95	96	ARANAÐME	8.2
70	9	Sol5	G5	349	349	1	8	238	95	96	.	8.3
71	9	Fa5#3	F5#4	343	344	1	8	238	95	96	.	8.4
72	9	Sol5	G5	349	349	1	8	238	95	96	.	8.5
73	9	Mi5	E5	336	336	1	4	476	95	96	.	8.7
74	9	Mi5	E5	336	336	1	4	476	95	96	.	8.9
75	9	Do5	C5	318	318	1	8	238	95	96	.	9
76	9	Re5	D5	327	327	1	4	476	95	96	.	9.2
77	9	Re5	D5	327	327	1	4	476	95	96	.	9.4
78	9	Si4b2	B4b1	312	313	1	8	238	95	96	.	9.5
79	9	Do5	C5	318	318	3	16	357	95	96	.	9.65
80	9	Re5	D5	327	327	1	16	119	95	96	.	9.7
81	9	Do5	C5	318	318	1	8	238	95	96	.	9.8
82	9	Si4b2	B4b1	312	313	1	8	238	95	96	.	9.9
83	9	La4	A4	305	305	1	8	238	95	96	.	10
84	9	La4	A4	305	305	1	4	476	95	96	.	10.2
85	53			0	0	0	0	0	0	0		10.2
86	9	Sol5	G5	349	349	1	8	238	95	96	.	10.3
87	9	Fa5#3	F5#4	343	344	1	8	238	95	96	.	10.4
88	9	Sol5	G5	349	349	1	8	238	95	96	.	10.5
89	9	Mi5	E5	336	336	1	4	476	95	96	.	10.7
90	9	Mi5	E5	336	336	1	4	476	95	96	.	10.9
91	9	Re5	D5	327	327	1	8	238	95	96	.	11
92	9	Re5	D5	327	327	1	4	476	95	96	.	11.2
93	9	Sol5	G5	349	349	1	8	238	95	96	.	11.3
94	9	Fa5#3	F5#4	343	344	1	8	238	95	96	.	11.4
95	9	Mi5	E5	336	336	1	8	238	95	96	.	11.5
96	9	Fa5#3	F5#4	343	344	1	8	238	95	96	.	11.6
97	9	Sol5	G5	349	349	1	8	238	95	96	.	11.7
98	9	La5	A5	358	358	3	8	714	95	96	.	12
99	53			0	0	0	0	0	0	0		12
100	9	La5	A5	358	358	1	4	476	95	96	.	12.2
101	9	Do6	C6	371	371	1	8	238	95	96	.	12.3
102	9	Si5b2	B5b1	365	366	1	8	238	95	96	.	12.4
103	9	La5	A5	358	358	1	8	238	95	96	.	12.5
104	9	Sol5	G5	349	349	1	8	238	95	96	.	12.6
105	9	Fa5#3	F5#4	343	344	1	8	238	95	96	.	12.7
106	9	Mi5	E5	336	336	1	4	476	95	96	.	12.9
107	9	Re5	D5	327	327	1	8	238	95	96	.	13
108	53			0	0	0	0	0	0	0		13
109	9	Re5	D5	327	327	1	8	238	95	96	.	13.1
110	9	Do5	C5	318	318	1	8	238	95	96	.	13.2
111	9	Re5	D5	327	327	1	8	238	95	96	.	13.3
112	9	Mi5	E5	336	336	1	4	476	95	96	.	13.5
113	9	Do5	C5	318	318	1	8	238	95	96	.	13.6
114	9	Re5	D5	327	327	1	8	238	95	96	.	13.7
115	9	Do5	C5	318	318	1	4	476	95	96	.	13.9
116	9	Si4b2	B4b1	312	313	1	8	238	95	96	.	14
117	9	La4	A4	305	305	1	8	238	95	96	.	14.1
118	9	Sol4	G4	296	296	1	8	238	95	96	.	14.2
119	9	La4	A4	305	305	1	8	238	95	96	.	14.3
120	9	Si4b2	B4b1	312	313	1	8	238	95	96	.	14.4
121	9	Do5	C5	318	318	1	8	238	95	96	.	14.5
122	9	Re5	D5	327	327	1	8	238	95	96	.	14.6
123	9	Mi5	E5	336	336	1	8	238	95	96	.	14.7
124	9	Do5	C5	318	318	1	8	238	95	96	.	14.8
125	9	Si4b2	B4b1	312	313	1	8	238	95	96	.	14.9
126	9	La4	A4	305	305	1	8	238	95	96	.	15
127	53			0	0	0	0	0	0	0		15
128	9	La4	A4	305	305	1	8	238	95	96	.	15.1
129	9	Si4b2	B4b1	312	313	1	8	238	95	96	.	15.2
130	9	Re5	D5	327	327	1	8	238	95	96	.	15.3
131	9	Do5	C5	318	318	1	8	238	95	96	.	15.4
132	9	Si4b2	B4b1	312	313	1	8	238	95	96	.	15.5
133	9	Si4b2	B4b1	312	313	1	8	238	95	96	.	15.6
134	9	La4	A4	305	305	1	8	238	95	96	.	15.7
135	53			0	0	0	0	0	0	0		15.7
136	9	Sol5	G5	349	349	1	16	119	95	96	.	15.75
137	9	Fa5#3	F5#4	343	344	1	16	119	95	96	.	15.8
138	9	Mi5	E5	336	336	1	16	119	95	96	.	15.85
139	9	Re5	D5	327	327	1	16	119	95	96	.	15.9
140	9	Mi5	E5	336	336	1	16	119	95	96	.	15.95
141	9	Fa5#3	F5#4	343	344	1	16	119	95	96	.	16
142	9	Sol5	G5	349	349	1	4	476	95	96	.	16.2
143	53			0	0	0	0	0	0	0		16.2
144	9	Fa5#3	F5#4	343	344	1	8	238	95	96	Sî	16.3
145	9	Sol5	G5	349	349	1	4	476	95	96	nem	16.5
146	9	Sol5	G5	349	349	1	8	238	99	96	de 	16.6
147	9	Fa5#3	F5#4	343	344	1	8	238	95	96		16.7
148	9	Sol5	G5	349	349	1	4	476	99	96	bir 	16.9
149	9	Fa5#3	F5#4	343	344	1	8	238	95	96		17
150	9	Sol5	G5	349	349	1	4	476	95	96	tu	17.2
151	9	Fa5#3	F5#4	343	344	1	8	238	99	96	tuþ	17.3
152	9	Mi5	E5	336	336	1	8	238	99	96		17.4
153	9	Re5	D5	327	327	1	8	238	95	96		17.5
154	9	Fa5#3	F5#4	343	344	1	8	238	99	96	muþ 	17.6
155	9	Sol5	G5	349	349	1	8	238	99	96		17.7
156	9	La5	A5	358	358	1	4	476	95	96		17.9
157	9			-1	-1	1	8	238	100	0		18
158	53			0	0	0	0	0	0	0		18
159	9	Do6	C6	371	371	1	8	238	99	96	yan	18.1
160	9	Si5b2	B5b1	365	366	1	8	238	99	96		18.2
161	9	La5	A5	358	358	1	8	238	95	96		18.3
162	9	Sol5	G5	349	349	1	8	238	99	96	mýþ_	18.4
163	9	Fa5#3	F5#4	343	344	1	8	238	95	96		18.5
164	9	Mi5	E5	336	336	1	8	238	99	96	o	18.6
165	9	Re5	D5	327	327	1	8	238	95	96		18.7
166	9	Re5	D5	327	327	1	4	476	99	96	cað	18.9
167	9	Si4b2	B4b1	312	313	1	8	238	95	96		19
168	9	Do5	C5	318	318	1	4	476	95	96	o	19.2
169	9	Do5	C5	318	318	1	8	238	99	96	lay	19.3
170	9	Si4b2	B4b1	312	313	1	8	238	99	96		19.4
171	9	La4	A4	305	305	1	8	238	95	96		19.5
172	9	La4	A4	305	305	1	4	476	95	96	dý  	19.7
173	53			0	0	0	0	0	0	0		19.7
174	9	Sol5	G5	349	349	1	16	119	95	96	SAZ	19.75
175	9	Fa5#3	F5#4	343	344	1	16	119	95	96	.	19.8
176	9	Mi5	E5	336	336	1	16	119	95	96	.	19.85
177	9	Re5	D5	327	327	1	16	119	95	96	.	19.9
178	9	Mi5	E5	336	336	1	16	119	95	96	.	19.95
179	9	Fa5#3	F5#4	343	344	1	16	119	95	96	.	20
180	53			0	0	0	0	0	0	0		20
181	9	Sol5	G5	349	349	1	4	476	95	96	.	20.2
182	53			0	0	0	0	0	0	0		20.2
183	9	Fa5#3	F5#4	343	344	1	8	238	95	96	Sî	20.3
184	9	Sol5	G5	349	349	1	4	476	95	96	nem	20.5
185	9	Sol5	G5	349	349	1	8	238	99	96	de 	20.6
186	9	Fa5#3	F5#4	343	344	1	8	238	95	96		20.7
187	9	Sol5	G5	349	349	1	4	476	99	96	bir 	20.9
188	9	Fa5#3	F5#4	343	344	1	8	238	95	96		21
189	9	Sol5	G5	349	349	1	4	476	95	96	tu	21.2
190	9	Fa5#3	F5#4	343	344	1	8	238	99	96	tuþ	21.3
191	9	Mi5	E5	336	336	1	8	238	99	96		21.4
192	9	Re5	D5	327	327	1	8	238	95	96		21.5
193	9	Fa5#3	F5#4	343	344	1	8	238	99	96	muþ 	21.6
194	9	Sol5	G5	349	349	1	8	238	99	96		21.7
195	9	La5	A5	358	358	1	4	476	95	96		21.9
196	9			-1	-1	1	8	238	100	0		22
197	53			0	0	0	0	0	0	0		22
198	9	Do6	C6	371	371	1	8	238	99	96	yan	22.1
199	9	Si5b2	B5b1	365	366	1	8	238	99	96		22.2
200	9	La5	A5	358	358	1	8	238	95	96		22.3
201	9	Sol5	G5	349	349	1	8	238	99	96	mýþ_	22.4
202	9	Fa5#3	F5#4	343	344	1	8	238	95	96		22.5
203	9	Mi5	E5	336	336	1	8	238	99	96	o	22.6
204	9	Re5	D5	327	327	1	8	238	95	96		22.7
205	9	Re5	D5	327	327	1	4	476	99	96	cað	22.9
206	9	Si4b2	B4b1	312	313	1	8	238	95	96		23
207	9	Do5	C5	318	318	1	4	476	95	96	o	23.2
208	9	Do5	C5	318	318	1	8	238	99	96	lay	23.3
209	9	Si4b2	B4b1	312	313	1	8	238	99	96		23.4
210	9	La4	A4	305	305	1	8	238	95	96		23.5
211	9	La4	A4	305	305	1	4	476	95	96	dý  	23.7
212	53			0	0	0	0	0	0	0		23.7
213	9	Mi5	E5	336	336	1	16	119	95	96	SAZ	23.75
214	9	Fa5	F5	340	340	1	16	119	95	96	.	23.8
215	9	Mi5	E5	336	336	1	16	119	95	96	.	23.85
216	9	Re5	D5	327	327	1	16	119	95	96	.	23.9
217	9	Re5	D5	327	327	1	16	119	95	96	.	23.95
218	9	Do5	C5	318	318	1	16	119	95	96	.	24
219	9	Re5	D5	327	327	1	4	476	95	96	.	24.2
220	53			0	0	0	0	0	0	0		24.2
221	9	Do5	C5	318	318	1	8	238	95	96	Zül	24.3
222	9	Re5	D5	327	327	1	4	476	95	96	fün 	24.5
223	9	Re5	D5	327	327	1	4	476	95	96	ka	24.7
224	9	Re5	D5	327	327	1	4	476	99	96	ran	24.9
225	9	Si4b2	B4b1	312	313	1	8	238	95	96		25
226	9	Do5	C5	318	318	1	4	476	95	96	lý	25.2
227	9	Do5	C5	318	318	1	8	238	99	96	ðýn	25.3
228	9	Si4b2	B4b1	312	313	1	8	238	99	96		25.4
229	9	La4	A4	305	305	1	8	238	95	96		25.5
230	9	Do5	C5	318	318	1	8	238	99	96	da 	25.6
231	9	Si4b2	B4b1	312	313	1	16	119	99	96		25.65
232	9	La4	A4	305	305	1	16	119	99	96		25.7
233	9	Si4b2	B4b1	312	313	1	4	476	99	96		25.9
234	9	La4	A4	305	305	1	8	238	95	96		26
235	53			0	0	0	0	0	0	0		26
236	9	Mi5	E5	336	336	1	4	476	99	96	bez	26.2
237	9	Re5	D5	327	327	1	8	238	95	96		26.3
238	9	Re5	D5	327	327	1	4	476	95	96	me 	26.5
239	9	Re5	D5	327	327	1	8	238	99	96	çe	26.6
240	9	Do5	C5	318	318	1	8	238	95	96		26.7
241	9	Si4b2	B4b1	312	313	1	8	238	99	96	rað 	26.8
242	9	La4	A4	305	305	1	8	238	99	96		26.9
243	9	Si4b2	B4b1	312	313	1	8	238	95	96		27
244	9	Do5	C5	318	318	3	16	357	99	96	o	27.15
245	9	Re5	D5	327	327	1	16	119	95	96		27.2
246	9	Do5	C5	318	318	1	8	238	99	96	lay	27.3
247	9	Si4b2	B4b1	312	313	1	8	238	99	96		27.4
248	9	La4	A4	305	305	1	8	238	95	96		27.5
249	9	La4	A4	305	305	1	4	476	95	96	dý  	27.7
250	53			0	0	0	0	0	0	0		27.7
251	9	Mi5	E5	336	336	1	16	119	95	96	SAZ	27.75
252	9	Fa5	F5	340	340	1	16	119	95	96	.	27.8
253	9	Mi5	E5	336	336	1	16	119	95	96	.	27.85
254	9	Re5	D5	327	327	1	16	119	95	96	.	27.9
255	9	Re5	D5	327	327	1	16	119	95	96	.	27.95
256	9	Do5	C5	318	318	1	16	119	95	96	.	28
257	53			0	0	0	0	0	0	0		28
258	9	Re5	D5	327	327	1	4	476	95	96	.	28.2
259	53			0	0	0	0	0	0	0		28.2
260	9	Do5	C5	318	318	1	8	238	95	96	Zül	28.3
261	9	Re5	D5	327	327	1	4	476	95	96	fün 	28.5
262	9	Re5	D5	327	327	1	4	476	95	96	ka	28.7
263	9	Re5	D5	327	327	1	4	476	99	96	ran	28.9
264	9	Si4b2	B4b1	312	313	1	8	238	95	96		29
265	9	Do5	C5	318	318	1	4	476	95	96	lý	29.2
266	9	Do5	C5	318	318	1	8	238	99	96	ðýn	29.3
267	9	Si4b2	B4b1	312	313	1	8	238	99	96		29.4
268	9	La4	A4	305	305	1	8	238	95	96		29.5
269	9	Do5	C5	318	318	1	8	238	99	96	da 	29.6
270	9	Si4b2	B4b1	312	313	1	16	119	99	96		29.65
271	9	La4	A4	305	305	1	16	119	99	96		29.7
272	9	Si4b2	B4b1	312	313	1	4	476	99	96		29.9
273	9	La4	A4	305	305	1	8	238	95	96		30
274	53			0	0	0	0	0	0	0		30
275	9	Mi5	E5	336	336	1	4	476	99	96	bez	30.2
276	9	Re5	D5	327	327	1	8	238	95	96		30.3
277	9	Re5	D5	327	327	1	4	476	95	96	me 	30.5
278	9	Re5	D5	327	327	1	8	238	99	96	çe	30.6
279	9	Do5	C5	318	318	1	8	238	95	96		30.7
280	9	Si4b2	B4b1	312	313	1	8	238	99	96	rað 	30.8
281	9	La4	A4	305	305	1	8	238	99	96		30.9
282	9	Si4b2	B4b1	312	313	1	8	238	95	96		31
283	9	Do5	C5	318	318	1	4	476	95	96	o	31.2
284	9	Re5	D5	327	327	1	8	238	99	96	lay	31.3
285	9	Si4b2	B4b1	312	313	1	8	238	99	96		31.4
286	9	La4	A4	305	305	1	8	238	95	96		31.5
287	9	La4	A4	305	305	1	4	476	95	96	dý  	31.7
288	53			0	0	0	0	0	0	0		31.7
289	9	Sol5	G5	349	349	1	16	119	95	96	SAZ	31.75
290	9	Fa5#3	F5#4	343	344	1	16	119	95	96	.	31.8
291	9	Mi5	E5	336	336	1	16	119	95	96	.	31.85
292	9	Re5	D5	327	327	1	16	119	95	96	.	31.9
293	9	Mi5	E5	336	336	1	16	119	95	96	.	31.95
294	9	Fa5#3	F5#4	343	344	1	16	119	95	96	.	32
295	9	Sol5	G5	349	349	1	4	476	95	96	.	32.2
296	53			0	0	0	0	0	0	0		32.2
297	9	Fa5#3	F5#4	343	344	1	8	238	95	96	No	32.3
298	9	Sol5	G5	349	349	1	4	476	95	96	lay	32.5
299	9	Sol5	G5	349	349	1	8	238	99	96	dý 	32.6
300	9	Fa5#3	F5#4	343	344	1	8	238	95	96		32.7
301	9	Sol5	G5	349	349	1	4	476	99	96	yâr 	32.9
302	9	Fa5#3	F5#4	343	344	1	8	238	95	96		33
303	9	Sol5	G5	349	349	1	4	476	95	96	o	33.2
304	9	Fa5#3	F5#4	343	344	1	8	238	99	96	lay	33.3
305	9	Mi5	E5	336	336	1	8	238	99	96		33.4
306	9	Re5	D5	327	327	1	8	238	95	96		33.5
307	9	Fa5#3	F5#4	343	344	1	8	238	99	96	dý 	33.6
308	9	Sol5	G5	349	349	1	8	238	99	96		33.7
309	9	La5	A5	358	358	1	4	476	95	96		33.9
310	9			-1	-1	1	8	238	100	0		34
311	53			0	0	0	0	0	0	0		34
312	9	Do6	C6	371	371	1	8	238	99	96	yâr 	34.1
313	9	Si5b2	B5b1	365	366	1	8	238	99	96		34.2
314	9	La5	A5	358	358	1	8	238	95	96		34.3
315	9	Sol5	G5	349	349	1	8	238	99	96	bâ	34.4
316	9	Fa5#3	F5#4	343	344	1	8	238	95	96		34.5
317	9	Mi5	E5	336	336	1	8	238	99	96	de 	34.6
318	9	Re5	D5	327	327	1	8	238	95	96		34.7
319	9	Re5	D5	327	327	1	4	476	99	96	dol	34.9
320	9	Si4b2	B4b1	312	313	1	8	238	95	96		35
321	9	Do5	C5	318	318	3	16	357	99	96	du	35.15
322	9	Re5	D5	327	327	1	16	119	95	96		35.2
323	9	Do5	C5	318	318	1	8	238	99	96	ray	35.3
324	9	Si4b2	B4b1	312	313	1	8	238	99	96		35.4
325	9	La4	A4	305	305	1	8	238	95	96		35.5
326	9	La4	A4	305	305	1	4	476	95	96	dý  	35.7
327	53			0	0	0	0	0	0	0		35.7
328	9	Sol5	G5	349	349	1	16	119	95	96	SAZ	35.75
329	9	Fa5#3	F5#4	343	344	1	16	119	95	96	.	35.8
330	9	Mi5	E5	336	336	1	16	119	95	96	.	35.85
331	9	Re5	D5	327	327	1	16	119	95	96	.	35.9
332	9	Mi5	E5	336	336	1	16	119	95	96	.	35.95
333	9	Fa5#3	F5#4	343	344	1	16	119	95	96	.	36
334	9	Sol5	G5	349	349	1	4	476	95	96	.	36.2
335	53			0	0	0	0	0	0	0		36.2
336	9	Fa5#3	F5#4	343	344	1	8	238	95	96	No	36.3
337	9	Sol5	G5	349	349	1	4	476	95	96	lay	36.5
338	9	Sol5	G5	349	349	1	8	238	99	96	dý 	36.6
339	9	Fa5#3	F5#4	343	344	1	8	238	95	96		36.7
340	9	Sol5	G5	349	349	1	4	476	99	96	yâr 	36.9
341	9	Fa5#3	F5#4	343	344	1	8	238	95	96		37
342	9	Sol5	G5	349	349	1	4	476	95	96	o	37.2
343	9	Fa5#3	F5#4	343	344	1	8	238	99	96	lay	37.3
344	9	Mi5	E5	336	336	1	8	238	99	96		37.4
345	9	Re5	D5	327	327	1	8	238	95	96		37.5
346	9	Fa5#3	F5#4	343	344	1	8	238	99	96	dý 	37.6
347	9	Sol5	G5	349	349	1	8	238	99	96		37.7
348	9	La5	A5	358	358	1	4	476	95	96		37.9
349	9			-1	-1	1	8	238	100	0		38
350	53			0	0	0	0	0	0	0		38
351	9	Do6	C6	371	371	1	8	238	99	96	yâr 	38.1
352	9	Si5b2	B5b1	365	366	1	8	238	99	96		38.2
353	9	La5	A5	358	358	1	8	238	95	96		38.3
354	9	Sol5	G5	349	349	1	8	238	99	96	bâ	38.4
355	9	Fa5#3	F5#4	343	344	1	8	238	95	96		38.5
356	9	Mi5	E5	336	336	1	8	238	99	96	de 	38.6
357	9	Re5	D5	327	327	1	8	238	95	96		38.7
358	9	Re5	D5	327	327	1	4	476	99	96	dol	38.9
359	9	Si4b2	B4b1	312	313	1	8	238	95	96		39
360	9	Do5	C5	318	318	1	4	476	95	96	du	39.2
361	9	Re5	D5	327	327	1	8	238	99	96	ray	39.3
362	9	Si4b2	B4b1	312	313	1	8	238	99	96		39.4
363	9	La4	A4	305	305	1	8	238	95	96		39.5
364	9	La4	A4	305	305	1	4	476	95	96	dý  	39.7
365	53			0	0	0	0	0	0	0		39.7
366	9	Mi5	E5	336	336	1	16	119	95	96	SAZ	39.75
367	9	Fa5	F5	340	340	1	16	119	95	96	.	39.8
368	9	Mi5	E5	336	336	1	16	119	95	96	.	39.85
369	9	Re5	D5	327	327	1	16	119	95	96	.	39.9
370	9	Re5	D5	327	327	1	16	119	95	96	.	39.95
371	9	Do5	C5	318	318	1	16	119	95	96	.	40
372	9	Re5	D5	327	327	1	4	476	95	96	.	40.2
373	53			0	0	0	0	0	0	0		40.2
374	9	Do5	C5	318	318	1	8	238	95	96	Þu 	40.3
375	9	Re5	D5	327	327	1	4	476	95	96	ga	40.5
376	9	Re5	D5	327	327	1	4	476	95	96	rip 	40.7
377	9	Re5	D5	327	327	1	4	476	99	96	gön	40.9
378	9	Si4b2	B4b1	312	313	1	8	238	95	96		41
379	9	Do5	C5	318	318	1	4	476	95	96	lüm_	41.2
380	9	Do5	C5	318	318	1	8	238	99	96	i	41.3
381	9	Si4b2	B4b1	312	313	1	8	238	99	96		41.4
382	9	La4	A4	305	305	1	8	238	95	96		41.5
383	9	Do5	C5	318	318	1	8	238	99	96	çin 	41.6
384	9	Si4b2	B4b1	312	313	1	16	119	99	96		41.65
385	9	La4	A4	305	305	1	16	119	99	96		41.7
386	9	Si4b2	B4b1	312	313	1	4	476	99	96		41.9
387	9	La4	A4	305	305	1	8	238	95	96		42
388	53			0	0	0	0	0	0	0		42
389	8	Re5	D5	327	327	0	0	0	95	96		42
390	9	Mi5	E5	336	336	1	4	476	99	96	ka	42.2
391	9	Re5	D5	327	327	1	8	238	95	96		42.3
392	9	Re5	D5	327	327	1	4	476	95	96	nun_	42.5
393	9	Re5	D5	327	327	1	8	238	99	96	i	42.6
394	9	Do5	C5	318	318	1	8	238	95	96		42.7
395	9	Si4b2	B4b1	312	313	1	8	238	99	96	cad_	42.8
396	9	La4	A4	305	305	1	8	238	99	96		42.9
397	9	Si4b2	B4b1	312	313	1	8	238	95	96		43
398	9	Do5	C5	318	318	3	16	357	99	96	o	43.15
399	9	Re5	D5	327	327	1	16	119	95	96		43.2
400	9	Do5	C5	318	318	1	8	238	99	96	lay	43.3
401	9	Si4b2	B4b1	312	313	1	8	238	99	96		43.4
402	9	La4	A4	305	305	1	8	238	95	96		43.5
403	9	La4	A4	305	305	1	4	476	95	96	dý  	43.7
404	53			0	0	0	0	0	0	0		43.7
405	9	Mi5	E5	336	336	1	16	119	95	96	SAZ	43.75
406	9	Fa5	F5	340	340	1	16	119	95	96	.	43.8
407	9	Mi5	E5	336	336	1	16	119	95	96	.	43.85
408	9	Re5	D5	327	327	1	16	119	95	96	.	43.9
409	9	Re5	D5	327	327	1	16	119	95	96	.	43.95
410	9	Do5	C5	318	318	1	16	119	95	96	.	44
411	53			0	0	0	0	0	0	0		44
412	9	Re5	D5	327	327	1	4	476	95	96	.	44.2
413	53			0	0	0	0	0	0	0		44.2
414	9	Do5	C5	318	318	1	8	238	95	96	Þu 	44.3
415	9	Re5	D5	327	327	1	4	476	95	96	ga	44.5
416	9	Re5	D5	327	327	1	4	476	95	96	rip 	44.7
417	9	Re5	D5	327	327	1	4	476	99	96	gön	44.9
418	9	Si4b2	B4b1	312	313	1	8	238	95	96		45
419	9	Do5	C5	318	318	1	4	476	95	96	lüm_	45.2
420	9	Do5	C5	318	318	1	8	238	99	96	i	45.3
421	9	Si4b2	B4b1	312	313	1	8	238	99	96		45.4
422	9	La4	A4	305	305	1	8	238	95	96		45.5
423	9	Do5	C5	318	318	1	8	238	99	96	çin 	45.6
424	9	Si4b2	B4b1	312	313	1	16	119	99	96		45.65
425	9	La4	A4	305	305	1	16	119	99	96		45.7
426	9	Si4b2	B4b1	312	313	1	4	476	99	96		45.9
427	9	La4	A4	305	305	1	8	238	95	96		46
428	53			0	0	0	0	0	0	0		46
429	8	Re5	D5	327	327	0	0	0	95	96		46
430	9	Mi5	E5	336	336	1	4	476	99	96	ka	46.2
431	9	Re5	D5	327	327	1	8	238	95	96		46.3
432	9	Re5	D5	327	327	1	4	476	95	96	nun_	46.5
433	9	Re5	D5	327	327	1	8	238	99	96	i	46.6
434	9	Do5	C5	318	318	1	8	238	95	96		46.7
435	9	Si4b2	B4b1	312	313	1	8	238	99	96	cad_	46.8
436	9	La4	A4	305	305	1	8	238	99	96		46.9
437	9	Si4b2	B4b1	312	313	1	8	238	95	96		47
438	9	Do5	C5	318	318	3	16	357	99	96	o	47.15
439	9	Re5	D5	327	327	1	16	119	95	96		47.2
440	9	Do5	C5	318	318	1	8	238	99	96	lay	47.3
441	9	Si4b2	B4b1	312	313	1	8	238	99	96		47.4
442	9	La4	A4	305	305	1	8	238	95	96		47.5
443	9	La4	A4	305	305	1	2	952	95	96	dý  	47.9
444	9			-1	-1	1	8	238	100	0		48
445	53			0	0	0	0	0	0	0		48
446	9	La4	A4	305	305	1	4	476	95	96	ARANAÐME	48.2
447	9	Sol5	G5	349	349	1	8	238	95	96	.	48.3
448	9	Fa5#3	F5#4	343	344	1	8	238	95	96	.	48.4
449	9	Sol5	G5	349	349	1	8	238	95	96	.	48.5
450	9	Mi5	E5	336	336	1	4	476	95	96	.	48.7
451	9	Mi5	E5	336	336	1	4	476	95	96	.	48.9
452	9	Do5	C5	318	318	1	8	238	95	96	.	49
453	9	Re5	D5	327	327	1	4	476	95	96	.	49.2
454	9	Re5	D5	327	327	1	4	476	95	96	.	49.4
455	9	Si4b2	B4b1	312	313	1	8	238	95	96	.	49.5
456	9	Do5	C5	318	318	3	16	357	95	96	.	49.65
457	9	Re5	D5	327	327	1	16	119	95	96	.	49.7
458	9	Do5	C5	318	318	1	8	238	95	96	.	49.8
459	9	Si4b2	B4b1	312	313	1	8	238	95	96	.	49.9
460	9	La4	A4	305	305	1	8	238	95	96	.	50
461	9	La4	A4	305	305	1	4	476	95	96	.	50.2
462	53			0	0	0	0	0	0	0		50.2
463	9	Sol5	G5	349	349	1	8	238	95	96	.	50.3
464	9	Fa5#3	F5#4	343	344	1	8	238	95	96	.	50.4
465	9	Sol5	G5	349	349	1	8	238	95	96	.	50.5
466	9	Mi5	E5	336	336	1	4	476	95	96	.	50.7
467	9	Mi5	E5	336	336	1	4	476	95	96	.	50.9
468	9	Re5	D5	327	327	1	8	238	95	96	.	51
469	9	Re5	D5	327	327	1	4	476	95	96	.	51.2
470	9	Sol5	G5	349	349	1	8	238	95	96	.	51.3
471	9	Fa5#3	F5#4	343	344	1	8	238	95	96	.	51.4
472	9	Mi5	E5	336	336	1	8	238	95	96	.	51.5
473	9	Fa5#3	F5#4	343	344	1	8	238	95	96	.	51.6
474	9	Sol5	G5	349	349	1	8	238	95	96	.	51.7
475	9	La5	A5	358	358	3	8	714	95	96	.	52
476	53			0	0	0	0	0	0	0		52
477	9	La5	A5	358	358	1	4	476	95	96	.	52.2
478	9	Do6	C6	371	371	1	8	238	95	96	.	52.3
479	9	Si5b2	B5b1	365	366	1	8	238	95	96	.	52.4
480	9	La5	A5	358	358	1	8	238	95	96	.	52.5
481	9	Sol5	G5	349	349	1	8	238	95	96	.	52.6
482	9	Fa5#3	F5#4	343	344	1	8	238	95	96	.	52.7
483	9	Mi5	E5	336	336	1	4	476	95	96	.	52.9
484	9	Re5	D5	327	327	1	8	238	95	96	.	53
485	53			0	0	0	0	0	0	0		53
486	9	Re5	D5	327	327	1	8	238	95	96	.	53.1
487	9	Do5	C5	318	318	1	8	238	95	96	.	53.2
488	9	Re5	D5	327	327	1	8	238	95	96	.	53.3
489	9	Mi5	E5	336	336	1	4	476	95	96	.	53.5
490	9	Do5	C5	318	318	1	8	238	95	96	.	53.6
491	9	Re5	D5	327	327	1	8	238	95	96	.	53.7
492	9	Do5	C5	318	318	1	4	476	95	96	.	53.9
493	9	Si4b2	B4b1	312	313	1	8	238	95	96	.	54
494	9	La4	A4	305	305	1	8	238	95	96	.	54.1
495	9	Sol4	G4	296	296	1	8	238	95	96	.	54.2
496	9	La4	A4	305	305	1	8	238	95	96	.	54.3
497	9	Si4b2	B4b1	312	313	1	8	238	95	96	.	54.4
498	9	Do5	C5	318	318	1	8	238	95	96	.	54.5
499	9	Re5	D5	327	327	1	8	238	95	96	.	54.6
500	9	Mi5	E5	336	336	1	8	238	95	96	.	54.7
501	9	Do5	C5	318	318	1	8	238	95	96	.	54.8
502	9	Si4b2	B4b1	312	313	1	8	238	95	96	.	54.9
503	9	La4	A4	305	305	1	8	238	95	96	.	55
504	53			0	0	0	0	0	0	0		55
505	9	La4	A4	305	305	1	8	238	95	96	.	55.1
506	9	Si4b2	B4b1	312	313	1	8	238	95	96	.	55.2
507	9	Re5	D5	327	327	1	8	238	95	96	.	55.3
508	9	Do5	C5	318	318	1	8	238	95	96	.	55.4
509	9	Si4b2	B4b1	312	313	1	8	238	95	96	.	55.5
510	9	Si4b2	B4b1	312	313	1	8	238	95	96	.	55.6
511	9	La4	A4	305	305	1	8	238	95	96	.	55.7
512	9	La4	A4	305	305	3	8	714	95	96	.	56
513	53			0	0	0	0	0	0	0		56
514	9	La4	A4	305	305	1	4	476	95	96	ARANAÐME	56.2
515	9	Sol5	G5	349	349	1	8	238	95	96	.	56.3
516	9	Fa5#3	F5#4	343	344	1	8	238	95	96	.	56.4
517	9	Sol5	G5	349	349	1	8	238	95	96	.	56.5
518	9	Mi5	E5	336	336	1	4	476	95	96	.	56.7
519	9	Mi5	E5	336	336	1	4	476	95	96	.	56.9
520	9	Do5	C5	318	318	1	8	238	95	96	.	57
521	9	Re5	D5	327	327	1	4	476	95	96	.	57.2
522	9	Re5	D5	327	327	1	4	476	95	96	.	57.4
523	9	Si4b2	B4b1	312	313	1	8	238	95	96	.	57.5
524	9	Do5	C5	318	318	3	16	357	95	96	.	57.65
525	9	Re5	D5	327	327	1	16	119	95	96	.	57.7
526	9	Do5	C5	318	318	1	8	238	95	96	.	57.8
527	9	Si4b2	B4b1	312	313	1	8	238	95	96	.	57.9
528	9	La4	A4	305	305	1	8	238	95	96	.	58
529	9	La4	A4	305	305	1	4	476	95	96	.	58.2
530	53			0	0	0	0	0	0	0		58.2
531	9	Sol5	G5	349	349	1	8	238	95	96	.	58.3
532	9	Fa5#3	F5#4	343	344	1	8	238	95	96	.	58.4
533	9	Sol5	G5	349	349	1	8	238	95	96	.	58.5
534	9	Mi5	E5	336	336	1	4	476	95	96	.	58.7
535	9	Mi5	E5	336	336	1	4	476	95	96	.	58.9
536	9	Re5	D5	327	327	1	8	238	95	96	.	59
537	9	Re5	D5	327	327	1	4	476	95	96	.	59.2
538	9	Sol5	G5	349	349	1	8	238	95	96	.	59.3
539	9	Fa5#3	F5#4	343	344	1	8	238	95	96	.	59.4
540	9	Mi5	E5	336	336	1	8	238	95	96	.	59.5
541	9	Fa5#3	F5#4	343	344	1	8	238	95	96	.	59.6
542	9	Sol5	G5	349	349	1	8	238	95	96	.	59.7
543	9	La5	A5	358	358	3	8	714	95	96	.	60
544	53			0	0	0	0	0	0	0		60
545	9	La5	A5	358	358	1	4	476	95	96	.	60.2
546	9	Do6	C6	371	371	1	8	238	95	96	.	60.3
547	9	Si5b2	B5b1	365	366	1	8	238	95	96	.	60.4
548	9	La5	A5	358	358	1	8	238	95	96	.	60.5
549	9	Sol5	G5	349	349	1	8	238	95	96	.	60.6
550	9	Fa5#3	F5#4	343	344	1	8	238	95	96	.	60.7
551	9	Mi5	E5	336	336	1	4	476	95	96	.	60.9
552	9	Re5	D5	327	327	1	8	238	95	96	.	61
553	53			0	0	0	0	0	0	0		61
554	9	Re5	D5	327	327	1	8	238	95	96	.	61.1
555	9	Do5	C5	318	318	1	8	238	95	96	.	61.2
556	9	Re5	D5	327	327	1	8	238	95	96	.	61.3
557	9	Mi5	E5	336	336	1	4	476	95	96	.	61.5
558	9	Do5	C5	318	318	1	8	238	95	96	.	61.6
559	9	Re5	D5	327	327	1	8	238	95	96	.	61.7
560	9	Do5	C5	318	318	1	4	476	95	96	.	61.9
561	9	Si4b2	B4b1	312	313	1	8	238	95	96	.	62
562	9	La4	A4	305	305	1	8	238	95	96	.	62.1
563	9	Sol4	G4	296	296	1	8	238	95	96	.	62.2
564	9	La4	A4	305	305	1	8	238	95	96	.	62.3
565	9	Si4b2	B4b1	312	313	1	8	238	95	96	.	62.4
566	9	Do5	C5	318	318	1	8	238	95	96	.	62.5
567	9	Re5	D5	327	327	1	8	238	95	96	.	62.6
568	9	Mi5	E5	336	336	1	8	238	95	96	.	62.7
569	9	Do5	C5	318	318	1	8	238	95	96	.	62.8
570	9	Si4b2	B4b1	312	313	1	8	238	95	96	.	62.9
571	9	La4	A4	305	305	1	8	238	95	96	.	63
572	53			0	0	0	0	0	0	0		63
573	9	La4	A4	305	305	1	8	238	95	96	.	63.1
574	9	Si4b2	B4b1	312	313	1	8	238	95	96	.	63.2
575	9	Re5	D5	327	327	1	8	238	95	96	.	63.3
576	9	Do5	C5	318	318	1	8	238	95	96	.	63.4
577	9	Si4b2	B4b1	312	313	1	8	238	95	96	.	63.5
578	9	Si4b2	B4b1	312	313	1	8	238	95	96	.	63.6
579	9	La4	A4	305	305	1	8	238	95	96	.	63.7
580	53			0	0	0	0	0	0	0		63.7
581	9	Sol5	G5	349	349	1	16	119	95	96	.	63.75
582	9	Fa5#3	F5#4	343	344	1	16	119	95	96	.	63.8
583	9	Mi5	E5	336	336	1	16	119	95	96	.	63.85
584	9	Re5	D5	327	327	1	16	119	95	96	.	63.9
585	9	Mi5	E5	336	336	1	16	119	95	96	.	63.95
586	9	Fa5#3	F5#4	343	344	1	16	119	95	96	.	64
587	9	Sol5	G5	349	349	1	4	476	95	96	.	64.2
588	53			0	0	0	0	0	0	0		64.2
589	9	Fa5#3	F5#4	343	344	1	8	238	95	96	Sî	64.3
590	9	Sol5	G5	349	349	1	4	476	95	96	nem	64.5
591	9	Sol5	G5	349	349	1	8	238	99	96	de 	64.6
592	9	Fa5#3	F5#4	343	344	1	8	238	95	96		64.7
593	9	Sol5	G5	349	349	1	4	476	99	96	bir 	64.9
594	9	Fa5#3	F5#4	343	344	1	8	238	95	96		65
595	9	Sol5	G5	349	349	1	4	476	95	96	tu	65.2
596	9	Fa5#3	F5#4	343	344	1	8	238	99	96	tuþ	65.3
597	9	Mi5	E5	336	336	1	8	238	99	96		65.4
598	9	Re5	D5	327	327	1	8	238	95	96		65.5
599	9	Fa5#3	F5#4	343	344	1	8	238	99	96	muþ 	65.6
600	9	Sol5	G5	349	349	1	8	238	99	96		65.7
601	9	La5	A5	358	358	1	4	476	95	96		65.9
602	9			-1	-1	1	8	238	100	0		66
603	53			0	0	0	0	0	0	0		66
604	9	Do6	C6	371	371	1	8	238	99	96	yan	66.1
605	9	Si5b2	B5b1	365	366	1	8	238	99	96		66.2
606	9	La5	A5	358	358	1	8	238	95	96		66.3
607	9	Sol5	G5	349	349	1	8	238	99	96	mýþ_	66.4
608	9	Fa5#3	F5#4	343	344	1	8	238	95	96		66.5
609	9	Mi5	E5	336	336	1	8	238	99	96	o	66.6
610	9	Re5	D5	327	327	1	8	238	95	96		66.7
611	9	Re5	D5	327	327	1	4	476	99	96	cað	66.9
612	9	Si4b2	B4b1	312	313	1	8	238	95	96		67
613	9	Do5	C5	318	318	1	4	476	95	96	o	67.2
614	9	Do5	C5	318	318	1	8	238	99	96	lay	67.3
615	9	Si4b2	B4b1	312	313	1	8	238	99	96		67.4
616	9	La4	A4	305	305	1	8	238	95	96		67.5
617	9	La4	A4	305	305	1	4	476	95	96	dý  	67.7
618	53			0	0	0	0	0	0	0		67.7
619	9	Sol5	G5	349	349	1	16	119	95	96	SAZ	67.75
620	9	Fa5#3	F5#4	343	344	1	16	119	95	96	.	67.8
621	9	Mi5	E5	336	336	1	16	119	95	96	.	67.85
622	9	Re5	D5	327	327	1	16	119	95	96	.	67.9
623	9	Mi5	E5	336	336	1	16	119	95	96	.	67.95
624	9	Fa5#3	F5#4	343	344	1	16	119	95	96	.	68
625	53			0	0	0	0	0	0	0		68
626	9	Sol5	G5	349	349	1	4	476	95	96	.	68.2
627	53			0	0	0	0	0	0	0		68.2
628	9	Fa5#3	F5#4	343	344	1	8	238	95	96	Sî	68.3
629	9	Sol5	G5	349	349	1	4	476	95	96	nem	68.5
630	9	Sol5	G5	349	349	1	8	238	99	96	de 	68.6
631	9	Fa5#3	F5#4	343	344	1	8	238	95	96		68.7
632	9	Sol5	G5	349	349	1	4	476	99	96	bir 	68.9
633	9	Fa5#3	F5#4	343	344	1	8	238	95	96		69
634	9	Sol5	G5	349	349	1	4	476	95	96	tu	69.2
635	9	Fa5#3	F5#4	343	344	1	8	238	99	96	tuþ	69.3
636	9	Mi5	E5	336	336	1	8	238	99	96		69.4
637	9	Re5	D5	327	327	1	8	238	95	96		69.5
638	9	Fa5#3	F5#4	343	344	1	8	238	99	96	muþ 	69.6
639	9	Sol5	G5	349	349	1	8	238	99	96		69.7
640	9	La5	A5	358	358	1	4	476	95	96		69.9
641	9			-1	-1	1	8	238	100	0		70
642	53			0	0	0	0	0	0	0		70
643	9	Do6	C6	371	371	1	8	238	99	96	yan	70.1
644	9	Si5b2	B5b1	365	366	1	8	238	99	96		70.2
645	9	La5	A5	358	358	1	8	238	95	96		70.3
646	9	Sol5	G5	349	349	1	8	238	99	96	mýþ_	70.4
647	9	Fa5#3	F5#4	343	344	1	8	238	95	96		70.5
648	9	Mi5	E5	336	336	1	8	238	99	96	o	70.6
649	9	Re5	D5	327	327	1	8	238	95	96		70.7
650	9	Re5	D5	327	327	1	4	476	99	96	cað	70.9
651	9	Si4b2	B4b1	312	313	1	8	238	95	96		71
652	9	Do5	C5	318	318	1	4	476	95	96	o	71.2
653	9	Do5	C5	318	318	1	8	238	99	96	lay	71.3
654	9	Si4b2	B4b1	312	313	1	8	238	99	96		71.4
655	9	La4	A4	305	305	1	8	238	95	96		71.5
656	9	La4	A4	305	305	1	4	476	95	96	dý  	71.7
657	53			0	0	0	0	0	0	0		71.7
658	9	Mi5	E5	336	336	1	16	119	95	96	SAZ	71.75
659	9	Fa5	F5	340	340	1	16	119	95	96	.	71.8
660	9	Mi5	E5	336	336	1	16	119	95	96	.	71.85
661	9	Re5	D5	327	327	1	16	119	95	96	.	71.9
662	9	Re5	D5	327	327	1	16	119	95	96	.	71.95
663	9	Do5	C5	318	318	1	16	119	95	96	.	72
664	9	Re5	D5	327	327	1	4	476	95	96	.	72.2
665	53			0	0	0	0	0	0	0		72.2
666	9	Do5	C5	318	318	1	8	238	95	96	Zül	72.3
667	9	Re5	D5	327	327	1	4	476	95	96	fün 	72.5
668	9	Re5	D5	327	327	1	4	476	95	96	ka	72.7
669	9	Re5	D5	327	327	1	4	476	99	96	ran	72.9
670	9	Si4b2	B4b1	312	313	1	8	238	95	96		73
671	9	Do5	C5	318	318	1	4	476	95	96	lý	73.2
672	9	Do5	C5	318	318	1	8	238	99	96	ðýn	73.3
673	9	Si4b2	B4b1	312	313	1	8	238	99	96		73.4
674	9	La4	A4	305	305	1	8	238	95	96		73.5
675	9	Do5	C5	318	318	1	8	238	99	96	da 	73.6
676	9	Si4b2	B4b1	312	313	1	16	119	99	96		73.65
677	9	La4	A4	305	305	1	16	119	99	96		73.7
678	9	Si4b2	B4b1	312	313	1	4	476	99	96		73.9
679	9	La4	A4	305	305	1	8	238	95	96		74
680	53			0	0	0	0	0	0	0		74
681	9	Mi5	E5	336	336	1	4	476	99	96	bez	74.2
682	9	Re5	D5	327	327	1	8	238	95	96		74.3
683	9	Re5	D5	327	327	1	4	476	95	96	me 	74.5
684	9	Re5	D5	327	327	1	8	238	99	96	çe	74.6
685	9	Do5	C5	318	318	1	8	238	95	96		74.7
686	9	Si4b2	B4b1	312	313	1	8	238	99	96	rað 	74.8
687	9	La4	A4	305	305	1	8	238	99	96		74.9
688	9	Si4b2	B4b1	312	313	1	8	238	95	96		75
689	9	Do5	C5	318	318	3	16	357	99	96	o	75.15
690	9	Re5	D5	327	327	1	16	119	95	96		75.2
691	9	Do5	C5	318	318	1	8	238	99	96	lay	75.3
692	9	Si4b2	B4b1	312	313	1	8	238	99	96		75.4
693	9	La4	A4	305	305	1	8	238	95	96		75.5
694	9	La4	A4	305	305	1	4	476	95	96	dý  	75.7
695	53			0	0	0	0	0	0	0		75.7
696	9	Mi5	E5	336	336	1	16	119	95	96	SAZ	75.75
697	9	Fa5	F5	340	340	1	16	119	95	96	.	75.8
698	9	Mi5	E5	336	336	1	16	119	95	96	.	75.85
699	9	Re5	D5	327	327	1	16	119	95	96	.	75.9
700	9	Re5	D5	327	327	1	16	119	95	96	.	75.95
701	9	Do5	C5	318	318	1	16	119	95	96	.	76
702	53			0	0	0	0	0	0	0		76
703	9	Re5	D5	327	327	1	4	476	95	96	.	76.2
704	53			0	0	0	0	0	0	0		76.2
705	9	Do5	C5	318	318	1	8	238	95	96	Zül	76.3
706	9	Re5	D5	327	327	1	4	476	95	96	fün 	76.5
707	9	Re5	D5	327	327	1	4	476	95	96	ka	76.7
708	9	Re5	D5	327	327	1	4	476	99	96	ran	76.9
709	9	Si4b2	B4b1	312	313	1	8	238	95	96		77
710	9	Do5	C5	318	318	1	4	476	95	96	lý	77.2
711	9	Do5	C5	318	318	1	8	238	99	96	ðýn	77.3
712	9	Si4b2	B4b1	312	313	1	8	238	99	96		77.4
713	9	La4	A4	305	305	1	8	238	95	96		77.5
714	9	Do5	C5	318	318	1	8	238	99	96	da 	77.6
715	9	Si4b2	B4b1	312	313	1	16	119	99	96		77.65
716	9	La4	A4	305	305	1	16	119	99	96		77.7
717	9	Si4b2	B4b1	312	313	1	4	476	99	96		77.9
718	9	La4	A4	305	305	1	8	238	95	96		78
719	53			0	0	0	0	0	0	0		78
720	9	Mi5	E5	336	336	1	4	476	99	96	bez	78.2
721	9	Re5	D5	327	327	1	8	238	95	96		78.3
722	9	Re5	D5	327	327	1	4	476	95	96	me 	78.5
723	9	Re5	D5	327	327	1	8	238	99	96	çe	78.6
724	9	Do5	C5	318	318	1	8	238	95	96		78.7
725	9	Si4b2	B4b1	312	313	1	8	238	99	96	rað 	78.8
726	9	La4	A4	305	305	1	8	238	99	96		78.9
727	9	Si4b2	B4b1	312	313	1	8	238	95	96		79
728	9	Do5	C5	318	318	1	4	476	95	96	o	79.2
729	9	Re5	D5	327	327	1	8	238	99	96	lay	79.3
730	9	Si4b2	B4b1	312	313	1	8	238	99	96		79.4
731	9	La4	A4	305	305	1	8	238	95	96		79.5
732	9	La4	A4	305	305	1	4	476	95	96	dý  	79.7
733	53			0	0	0	0	0	0	0		79.7
734	9	Sol5	G5	349	349	1	16	119	95	96	SAZ	79.75
735	9	Fa5#3	F5#4	343	344	1	16	119	95	96	.	79.8
736	9	Mi5	E5	336	336	1	16	119	95	96	.	79.85
737	9	Re5	D5	327	327	1	16	119	95	96	.	79.9
738	9	Mi5	E5	336	336	1	16	119	95	96	.	79.95
739	9	Fa5#3	F5#4	343	344	1	16	119	95	96	.	80
740	9	Sol5	G5	349	349	1	4	476	95	96	.	80.2
741	53			0	0	0	0	0	0	0		80.2
742	9	Fa5#3	F5#4	343	344	1	8	238	95	96	No	80.3
743	9	Sol5	G5	349	349	1	4	476	95	96	lay	80.5
744	9	Sol5	G5	349	349	1	8	238	99	96	dý 	80.6
745	9	Fa5#3	F5#4	343	344	1	8	238	95	96		80.7
746	9	Sol5	G5	349	349	1	4	476	99	96	yâr 	80.9
747	9	Fa5#3	F5#4	343	344	1	8	238	95	96		81
748	9	Sol5	G5	349	349	1	4	476	95	96	o	81.2
749	9	Fa5#3	F5#4	343	344	1	8	238	99	96	lay	81.3
750	9	Mi5	E5	336	336	1	8	238	99	96		81.4
751	9	Re5	D5	327	327	1	8	238	95	96		81.5
752	9	Fa5#3	F5#4	343	344	1	8	238	99	96	dý 	81.6
753	9	Sol5	G5	349	349	1	8	238	99	96		81.7
754	9	La5	A5	358	358	1	4	476	95	96		81.9
755	9			-1	-1	1	8	238	100	0		82
756	53			0	0	0	0	0	0	0		82
757	9	Do6	C6	371	371	1	8	238	99	96	yâr 	82.1
758	9	Si5b2	B5b1	365	366	1	8	238	99	96		82.2
759	9	La5	A5	358	358	1	8	238	95	96		82.3
760	9	Sol5	G5	349	349	1	8	238	99	96	bâ	82.4
761	9	Fa5#3	F5#4	343	344	1	8	238	95	96		82.5
762	9	Mi5	E5	336	336	1	8	238	99	96	de 	82.6
763	9	Re5	D5	327	327	1	8	238	95	96		82.7
764	9	Re5	D5	327	327	1	4	476	99	96	dol	82.9
765	9	Si4b2	B4b1	312	313	1	8	238	95	96		83
766	9	Do5	C5	318	318	3	16	357	99	96	du	83.15
767	9	Re5	D5	327	327	1	16	119	95	96		83.2
768	9	Do5	C5	318	318	1	8	238	99	96	ray	83.3
769	9	Si4b2	B4b1	312	313	1	8	238	99	96		83.4
770	9	La4	A4	305	305	1	8	238	95	96		83.5
771	9	La4	A4	305	305	1	4	476	95	96	dý  	83.7
772	53			0	0	0	0	0	0	0		83.7
773	9	Sol5	G5	349	349	1	16	119	95	96	SAZ	83.75
774	9	Fa5#3	F5#4	343	344	1	16	119	95	96	.	83.8
775	9	Mi5	E5	336	336	1	16	119	95	96	.	83.85
776	9	Re5	D5	327	327	1	16	119	95	96	.	83.9
777	9	Mi5	E5	336	336	1	16	119	95	96	.	83.95
778	9	Fa5#3	F5#4	343	344	1	16	119	95	96	.	84
779	9	Sol5	G5	349	349	1	4	476	95	96	.	84.2
780	53			0	0	0	0	0	0	0		84.2
781	9	Fa5#3	F5#4	343	344	1	8	238	95	96	No	84.3
782	9	Sol5	G5	349	349	1	4	476	95	96	lay	84.5
783	9	Sol5	G5	349	349	1	8	238	99	96	dý 	84.6
784	9	Fa5#3	F5#4	343	344	1	8	238	95	96		84.7
785	9	Sol5	G5	349	349	1	4	476	99	96	yâr 	84.9
786	9	Fa5#3	F5#4	343	344	1	8	238	95	96		85
787	9	Sol5	G5	349	349	1	4	476	95	96	o	85.2
788	9	Fa5#3	F5#4	343	344	1	8	238	99	96	lay	85.3
789	9	Mi5	E5	336	336	1	8	238	99	96		85.4
790	9	Re5	D5	327	327	1	8	238	95	96		85.5
791	9	Fa5#3	F5#4	343	344	1	8	238	99	96	dý 	85.6
792	9	Sol5	G5	349	349	1	8	238	99	96		85.7
793	9	La5	A5	358	358	1	4	476	95	96		85.9
794	9			-1	-1	1	8	238	100	0		86
795	53			0	0	0	0	0	0	0		86
796	9	Do6	C6	371	371	1	8	238	99	96	yâr 	86.1
797	9	Si5b2	B5b1	365	366	1	8	238	99	96		86.2
798	9	La5	A5	358	358	1	8	238	95	96		86.3
799	9	Sol5	G5	349	349	1	8	238	99	96	bâ	86.4
800	9	Fa5#3	F5#4	343	344	1	8	238	95	96		86.5
801	9	Mi5	E5	336	336	1	8	238	99	96	de 	86.6
802	9	Re5	D5	327	327	1	8	238	95	96		86.7
803	9	Re5	D5	327	327	1	4	476	99	96	dol	86.9
804	9	Si4b2	B4b1	312	313	1	8	238	95	96		87
805	9	Do5	C5	318	318	1	4	476	95	96	du	87.2
806	9	Re5	D5	327	327	1	8	238	99	96	ray	87.3
807	9	Si4b2	B4b1	312	313	1	8	238	99	96		87.4
808	9	La4	A4	305	305	1	8	238	95	96		87.5
809	9	La4	A4	305	305	1	4	476	95	96	dý  	87.7
810	53			0	0	0	0	0	0	0		87.7
811	9	Mi5	E5	336	336	1	16	119	95	96	SAZ	87.75
812	9	Fa5	F5	340	340	1	16	119	95	96	.	87.8
813	9	Mi5	E5	336	336	1	16	119	95	96	.	87.85
814	9	Re5	D5	327	327	1	16	119	95	96	.	87.9
815	9	Re5	D5	327	327	1	16	119	95	96	.	87.95
816	9	Do5	C5	318	318	1	16	119	95	96	.	88
817	9	Re5	D5	327	327	1	4	476	95	96	.	88.2
818	53			0	0	0	0	0	0	0		88.2
819	9	Do5	C5	318	318	1	8	238	95	96	Þu 	88.3
820	9	Re5	D5	327	327	1	4	476	95	96	ga	88.5
821	9	Re5	D5	327	327	1	4	476	95	96	rip 	88.7
822	9	Re5	D5	327	327	1	4	476	99	96	gön	88.9
823	9	Si4b2	B4b1	312	313	1	8	238	95	96		89
824	9	Do5	C5	318	318	1	4	476	95	96	lüm_	89.2
825	9	Do5	C5	318	318	1	8	238	99	96	i	89.3
826	9	Si4b2	B4b1	312	313	1	8	238	99	96		89.4
827	9	La4	A4	305	305	1	8	238	95	96		89.5
828	9	Do5	C5	318	318	1	8	238	99	96	çin 	89.6
829	9	Si4b2	B4b1	312	313	1	16	119	99	96		89.65
830	9	La4	A4	305	305	1	16	119	99	96		89.7
831	9	Si4b2	B4b1	312	313	1	4	476	99	96		89.9
832	9	La4	A4	305	305	1	8	238	95	96		90
833	53			0	0	0	0	0	0	0		90
834	8	Re5	D5	327	327	0	0	0	95	96		90
835	9	Mi5	E5	336	336	1	4	476	99	96	ka	90.2
836	9	Re5	D5	327	327	1	8	238	95	96		90.3
837	9	Re5	D5	327	327	1	4	476	95	96	nun_	90.5
838	9	Re5	D5	327	327	1	8	238	99	96	i	90.6
839	9	Do5	C5	318	318	1	8	238	95	96		90.7
840	9	Si4b2	B4b1	312	313	1	8	238	99	96	cad_	90.8
841	9	La4	A4	305	305	1	8	238	99	96		90.9
842	9	Si4b2	B4b1	312	313	1	8	238	95	96		91
843	9	Do5	C5	318	318	3	16	357	99	96	o	91.15
844	9	Re5	D5	327	327	1	16	119	95	96		91.2
845	9	Do5	C5	318	318	1	8	238	99	96	lay	91.3
846	9	Si4b2	B4b1	312	313	1	8	238	99	96		91.4
847	9	La4	A4	305	305	1	8	238	95	96		91.5
848	9	La4	A4	305	305	1	4	476	95	96	dý  	91.7
849	53			0	0	0	0	0	0	0		91.7
850	9	Mi5	E5	336	336	1	16	119	95	96	SAZ	91.75
851	9	Fa5	F5	340	340	1	16	119	95	96	.	91.8
852	9	Mi5	E5	336	336	1	16	119	95	96	.	91.85
853	9	Re5	D5	327	327	1	16	119	95	96	.	91.9
854	9	Re5	D5	327	327	1	16	119	95	96	.	91.95
855	9	Do5	C5	318	318	1	16	119	95	96	.	92
856	53			0	0	0	0	0	0	0		92
857	9	Re5	D5	327	327	1	4	476	95	96	.	92.2
858	53			0	0	0	0	0	0	0		92.2
859	9	Do5	C5	318	318	1	8	238	95	96	Þu 	92.3
860	9	Re5	D5	327	327	1	4	476	95	96	ga	92.5
861	9	Re5	D5	327	327	1	4	476	95	96	rip 	92.7
862	9	Re5	D5	327	327	1	4	476	99	96	gön	92.9
863	9	Si4b2	B4b1	312	313	1	8	238	95	96		93
864	9	Do5	C5	318	318	1	4	476	95	96	lüm_	93.2
865	9	Do5	C5	318	318	1	8	238	99	96	i	93.3
866	9	Si4b2	B4b1	312	313	1	8	238	99	96		93.4
867	9	La4	A4	305	305	1	8	238	95	96		93.5
868	9	Do5	C5	318	318	1	8	238	99	96	çin 	93.6
869	9	Si4b2	B4b1	312	313	1	16	119	99	96		93.65
870	9	La4	A4	305	305	1	16	119	99	96		93.7
871	9	Si4b2	B4b1	312	313	1	4	476	99	96		93.9
872	9	La4	A4	305	305	1	8	238	95	96		94
873	53			0	0	0	0	0	0	0		94
874	8	Re5	D5	327	327	0	0	0	95	96		94
875	9	Mi5	E5	336	336	1	4	476	99	96	ka	94.2
876	9	Re5	D5	327	327	1	8	238	95	96		94.3
877	9	Re5	D5	327	327	1	4	476	95	96	nun_	94.5
878	9	Re5	D5	327	327	1	8	238	99	96	i	94.6
879	9	Do5	C5	318	318	1	8	238	95	96		94.7
880	9	Si4b2	B4b1	312	313	1	8	238	99	96	cad_	94.8
881	9	La4	A4	305	305	1	8	238	99	96		94.9
882	9	Si4b2	B4b1	312	313	1	8	238	95	96		95
883	9	Do5	C5	318	318	3	16	357	99	96	o	95.15
884	9	Re5	D5	327	327	1	16	119	95	96		95.2
885	9	Do5	C5	318	318	1	8	238	99	96	lay	95.3
886	9	Si4b2	B4b1	312	313	1	8	238	99	96		95.4
887	9	La4	A4	305	305	1	8	238	95	96		95.5
888	9	La4	A4	305	305	1	2	952	95	96	dý  	95.9
889	9			-1	-1	1	8	238	100	0		96
890	53			0	0	0	0	0	0	0		96
