Sýra	Kod	Nota53	NotaAE	Koma53	KomaAE	Pay	Payda	Ms	LNS	Bas	Soz1	Offset
1	9	Fa5#3	F5#4	343	344	1	8	435	95	96	ARANAÐME 	5.555556E-02
2	9	Sol5	G5	349	349	1	4	870	95	96	.	0.1666667
3	9	Si5b5	B5b5	362	362	1	8	435	95	96	.	0.2222222
4	9	La5	A5	358	358	3	16	652	95	96	.	0.3055556
5	9	Sol5	G5	349	349	1	16	217	95	96	.	0.3333333
6	9	Fa5#3	F5#4	343	344	3	16	652	95	96	.	0.4166667
7	9	Mi5b3	E5b4	333	332	1	16	217	95	96	.	0.4444444
8	9	Re5	D5	327	327	3	16	652	95	96	.	0.5277778
9	9	Do5	C5	318	318	1	16	217	95	96	.	0.5555556
10	9	Si4b1	B4b1	313	313	1	8	435	95	96	.	0.6111111
11	9	Do5	C5	318	318	1	8	435	95	96	.	0.6666667
12	9	Re5	D5	327	327	1	8	435	95	96	.	0.7222222
13	9	Mi5b3	E5b4	333	332	1	8	435	95	96	.	0.7777778
14	9	Re5	D5	327	327	1	8	435	95	96	.	0.8333333
15	9	Mi5b3	E5b4	333	332	1	16	217	95	96	.	0.8611111
16	9	Fa5#3	F5#4	343	344	1	16	217	95	96	.	0.8888889
17	9	Mi5b3	E5b4	333	332	1	16	217	95	96	.	0.9166667
18	9	Re5	D5	327	327	1	16	217	95	96	.	0.9444444
19	9	Do5	C5	318	318	1	8	435	95	96	.	1
20	53			0	0	0	0	0	0	0		1
21	9	Re5	D5	327	327	1	8	435	95	96	.	1.055556
22	9	Mi5b3	E5b4	333	332	1	4	870	95	96	.	1.166667
23	9	Re5	D5	327	327	1	8	435	95	96	.	1.222222
24	9	Sol5	G5	349	349	1	8	435	95	96	.	1.277778
25	9	Fa5#3	F5#4	343	344	1	16	217	95	96	.	1.305556
26	9	Sol5	G5	349	349	1	16	217	95	96	.	1.333333
27	9	La5	A5	358	358	1	8	435	95	96	.	1.388889
28	9	Sol5	G5	349	349	1	16	217	95	96	.	1.416667
29	9	Fa5#3	F5#4	343	344	1	16	217	95	96	.	1.444444
30	9	Fa5#3	F5#4	343	344	3	16	652	95	96	.	1.527778
31	9	Mi5b3	E5b4	333	332	1	16	217	95	96	.	1.555556
32	9	Fa5#3	F5#4	343	344	1	16	217	95	96	.	1.583333
33	9	Mi5b3	E5b4	333	332	1	16	217	95	96	.	1.611111
34	9	Mi5b3	E5b4	333	332	1	16	217	95	96	.	1.638889
35	9	Re5	D5	327	327	1	16	217	95	96	.	1.666667
36	9	Re5	D5	327	327	1	4	870	95	96	.	1.777778
37	53			0	0	0	0	0	0	0		1.777778
38	9	Do5	C5	318	318	1	16	217	95	96	.	1.805556
39	9	Re5	D5	327	327	1	16	217	95	96	.	1.833333
40	9	Mi5b3	E5b4	333	332	1	16	217	95	96	.	1.861111
41	9	Fa5#3	F5#4	343	344	1	16	217	95	96	.	1.888889
42	9	Sol5	G5	349	349	1	4	870	95	96	.	2
43	53			0	0	0	0	0	0	0		2
44	9	Fa5#3	F5#4	343	344	1	8	435	95	96	.	2.055556
45	9	Sol5	G5	349	349	1	4	870	95	96	.	2.166667
46	9	Si5b5	B5b5	362	362	1	8	435	95	96	.	2.222222
47	9	La5	A5	358	358	3	16	652	95	96	.	2.305556
48	9	Sol5	G5	349	349	1	16	217	95	96	.	2.333333
49	9	Fa5#3	F5#4	343	344	3	16	652	95	96	.	2.416667
50	9	Mi5b3	E5b4	333	332	1	16	217	95	96	.	2.444444
51	9	Re5	D5	327	327	3	16	652	95	96	.	2.527778
52	9	Do5	C5	318	318	1	16	217	95	96	.	2.555556
53	9	Re5	D5	327	327	1	8	435	95	96	.	2.611111
54	9	Mi5b3	E5b4	333	332	1	8	435	95	96	.	2.666667
55	9	Fa5#3	F5#4	343	344	1	8	435	95	96	.	2.722222
56	9	Sol5	G5	349	349	1	16	217	95	96	.	2.75
57	9	La5	A5	358	358	1	16	217	95	96	.	2.777778
58	9	Fa5#3	F5#4	343	344	1	8	435	95	96	.	2.833333
59	9	Mi5b3	E5b4	333	332	1	8	435	95	96	.	2.888889
60	9	Re5	D5	327	327	1	8	435	95	96	.	2.944444
61	9	Do5	C5	318	318	1	8	435	95	96	.	3
62	53			0	0	0	0	0	0	0		3
63	9	Si4b1	B4b1	313	313	1	8	435	95	96	.	3.055556
64	9	Re5	D5	327	327	1	8	435	95	96	.	3.111111
65	9	Do5	C5	318	318	1	8	435	95	96	.	3.166667
66	9	Si4b1	B4b1	313	313	1	8	435	95	96	.	3.222222
67	9	Mi5b3	E5b4	333	332	1	8	435	95	96	.	3.277778
68	9	Re5	D5	327	327	1	16	217	95	96	.	3.305556
69	9	Mi5b3	E5b4	333	332	1	16	217	95	96	.	3.333333
70	9	Fa5#3	F5#4	343	344	1	8	435	95	96	.	3.388889
71	9	Mi5b3	E5b4	333	332	1	16	217	95	96	.	3.416667
72	9	Re5	D5	327	327	1	16	217	95	96	.	3.444444
73	9	Re5	D5	327	327	3	16	652	95	96	.	3.527778
74	9	Do5	C5	318	318	1	16	217	95	96	.	3.555556
75	9	Re5	D5	327	327	1	16	217	95	96	.	3.583333
76	9	Do5	C5	318	318	1	16	217	95	96	.	3.611111
77	9	Do5	C5	318	318	1	16	217	95	96	.	3.638889
78	9	Si4b1	B4b1	313	313	1	16	217	95	96	.	3.666667
79	9	Si4b1	B4b1	313	313	1	4	870	95	96	.	3.777778
80	53			0	0	0	0	0	0	0		3.777778
81	9	Do5	C5	318	318	1	16	217	95	96	.	3.805556
82	9	Re5	D5	327	327	1	16	217	95	96	.	3.833333
83	9	Mi5b3	E5b4	333	332	1	16	217	95	96	.	3.861111
84	9	Fa5#3	F5#4	343	344	1	16	217	95	96	.	3.888889
85	9	Sol5	G5	349	349	1	4	870	95	96	.	4
86	53			0	0	0	0	0	0	0		4
87	9	Fa5#3	F5#4	343	344	1	8	435	95	96	ARANAÐME 	4.055555
88	9	Sol5	G5	349	349	1	4	870	95	96	.	4.166667
89	9	Si5b5	B5b5	362	362	1	8	435	95	96	.	4.222222
90	9	La5	A5	358	358	3	16	652	95	96	.	4.305555
91	9	Sol5	G5	349	349	1	16	217	95	96	.	4.333333
92	9	Fa5#3	F5#4	343	344	3	16	652	95	96	.	4.416667
93	9	Mi5b3	E5b4	333	332	1	16	217	95	96	.	4.444445
94	9	Re5	D5	327	327	3	16	652	95	96	.	4.527778
95	9	Do5	C5	318	318	1	16	217	95	96	.	4.555555
96	9	Si4b1	B4b1	313	313	1	8	435	95	96	.	4.611111
97	9	Do5	C5	318	318	1	8	435	95	96	.	4.666667
98	9	Re5	D5	327	327	1	8	435	95	96	.	4.722222
99	9	Mi5b3	E5b4	333	332	1	8	435	95	96	.	4.777778
100	9	Re5	D5	327	327	1	8	435	95	96	.	4.833333
101	9	Mi5b3	E5b4	333	332	1	16	217	95	96	.	4.861111
102	9	Fa5#3	F5#4	343	344	1	16	217	95	96	.	4.888889
103	9	Mi5b3	E5b4	333	332	1	16	217	95	96	.	4.916667
104	9	Re5	D5	327	327	1	16	217	95	96	.	4.944445
105	9	Do5	C5	318	318	1	8	435	95	96	.	5
106	53			0	0	0	0	0	0	0		5
107	9	Re5	D5	327	327	1	8	435	95	96	.	5.055555
108	9	Mi5b3	E5b4	333	332	1	4	870	95	96	.	5.166667
109	9	Re5	D5	327	327	1	8	435	95	96	.	5.222222
110	9	Sol5	G5	349	349	1	8	435	95	96	.	5.277778
111	9	Fa5#3	F5#4	343	344	1	16	217	95	96	.	5.305555
112	9	Sol5	G5	349	349	1	16	217	95	96	.	5.333333
113	9	La5	A5	358	358	1	8	435	95	96	.	5.388889
114	9	Sol5	G5	349	349	1	16	217	95	96	.	5.416667
115	9	Fa5#3	F5#4	343	344	1	16	217	95	96	.	5.444445
116	9	Fa5#3	F5#4	343	344	3	16	652	95	96	.	5.527778
117	9	Mi5b3	E5b4	333	332	1	16	217	95	96	.	5.555555
118	9	Fa5#3	F5#4	343	344	1	16	217	95	96	.	5.583333
119	9	Mi5b3	E5b4	333	332	1	16	217	95	96	.	5.611111
120	9	Mi5b3	E5b4	333	332	1	16	217	95	96	.	5.638889
121	9	Re5	D5	327	327	1	16	217	95	96	.	5.666667
122	9	Re5	D5	327	327	1	4	870	95	96	.	5.777778
123	53			0	0	0	0	0	0	0		5.777778
124	9	Do5	C5	318	318	1	16	217	95	96	.	5.805555
125	9	Re5	D5	327	327	1	16	217	95	96	.	5.833333
126	9	Mi5b3	E5b4	333	332	1	16	217	95	96	.	5.861111
127	9	Fa5#3	F5#4	343	344	1	16	217	95	96	.	5.888889
128	9	Sol5	G5	349	349	1	4	870	95	96	.	6
129	53			0	0	0	0	0	0	0		6
130	9	Fa5#3	F5#4	343	344	1	8	435	95	96	.	6.055555
131	9	Sol5	G5	349	349	1	4	870	95	96	.	6.166667
132	9	Si5b5	B5b5	362	362	1	8	435	95	96	.	6.222222
133	9	La5	A5	358	358	3	16	652	95	96	.	6.305555
134	9	Sol5	G5	349	349	1	16	217	95	96	.	6.333333
135	9	Fa5#3	F5#4	343	344	3	16	652	95	96	.	6.416667
136	9	Mi5b3	E5b4	333	332	1	16	217	95	96	.	6.444445
137	9	Re5	D5	327	327	3	16	652	95	96	.	6.527778
138	9	Do5	C5	318	318	1	16	217	95	96	.	6.555555
139	9	Re5	D5	327	327	1	8	435	95	96	.	6.611111
140	9	Mi5b3	E5b4	333	332	1	8	435	95	96	.	6.666667
141	9	Fa5#3	F5#4	343	344	1	8	435	95	96	.	6.722222
142	9	Sol5	G5	349	349	1	16	217	95	96	.	6.75
143	9	La5	A5	358	358	1	16	217	95	96	.	6.777778
144	9	Fa5#3	F5#4	343	344	1	8	435	95	96	.	6.833333
145	9	Mi5b3	E5b4	333	332	1	8	435	95	96	.	6.888889
146	9	Re5	D5	327	327	1	8	435	95	96	.	6.944445
147	9	Do5	C5	318	318	1	8	435	95	96	.	7
148	53			0	0	0	0	0	0	0		7
149	9	Si4b1	B4b1	313	313	1	8	435	95	96	.	7.055555
150	9	Re5	D5	327	327	1	8	435	95	96	.	7.111111
151	9	Do5	C5	318	318	1	8	435	95	96	.	7.166667
152	9	Si4b1	B4b1	313	313	1	8	435	95	96	.	7.222222
153	9	Mi5b3	E5b4	333	332	1	8	435	95	96	.	7.277778
154	9	Re5	D5	327	327	1	16	217	95	96	.	7.305555
155	9	Mi5b3	E5b4	333	332	1	16	217	95	96	.	7.333333
156	9	Fa5#3	F5#4	343	344	1	8	435	95	96	.	7.388889
157	9	Mi5b3	E5b4	333	332	1	16	217	95	96	.	7.416667
158	9	Re5	D5	327	327	1	16	217	95	96	.	7.444445
159	9	Re5	D5	327	327	3	16	652	95	96	.	7.527778
160	9	Do5	C5	318	318	1	16	217	95	96	.	7.555555
161	9	Re5	D5	327	327	1	16	217	95	96	.	7.583333
162	9	Do5	C5	318	318	1	16	217	95	96	.	7.611111
163	9	Do5	C5	318	318	1	16	217	95	96	.	7.638889
164	9	Si4b1	B4b1	313	313	1	16	217	95	96	.	7.666667
165	9	Si4b1	B4b1	313	313	1	2	1739	95	96	.	7.888889
166	9			-1	-1	1	4	870	100	0		8
167	53			0	0	0	0	0	0	0		8
168	9	Re5	D5	327	327	1	2	1739	95	96		8.222222
169	53			0	0	0	0	0	0	0		8.222222
170	9			-1	-1	1	8	435	100	0		8.277778
171	9	Do5	C5	318	318	1	4	870	95	96	Ben 	8.388889
172	9	Re5	D5	327	327	1	8	435	95	96	e	8.444445
173	9	Re5	D5	327	327	1	2	1739	95	96	sîr_	8.666667
174	53			0	0	0	0	0	0	0		8.666667
175	9	Mi5b3	E5b4	333	332	3	16	652	99	96	i 	8.75
176	9	Re5	D5	327	327	1	16	217	99	96		8.777778
177	9	Do5	C5	318	318	1	4	870	99	96		8.888889
178	9	Re5	D5	327	327	1	4	870	99	96		9
179	9	Mi5b3	E5b4	333	332	1	16	217	99	96		9.027778
180	9	Fa5#3	F5#4	343	344	1	16	217	99	96		9.055555
181	9	Mi5b3	E5b4	333	332	1	16	217	99	96		9.083333
182	9	Re5	D5	327	327	1	16	217	99	96		9.111111
183	9	Mi5b3	E5b4	333	332	1	8	435	99	96		9.166667
184	9	Fa5#3	F5#4	343	344	1	8	435	99	96		9.222222
185	9	Mi5b3	E5b4	333	332	1	8	435	95	96		9.277778
186	9	Re5	D5	327	327	1	4	870	95	96	aþ	9.388889
187	9	Mi5b3	E5b4	333	332	1	8	435	95	96	ký	9.444445
188	9	Fa5#3	F5#4	343	344	1	8	435	99	96	ným 	9.5
189	9	Sol5	G5	349	349	1	8	435	99	96		9.555555
190	9	Fa5#3	F5#4	343	344	1	8	435	99	96		9.611111
191	9	Mi5b3	E5b4	333	332	1	8	435	95	96		9.666667
192	53			0	0	0	0	0	0	0		9.666667
193	9	Re5	D5	327	327	3	16	652	99	96	çok	9.75
194	9	Mi5b3	E5b4	333	332	1	16	217	99	96		9.777778
195	9	Fa5#3	F5#4	343	344	3	16	652	99	96		9.861111
196	9	Mi5b3	E5b4	333	332	1	16	217	99	96		9.888889
197	9	Mi5b3	E5b4	333	332	3	16	652	99	96		9.972222
198	9	Re5	D5	327	327	1	16	217	99	96		10
199	9	Re5	D5	327	327	3	16	652	99	96		10.08333
200	9	Do5	C5	318	318	1	16	217	99	96		10.11111
201	9	Mi5b1	E5b1	335	335	1	8	435	99	96		10.16667
202	9	Re5	D5	327	327	1	16	217	99	96		10.19444
203	9	Do5	C5	318	318	1	16	217	95	96		10.22222
204	9	Do5	C5	318	318	1	8	435	99	96	tan 	10.27778
205	9	Si4b1	B4b1	313	313	1	4	870	95	96		10.38889
206	9	Do5	C5	318	318	1	8	435	95	96	be	10.44444
207	9	Re5	D5	327	327	1	8	435	99	96	ri 	10.5
208	9	Mi5b3	E5b4	333	332	1	8	435	99	96		10.55556
209	9	Fa5#3	F5#4	343	344	1	8	435	99	96		10.61111
210	9	Sol5	G5	349	349	1	8	435	95	96		10.66667
211	9	Fa5#3	F5#4	343	344	1	8	435	99	96	çeþm_	10.72222
212	9	Sol5	G5	349	349	1	8	435	99	96		10.77778
213	9	La5	A5	358	358	1	8	435	99	96		10.83333
214	9	Si5b1	B5b1	366	366	1	8	435	99	96		10.88889
215	9	Do6	C6	371	371	1	8	435	99	96		10.94444
216	9	Re6	D6	380	380	1	8	435	99	96		11
217	9	Do6	C6	371	371	1	16	217	99	96		11.02778
218	9	Si5b1	B5b1	366	366	1	16	217	99	96		11.05556
219	9	La5	A5	358	358	1	16	217	99	96		11.08333
220	9	Sol5	G5	349	349	1	16	217	99	96		11.11111
221	9	Fa5#3	F5#4	343	344	1	16	217	99	96		11.13889
222	9	Mi5b3	E5b4	333	332	1	16	217	99	96		11.16667
223	9	Re5	D5	327	327	1	8	435	95	96		11.22222
224	53			0	0	0	0	0	0	0		11.22222
225	9			-1	-1	1	8	435	100	0		11.27778
226	9	Si5b5	B5b5	362	362	1	8	435	99	96	i 	11.33333
227	9	La5	A5	358	358	1	8	435	99	96		11.38889
228	9	Sol5	G5	349	349	1	8	435	99	96		11.44444
229	9	Fa5#3	F5#4	343	344	1	8	435	99	96		11.5
230	9	Sol5	G5	349	349	1	8	435	99	96		11.55556
231	9	La5	A5	358	358	1	8	435	95	96		11.61111
232	8	Si5b5	B5b5	362	362	0	0	0	95	96		11.61111
233	9	La5	A5	358	358	1	16	217	99	96	e	11.63889
234	9	Sol5	G5	349	349	1	16	217	95	96		11.66667
235	9	Sol5	G5	349	349	3	8	1304	95	96	dâ  	11.83333
236	53			0	0	0	0	0	0	0		11.83333
237	9	La5	A5	358	358	1	16	217	95	96	SAZ 	11.86111
238	9	Si5b5	B5b5	362	362	1	16	217	95	96	.	11.88889
239	9	La5	A5	358	358	1	16	217	95	96	.	11.91667
240	9	Sol5	G5	349	349	1	16	217	95	96	.	11.94444
241	9	Sol5	G5	349	349	1	16	217	95	96	.	11.97222
242	9	Fa5#3	F5#4	343	344	1	16	217	95	96	.	12
243	54			0	0	0	0	0	0	0	segah@si5b1	12
244	9	Sol5	G5	349	349	3	16	652	95	96	.	12.08333
245	9	Do6	C6	371	371	1	16	217	95	96	.	12.11111
246	9	Si5	B5	367	367	1	16	217	95	96	.	12.13889
247	9	La5#4	A5#4	362	362	1	16	217	95	96	.	12.16667
248	9	Si5	B5	367	367	1	8	435	95	96	.	12.22222
249	53			0	0	0	0	0	0	0		12.22222
250	9			-1	-1	1	8	435	100	0		12.27778
251	9	Si5	B5	367	367	1	4	870	95	96	Uð	12.38889
252	9	Si5	B5	367	367	1	8	435	95	96	ru	12.44444
253	9	Si5	B5	367	367	1	2	1739	95	96	na 	12.66667
254	9	Si5	B5	367	367	1	16	217	99	96	müm	12.69444
255	9	La5#4	A5#4	362	362	1	16	217	99	96		12.72222
256	9	Sol5	G5	349	349	1	8	435	99	96		12.77778
257	9	La5#4	A5#4	362	362	1	8	435	99	96		12.83333
258	9	Si5	B5	367	367	1	8	435	99	96		12.88889
259	9	La5#4	A5#4	362	362	1	8	435	99	96		12.94444
260	9	Si5	B5	367	367	1	8	435	99	96		13
261	55			0	0	0	0	0	0	0		13
262	9	Do6	C6	371	371	1	8	435	99	96		13.05556
263	9	Si5b1	B5b1	366	366	1	8	435	99	96		13.11111
264	9	La5	A5	358	358	1	8	435	99	96		13.16667
265	9	Sol5	G5	349	349	1	8	435	99	96		13.22222
266	9	Fa5#3	F5#4	343	344	1	8	435	95	96		13.27778
267	9	Sol5	G5	349	349	1	4	870	95	96	kün	13.38889
268	9	Si5b5	B5b5	362	362	1	8	435	95	96	se 	13.44444
269	9	Si5b5	B5b5	362	362	1	2	1739	95	96	bil	13.66667
270	9	La5	A5	358	358	1	4	870	99	96	lâh 	13.77778
271	9	Sol5	G5	349	349	1	4	870	99	96		13.88889
272	9	Fa5#3	F5#4	343	344	1	4	870	99	96		14
273	9	Fa5#3	F5#4	343	344	1	8	435	99	96		14.05556
274	9	Sol5	G5	349	349	1	8	435	99	96		14.11111
275	9	Sol5	G5	349	349	1	16	217	99	96		14.13889
276	9	Fa5#3	F5#4	343	344	1	16	217	99	96		14.16667
277	9	Mi5b3	E5b4	333	332	1	16	217	99	96		14.19444
278	9	Re5	D5	327	327	1	16	217	99	96		14.22222
279	9	Mi5b3	E5b4	333	332	1	8	435	95	96		14.27778
280	53			0	0	0	0	0	0	0		14.27778
281	9	Mi5b3	E5b4	333	332	1	4	870	95	96	ey	14.38889
282	9	Mi5b3	E5b4	333	332	1	8	435	95	96	le	14.44444
283	9	Mi5b3	E5b4	333	332	3	16	652	99	96	rim 	14.52778
284	9	Re5	D5	327	327	1	16	217	99	96		14.55556
285	9	Do5	C5	318	318	1	8	435	99	96		14.61111
286	9	Re5	D5	327	327	1	8	435	95	96		14.66667
287	9	Mi5b3	E5b4	333	332	3	16	652	99	96	câ 	14.75
288	9	Re5	D5	327	327	1	16	217	99	96		14.77778
289	9	Fa5#3	F5#4	343	344	1	8	435	99	96		14.83333
290	9	Mi5b3	E5b4	333	332	1	16	217	99	96		14.86111
291	9	Re5	D5	327	327	1	16	217	99	96		14.88889
292	9	Re5	D5	327	327	1	4	870	95	96		15
293	53			0	0	0	0	0	0	0		15
294	9	Re5	D5	327	327	1	16	217	99	96	câ	15.02778
295	9	Do5	C5	318	318	1	16	217	99	96		15.05556
296	9	Re5	D5	327	327	1	16	217	99	96		15.08333
297	9	Mi5b3	E5b4	333	332	1	16	217	99	96		15.11111
298	9	Fa5#3	F5#4	343	344	1	16	217	99	96		15.13889
299	9	Sol5	G5	349	349	1	16	217	99	96		15.16667
300	9	La5	A5	358	358	1	16	217	99	96		15.19444
301	9	Si5b1	B5b1	366	366	1	16	217	99	96		15.22222
302	9	Do6	C6	371	371	1	16	217	99	96		15.25
303	9	Si5b5	B5b5	362	362	1	16	217	99	96		15.27778
304	9	La5	A5	358	358	1	16	217	99	96		15.30556
305	9	Sol5	G5	349	349	1	16	217	99	96		15.33333
306	9	Fa5#3	F5#4	343	344	1	16	217	99	96		15.36111
307	9	Mi5b3	E5b4	333	332	1	16	217	99	96		15.38889
308	9	Re5	D5	327	327	1	8	435	95	96		15.44444
309	9	Re5	D5	327	327	1	8	435	99	96	ným 	15.5
310	9	Do5	C5	318	318	1	4	870	95	96		15.61111
311	9	Do5	C5	318	318	1	16	217	99	96	fe	15.63889
312	9	Si4b1	B4b1	313	313	1	16	217	95	96		15.66667
313	9	Si4b1	B4b1	313	313	3	8	1304	95	96	dâ  	15.83333
314	53			0	0	0	0	0	0	0		15.83333
315	9	La5	A5	358	358	1	16	217	95	96	SAZ 	15.86111
316	9	Si5b5	B5b5	362	362	1	16	217	95	96	.	15.88889
317	9	La5	A5	358	358	1	16	217	95	96	.	15.91667
318	9	Sol5	G5	349	349	1	16	217	95	96	.	15.94444
319	9	Sol5	G5	349	349	1	16	217	95	96	.	15.97222
320	9	Fa5#3	F5#4	343	344	1	16	217	95	96	.	16
321	54			0	0	0	0	0	0	0	segah@si5b1	16
322	9	Sol5	G5	349	349	3	16	652	95	96	.	16.08333
323	9	Do6	C6	371	371	1	16	217	95	96	.	16.11111
324	9	Si5	B5	367	367	1	16	217	95	96	.	16.13889
325	9	La5#4	A5#4	362	362	1	16	217	95	96	.	16.16667
326	9	Si5	B5	367	367	1	8	435	95	96	.	16.22222
327	53			0	0	0	0	0	0	0		16.22222
328	9			-1	-1	1	8	435	100	0		16.27778
329	9	Si5	B5	367	367	1	4	870	95	96	Uð	16.38889
330	9	Si5	B5	367	367	1	8	435	95	96	ru	16.44444
331	9	Si5	B5	367	367	1	2	1739	95	96	na 	16.66667
332	9	Si5	B5	367	367	1	16	217	99	96	müm	16.69444
333	9	La5#4	A5#4	362	362	1	16	217	99	96		16.72222
334	9	Sol5	G5	349	349	1	8	435	99	96		16.77778
335	9	La5#4	A5#4	362	362	1	8	435	99	96		16.83333
336	9	Si5	B5	367	367	1	8	435	99	96		16.88889
337	9	La5#4	A5#4	362	362	1	8	435	99	96		16.94444
338	9	Si5	B5	367	367	1	8	435	99	96		17
339	55			0	0	0	0	0	0	0		17
340	9	Do6	C6	371	371	1	8	435	99	96		17.05556
341	9	Si5b1	B5b1	366	366	1	8	435	99	96		17.11111
342	9	La5	A5	358	358	1	8	435	99	96		17.16667
343	9	Sol5	G5	349	349	1	8	435	99	96		17.22222
344	9	Fa5#3	F5#4	343	344	1	8	435	95	96		17.27778
345	9	Sol5	G5	349	349	1	4	870	95	96	kün	17.38889
346	9	Si5b5	B5b5	362	362	1	8	435	95	96	se 	17.44444
347	9	Si5b5	B5b5	362	362	1	2	1739	95	96	bil	17.66667
348	9	La5	A5	358	358	1	4	870	99	96	lâh 	17.77778
349	9	Sol5	G5	349	349	1	4	870	99	96		17.88889
350	9	Fa5#3	F5#4	343	344	1	4	870	99	96		18
351	9	Fa5#3	F5#4	343	344	1	8	435	99	96		18.05556
352	9	Sol5	G5	349	349	1	8	435	99	96		18.11111
353	9	Sol5	G5	349	349	1	16	217	99	96		18.13889
354	9	Fa5#3	F5#4	343	344	1	16	217	99	96		18.16667
355	9	Mi5b3	E5b4	333	332	1	16	217	99	96		18.19444
356	9	Re5	D5	327	327	1	16	217	99	96		18.22222
357	9	Mi5b3	E5b4	333	332	1	8	435	95	96		18.27778
358	53			0	0	0	0	0	0	0		18.27778
359	9	Mi5b3	E5b4	333	332	1	4	870	95	96	ey	18.38889
360	9	Mi5b3	E5b4	333	332	1	8	435	95	96	le	18.44444
361	9	Mi5b3	E5b4	333	332	3	16	652	99	96	rim 	18.52778
362	9	Re5	D5	327	327	1	16	217	99	96		18.55556
363	9	Do5	C5	318	318	1	8	435	99	96		18.61111
364	9	Re5	D5	327	327	1	8	435	95	96		18.66667
365	9	Mi5b3	E5b4	333	332	3	16	652	99	96	câ 	18.75
366	9	Re5	D5	327	327	1	16	217	99	96		18.77778
367	9	Fa5#3	F5#4	343	344	1	8	435	99	96		18.83333
368	9	Mi5b3	E5b4	333	332	1	16	217	99	96		18.86111
369	9	Re5	D5	327	327	1	16	217	99	96		18.88889
370	9	Re5	D5	327	327	1	4	870	95	96		19
371	53			0	0	0	0	0	0	0		19
372	9	Re5	D5	327	327	1	16	217	99	96	câ	19.02778
373	9	Do5	C5	318	318	1	16	217	99	96		19.05556
374	9	Re5	D5	327	327	1	16	217	99	96		19.08333
375	9	Mi5b3	E5b4	333	332	1	16	217	99	96		19.11111
376	9	Fa5#3	F5#4	343	344	1	16	217	99	96		19.13889
377	9	Sol5	G5	349	349	1	16	217	99	96		19.16667
378	9	La5	A5	358	358	1	16	217	99	96		19.19444
379	9	Si5b1	B5b1	366	366	1	16	217	99	96		19.22222
380	9	Do6	C6	371	371	1	16	217	99	96		19.25
381	9	Si5b5	B5b5	362	362	1	16	217	99	96		19.27778
382	9	La5	A5	358	358	1	16	217	99	96		19.30556
383	9	Sol5	G5	349	349	1	16	217	99	96		19.33333
384	9	Fa5#3	F5#4	343	344	1	16	217	99	96		19.36111
385	9	Mi5b3	E5b4	333	332	1	16	217	99	96		19.38889
386	9	Re5	D5	327	327	1	8	435	95	96		19.44444
387	9	Re5	D5	327	327	1	8	435	99	96	ným 	19.5
388	9	Do5	C5	318	318	1	4	870	95	96		19.61111
389	9	Do5	C5	318	318	1	16	217	99	96	fe	19.63889
390	9	Si4b1	B4b1	313	313	1	16	217	95	96		19.66667
391	9	Si4b1	B4b1	313	313	3	8	1304	95	96	dâ  	19.83333
392	53			0	0	0	0	0	0	0		19.83333
393	9	La5	A5	358	358	1	16	217	95	96	SAZ 	19.86111
394	9	Si5b5	B5b5	362	362	1	16	217	95	96	.	19.88889
395	9	La5	A5	358	358	1	16	217	95	96	.	19.91667
396	9	Sol5	G5	349	349	1	16	217	95	96	.	19.94444
397	9	Sol5	G5	349	349	1	16	217	95	96	.	19.97222
398	9	Fa5	F5	340	340	1	16	217	95	96	.	20
399	9	Sol5	G5	349	349	1	2	1739	95	96	.	20.22222
400	53			0	0	0	0	0	0	0		20.22222
401	54			0	0	0	0	0	0	0	ussak@re5	20.22222
402	9			-1	-1	1	8	435	100	0		20.27778
403	9	Fa5	F5	340	340	1	4	870	95	96	Ra	20.38889
404	9	Sol5	G5	349	349	1	8	435	95	96	zý	20.44444
405	9	Sol5	G5	349	349	1	2	1739	95	96	yým 	20.66667
406	9	La5	A5	358	358	1	12	290	99	96	hic	20.7037
407	9	La5	A5	358	358	1	12	290	99	96		20.74074
408	9	Sol5	G5	349	349	1	12	290	99	96		20.77778
409	9	Fa5	F5	340	340	1	4	870	99	96		20.88889
410	9	Sol5	G5	349	349	1	4	870	99	96		21
411	53			0	0	0	0	0	0	0		21
412	9	La5	A5	358	358	3	16	652	99	96		21.08333
413	9	Si5b5	B5b5	362	362	1	16	217	99	96		21.11111
414	9	Re6	D6	380	380	1	16	217	99	96		21.13889
415	9	Do6	C6	371	371	1	16	217	99	96		21.16667
416	9	Si5b5	B5b5	362	362	1	16	217	99	96		21.19444
417	9	La5	A5	358	358	1	16	217	99	96		21.22222
418	9	Sol5	G5	349	349	1	8	435	95	96		21.27778
419	53			0	0	0	0	0	0	0		21.27778
420	9	Sol5	G5	349	349	1	16	217	99	96	râ	21.30556
421	9	La5	A5	358	358	1	16	217	99	96		21.33333
422	9	Sol5	G5	349	349	1	8	435	95	96		21.38889
423	9	La5	A5	358	358	1	8	435	95	96	ný	21.44444
424	9	La5	A5	358	358	3	8	1304	99	96	na 	21.61111
425	9	Sol5	G5	349	349	1	8	435	95	96		21.66667
426	9	Sol5	G5	349	349	1	8	435	99	96	mah	21.72222
427	9	Fa5	F5	340	340	1	16	217	99	96		21.75
428	9	Mi5b1	E5b1	335	335	1	16	217	99	96		21.77778
429	9	Fa5	F5	340	340	1	8	435	99	96		21.83333
430	9	Sol5	G5	349	349	1	8	435	99	96		21.88889
431	9	Fa5	F5	340	340	1	8	435	99	96		21.94444
432	9	Sol5	G5	349	349	1	8	435	99	96		22
433	9	Sol5	G5	349	349	1	8	435	99	96		22.05556
434	9	Fa5	F5	340	340	1	4	870	99	96		22.16667
435	9	Mi5b1	E5b1	335	335	1	8	435	95	96		22.22222
436	53			0	0	0	0	0	0	0		22.22222
437	9			-1	-1	1	8	435	100	0		22.27778
438	9	Mi5b1	E5b1	335	335	1	4	870	95	96	kûm 	22.38889
439	9	Fa5	F5	340	340	1	8	435	95	96	bi	22.44444
440	9	Mi5b1	E5b1	335	335	1	8	435	99	96	le 	22.5
441	8	Fa5	F5	340	340	0	0	0	99	96		22.5
442	9	Mi5b1	E5b1	335	335	1	16	217	99	96		22.52778
443	9	Re5	D5	327	327	1	16	217	99	96		22.55556
444	9	Mi5b1	E5b1	335	335	1	8	435	99	96		22.61111
445	9	Fa5	F5	340	340	1	8	435	95	96		22.66667
446	9	Mi5b1	E5b1	335	335	1	8	435	99	96	ol	22.72222
447	9	Fa5	F5	340	340	1	16	217	99	96		22.75
448	9	Mi5b1	E5b1	335	335	1	16	217	99	96		22.77778
449	9	Re5	D5	327	327	1	4	870	99	96		22.88889
450	9	Do6	C6	371	371	1	4	870	99	96		23
451	9	Si5b1	B5b1	366	366	1	8	435	99	96		23.05556
452	9	Do6	C6	371	371	1	8	435	99	96		23.11111
453	9	Si5b5	B5b5	362	362	1	8	435	99	96		23.16667
454	9	La5	A5	358	358	1	8	435	99	96		23.22222
455	9	La5	A5	358	358	3	16	652	99	96		23.30556
456	9	Sol5	G5	349	349	1	16	217	95	96		23.33333
457	9	La5	A5	358	358	1	16	217	99	96	sa 	23.36111
458	9	Sol5	G5	349	349	1	16	217	95	96		23.38889
459	9	Sol5	G5	349	349	1	16	217	99	96	bu 	23.41667
460	9	Fa5	F5	340	340	1	16	217	95	96		23.44444
461	9	Sol5	G5	349	349	1	2	1739	95	96	can  	23.66667
462	53			0	0	0	0	0	0	0		23.66667
463	9	La5	A5	358	358	1	8	435	95	96	SAZ 	23.72222
464	9	Si5b5	B5b5	362	362	1	16	217	95	96	.	23.75
465	9	Do6	C6	371	371	1	16	217	95	96	.	23.77778
466	9	Si5b5	B5b5	362	362	1	16	217	95	96	.	23.80556
467	9	La5	A5	358	358	1	16	217	95	96	.	23.83333
468	9	Sol5	G5	349	349	1	8	435	95	96	.	23.88889
469	9	Fa5	F5	340	340	1	8	435	95	96	.	23.94444
470	9	La5	A5	358	358	1	8	435	95	96	.	24
471	55			0	0	0	0	0	0	0		24
472	54			0	0	0	0	0	0	0	segah@si5b1	24
473	9	Sol5	G5	349	349	3	16	652	95	96	.	24.08333
474	9	Do6	C6	371	371	1	16	217	95	96	.	24.11111
475	9	Si5	B5	367	367	1	16	217	95	96	.	24.13889
476	9	La5#4	A5#4	362	362	1	16	217	95	96	.	24.16667
477	9	Si5	B5	367	367	1	8	435	95	96	.	24.22222
478	53			0	0	0	0	0	0	0		24.22222
479	9			-1	-1	1	8	435	100	0		24.27778
480	9	Si5	B5	367	367	1	4	870	95	96	Uð	24.38889
481	9	Si5	B5	367	367	1	8	435	95	96	ru	24.44444
482	9	Si5	B5	367	367	1	2	1739	95	96	na 	24.66667
483	9	Si5	B5	367	367	1	16	217	99	96	müm	24.69444
484	9	La5#4	A5#4	362	362	1	16	217	99	96		24.72222
485	9	Sol5	G5	349	349	1	8	435	99	96		24.77778
486	9	La5#4	A5#4	362	362	1	8	435	99	96		24.83333
487	9	Si5	B5	367	367	1	8	435	99	96		24.88889
488	9	La5#4	A5#4	362	362	1	8	435	99	96		24.94444
489	9	Si5	B5	367	367	1	8	435	99	96		25
490	55			0	0	0	0	0	0	0		25
491	9	Do6	C6	371	371	1	8	435	99	96		25.05556
492	9	Si5b1	B5b1	366	366	1	8	435	99	96		25.11111
493	9	La5	A5	358	358	1	8	435	99	96		25.16667
494	9	Sol5	G5	349	349	1	8	435	99	96		25.22222
495	9	Fa5#3	F5#4	343	344	1	8	435	95	96		25.27778
496	9	Sol5	G5	349	349	1	4	870	95	96	kün	25.38889
497	9	Si5b5	B5b5	362	362	1	8	435	95	96	se 	25.44444
498	9	Si5b5	B5b5	362	362	1	2	1739	95	96	bil	25.66667
499	9	La5	A5	358	358	1	4	870	99	96	lâh 	25.77778
500	9	Sol5	G5	349	349	1	4	870	99	96		25.88889
501	9	Fa5#3	F5#4	343	344	1	4	870	99	96		26
502	9	Fa5#3	F5#4	343	344	1	8	435	99	96		26.05556
503	9	Sol5	G5	349	349	1	8	435	99	96		26.11111
504	9	Sol5	G5	349	349	1	16	217	99	96		26.13889
505	9	Fa5#3	F5#4	343	344	1	16	217	99	96		26.16667
506	9	Mi5b3	E5b4	333	332	1	16	217	99	96		26.19444
507	9	Re5	D5	327	327	1	16	217	99	96		26.22222
508	9	Mi5b3	E5b4	333	332	1	8	435	95	96		26.27778
509	53			0	0	0	0	0	0	0		26.27778
510	9	Mi5b3	E5b4	333	332	1	4	870	95	96	ey	26.38889
511	9	Mi5b3	E5b4	333	332	1	8	435	95	96	le	26.44444
512	9	Mi5b3	E5b4	333	332	3	16	652	99	96	rim 	26.52778
513	9	Re5	D5	327	327	1	16	217	99	96		26.55556
514	9	Do5	C5	318	318	1	8	435	99	96		26.61111
515	9	Re5	D5	327	327	1	8	435	95	96		26.66667
516	9	Mi5b3	E5b4	333	332	3	16	652	99	96	câ 	26.75
517	9	Re5	D5	327	327	1	16	217	99	96		26.77778
518	9	Fa5#3	F5#4	343	344	1	8	435	99	96		26.83333
519	9	Mi5b3	E5b4	333	332	1	16	217	99	96		26.86111
520	9	Re5	D5	327	327	1	16	217	99	96		26.88889
521	9	Re5	D5	327	327	1	4	870	95	96		27
522	53			0	0	0	0	0	0	0		27
523	9	Re5	D5	327	327	1	16	217	99	96	câ	27.02778
524	9	Do5	C5	318	318	1	16	217	99	96		27.05556
525	9	Re5	D5	327	327	1	16	217	99	96		27.08333
526	9	Mi5b3	E5b4	333	332	1	16	217	99	96		27.11111
527	9	Fa5#3	F5#4	343	344	1	16	217	99	96		27.13889
528	9	Sol5	G5	349	349	1	16	217	99	96		27.16667
529	9	La5	A5	358	358	1	16	217	99	96		27.19444
530	9	Si5b1	B5b1	366	366	1	16	217	99	96		27.22222
531	9	Do6	C6	371	371	1	16	217	99	96		27.25
532	9	Si5b5	B5b5	362	362	1	16	217	99	96		27.27778
533	9	La5	A5	358	358	1	16	217	99	96		27.30556
534	9	Sol5	G5	349	349	1	16	217	99	96		27.33333
535	9	Fa5#3	F5#4	343	344	1	16	217	99	96		27.36111
536	9	Mi5b3	E5b4	333	332	1	16	217	99	96		27.38889
537	9	Re5	D5	327	327	1	8	435	95	96		27.44444
538	9	Re5	D5	327	327	1	8	435	99	96	ným 	27.5
539	9	Do5	C5	318	318	1	4	870	95	96		27.61111
540	9	Do5	C5	318	318	1	16	217	99	96	fe	27.63889
541	9	Si4b1	B4b1	313	313	1	16	217	95	96		27.66667
542	9	Si4b1	B4b1	313	313	3	8	1304	95	96	dâ  	27.83333
543	53			0	0	0	0	0	0	0		27.83333
