Sýra	Kod	Nota53	NotaAE	Koma53	KomaAE	Pay	Payda	Ms	LNS	Bas	Soz1	Offset
1	9	Sol4	G4	296	296	1	8	385	95	96	SAZ	0.1111111
2	9	Si4b1	B4b1	313	313	1	4	769	95	96	.	0.3333333
3	9			-1	-1	1	8	385	100	0	.	0.4444444
4	9	Sol4	G4	296	296	1	4	769	95	96	.	0.6666667
5	9	Si4b1	B4b1	313	313	1	4	769	95	96	.	0.8888889
6	9			-1	-1	1	8	385	100	0	.	1
7	53			0	0	0	0	0	0	0		1
8	9	Sol4	G4	296	296	1	4	769	95	96	.	1.222222
9	9	Si4b1	B4b1	313	313	1	4	769	95	96	.	1.444444
10	9	Do5	C5	318	318	1	16	192	95	96	.	1.5
11	9	Si4b1	B4b1	313	313	1	16	192	95	96	.	1.555556
12	9	Do5	C5	318	318	1	16	192	95	96	.	1.611111
13	9	Re5	D5	327	327	1	16	192	95	96	.	1.666667
14	9	Si4b1	B4b1	313	313	3	8	1154	95	96	.	2
15	53			0	0	0	0	0	0	0		2
16	9			-1	-1	1	8	385	100	0		2.111111
17	9	Si4b1	B4b1	313	313	1	4	769	95	96	Sev	2.333333
18	9	Do5	C5	318	318	1	8	385	95	96	di	2.444444
19	9	Re5	D5	327	327	1	4	769	95	96	ðin 	2.666667
20	9	Re5	D5	327	327	3	8	1154	95	96	dün	3
21	53			0	0	0	0	0	0	0		3
22	9	Si4b1	B4b1	313	313	1	4	769	95	96	ya	3.222222
23	9	Do5	C5	318	318	1	8	385	99	96	lar 	3.333333
24	9	Re5	D5	327	327	1	8	385	95	96		3.444444
25	9	Do5	C5	318	318	1	8	385	99	96	ka	3.555556
26	9	Re5	D5	327	327	1	8	385	95	96		3.666667
27	9	Si4b1	B4b1	313	313	1	4	769	95	96	dar 	3.888889
28	9			-1	-1	1	8	385	100	0		4
29	53			0	0	0	0	0	0	0		4
30	9	Si4b1	B4b1	313	313	3	16	577	99	96	Gel 	4.166667
31	9	La4	A4	305	305	1	16	192	95	96		4.222222
32	9	Si4b1	B4b1	313	313	1	8	385	95	96	de	4.333333
33	9	Do5	C5	318	318	1	8	385	95	96	se 	4.444445
34	9	Re5	D5	327	327	1	4	769	95	96	bir 	4.666667
35	8	Fa5#3	F5#4	343	344	0	0	0	95	96		4.666667
36	9	Mi5b3	E5b4	333	332	1	8	385	99	96	gün 	4.777778
37	9	Re5	D5	327	327	1	8	385	99	96		4.888889
38	9	Do5	C5	318	318	1	8	385	95	96		5
39	9	Si4b1	B4b1	313	313	3	16	577	99	96	gel 	5.166667
40	9	La4	A4	305	305	1	16	192	99	96		5.222222
41	9	Si4b1	B4b1	313	313	1	8	385	95	96		5.333333
42	9	Do5	C5	318	318	1	8	385	95	96	de	5.444445
43	9	Re5	D5	327	327	1	4	769	99	96	se  	5.666667
44	9	Si4b1	B4b1	313	313	1	4	769	95	96		5.888889
45	9			-1	-1	1	8	385	100	0		6
46	53			0	0	0	0	0	0	0		6
47	9	Re5	D5	327	327	1	8	385	95	96	Ne	6.111111
48	9	Mi5b3	E5b4	333	332	1	8	385	95	96	si 	6.222222
49	9	Fa5#3	F5#4	343	344	1	4	769	95	96	var 	6.444445
50	9	Fa5#3	F5#4	343	344	1	4	769	95	96	öm	6.666667
51	9	Sol5	G5	349	349	1	8	385	99	96	rün 	6.777778
52	9	Fa5#3	F5#4	343	344	1	8	385	99	96		6.888889
53	9	Mi5b3	E5b4	333	332	1	8	385	99	96		7
54	9	Re5	D5	327	327	3	16	577	99	96		7.166667
55	9	Do5	C5	318	318	1	16	192	95	96		7.222222
56	9	Re5	D5	327	327	1	8	385	95	96	ne	7.333333
57	9	Mi5b3	E5b4	333	332	1	8	385	95	96	si 	7.444445
58	10	Fa5#3	F5#4	343	344	1	2	1538	95	96	var  	7.888889
59	8	Mi5b3	E5b4	333	332	0	0	0	95	96		7.888889
60	9			-1	-1	1	8	385	100	0		8
61	53			0	0	0	0	0	0	0		8
62	9	Mi5b3	E5b4	333	332	1	4	769	95	96	Ves	8.222222
63	9	Mi5b3	E5b4	333	332	1	8	385	95	96	ve	8.333333
64	9	Mi5b3	E5b4	333	332	1	8	385	95	96	se 	8.444445
65	9	Mi5b3	E5b4	333	332	1	8	385	99	96	hep	8.555555
66	9	Re5	D5	327	327	1	8	385	95	96		8.666667
67	9	Mi5b3	E5b4	333	332	1	8	385	99	96	si 	8.777778
68	9	Re5	D5	327	327	1	8	385	99	96		8.888889
69	9	Sol5	G5	349	349	1	8	385	95	96		9
70	9	Fa5#3	F5#4	343	344	3	16	577	99	96	ves	9.166667
71	9	Mi5b3	E5b4	333	332	1	16	192	99	96		9.222222
72	9	Re5	D5	327	327	1	8	385	95	96		9.333333
73	9	Mi5b3	E5b4	333	332	1	8	385	95	96	ve	9.444445
74	9	Re5	D5	327	327	1	4	769	95	96	se  	9.666667
75	9			-1	-1	3	8	1154	100	0		10
76	53			0	0	0	0	0	0	0		10
77	9	Do5	C5	318	318	1	8	385	95	96	Ne	10.11111
78	9	Re5	D5	327	327	1	8	385	95	96	si 	10.22222
79	9	Mi5b3	E5b4	333	332	1	4	769	95	96	var 	10.44444
80	9	Mi5b3	E5b4	333	332	1	8	385	99	96	öm	10.55556
81	9	Re5	D5	327	327	1	8	385	95	96		10.66667
82	9	Mi5b3	E5b4	333	332	1	8	385	99	96	rün 	10.77778
83	9	Re5	D5	327	327	1	8	385	99	96		10.88889
84	9	Sol5	G5	349	349	1	8	385	99	96		11
85	9	Fa5#3	F5#4	343	344	3	16	577	99	96		11.16667
86	9	Mi5b3	E5b4	333	332	1	16	192	95	96		11.22222
87	9	Re5	D5	327	327	1	8	385	95	96	ne	11.33333
88	9	Mi5b3	E5b4	333	332	1	8	385	95	96	si 	11.44444
89	9	Re5	D5	327	327	1	8	385	99	96	var  	11.55556
90	9	Do5	C5	318	318	1	8	385	99	96		11.66667
91	9	Si4b1	B4b1	313	313	1	4	769	95	96		11.88889
92	9			-1	-1	1	8	385	100	0		12
93	53			0	0	0	0	0	0	0		12
94	9	Do5	C5	318	318	1	4	769	95	96	Ves	12.22222
95	9	Do5	C5	318	318	1	8	385	95	96	ve	12.33333
96	9	Do5	C5	318	318	1	8	385	95	96	se 	12.44444
97	9	Do5	C5	318	318	1	8	385	99	96	hep	12.55556
98	9	Si4b1	B4b1	313	313	1	8	385	95	96		12.66667
99	9	Fa5#3	F5#4	343	344	1	8	385	99	96	si 	12.77778
100	9	Mi5b3	E5b4	333	332	1	8	385	99	96		12.88889
101	9	Re5	D5	327	327	1	8	385	95	96		13
102	9	Do5	C5	318	318	3	16	577	99	96	ves	13.16667
103	9	Si4b1	B4b1	313	313	1	16	192	99	96		13.22222
104	9	Do5	C5	318	318	1	8	385	95	96		13.33333
105	9	Re5	D5	327	327	1	8	385	95	96	ve	13.44444
106	9	Si4b1	B4b1	313	313	1	4	769	95	96	se  	13.66667
107	9	Fa5#3	F5#4	343	344	1	4	769	95	96	SAZ 	13.88889
108	9			-1	-1	1	8	385	100	0		14
109	53			0	0	0	0	0	0	0		14
110	9	Fa5#3	F5#4	343	344	1	4	769	95	96	Bir 	14.22222
111	9	Fa5#3	F5#4	343	344	1	4	769	95	96	þar	14.44444
112	9	Fa5#3	F5#4	343	344	1	4	769	95	96	ký 	14.66667
113	9	Sol5	G5	349	349	1	8	385	95	96	ge	14.77778
114	10	Sol5	G5	349	349	1	4	769	95	96	lir 	15
115	8	Fa5#3	F5#4	343	344	0	0	0	95	96		15
116	53			0	0	0	0	0	0	0		15
117	9	Fa5#3	F5#4	343	344	1	8	385	95	96	u	15.11111
118	9	Fa5#3	F5#4	343	344	1	16	192	99	96	zak	15.16667
119	9	Mi5b3	E5b4	333	332	1	16	192	99	96		15.22222
120	9	Re5	D5	327	327	1	8	385	99	96		15.33333
121	9	Mi5b3	E5b4	333	332	1	8	385	95	96		15.44444
122	9	Fa5#3	F5#4	343	344	1	4	769	95	96	tan  	15.66667
123	9			-1	-1	3	8	1154	100	0		16
124	53			0	0	0	0	0	0	0		16
125	9	Sol5	G5	349	349	1	4	769	95	96	Söy	16.22222
126	9	Sol5	G5	349	349	1	4	769	95	96	ler 	16.44444
127	9	Sol5	G5	349	349	1	8	385	99	96	aþk	16.55556
128	9	Fa5#3	F5#4	343	344	1	8	385	95	96		16.66667
129	9	La5	A5	358	358	1	8	385	99	96	tan 	16.77778
130	9	Sol5	G5	349	349	1	8	385	99	96		16.88889
131	9	Fa5#3	F5#4	343	344	1	8	385	99	96		17
132	9	Fa5#3	F5#4	343	344	3	16	577	99	96		17.16667
133	9	Mi5b3	E5b4	333	332	1	16	192	95	96		17.22222
134	9	Fa5#3	F5#4	343	344	1	8	385	95	96	ya	17.33333
135	9	Sol5	G5	349	349	1	8	385	95	96	þa	17.44444
136	9	Fa5#3	F5#4	343	344	1	16	192	99	96	mak	17.5
137	9	Mi5b3	E5b4	333	332	1	16	192	99	96		17.55556
138	9	Re5	D5	327	327	1	16	192	99	96		17.61111
139	9	Mi5b3	E5b4	333	332	1	16	192	95	96		17.66667
140	9	Re5	D5	327	327	1	8	385	99	96	tan  	17.77778
141	9	Fa5#3	F5#4	343	344	1	4	769	95	96		18
142	53			0	0	0	0	0	0	0		18
143	9	Fa5#3	F5#4	343	344	1	4	769	95	96	Bir 	18.22222
144	9	Fa5#3	F5#4	343	344	1	4	769	95	96	þar	18.44444
145	9	Fa5#3	F5#4	343	344	1	4	769	95	96	ký 	18.66667
146	9	Sol5	G5	349	349	1	8	385	95	96	ge	18.77778
147	10	Sol5	G5	349	349	1	4	769	95	96	lir 	19
148	8	Fa5#3	F5#4	343	344	0	0	0	95	96		19
149	53			0	0	0	0	0	0	0		19
150	9	Fa5#3	F5#4	343	344	1	8	385	95	96	u	19.11111
151	9	Fa5#3	F5#4	343	344	1	16	192	99	96	zak	19.16667
152	9	Mi5b3	E5b4	333	332	1	16	192	99	96		19.22222
153	9	Re5	D5	327	327	1	8	385	99	96		19.33333
154	9	Mi5b3	E5b4	333	332	1	8	385	95	96		19.44444
155	9	Fa5#3	F5#4	343	344	1	4	769	95	96	tan  	19.66667
156	9			-1	-1	3	8	1154	100	0		20
157	53			0	0	0	0	0	0	0		20
158	9	Sol5	G5	349	349	1	4	769	95	96	Söy	20.22222
159	9	Sol5	G5	349	349	1	4	769	95	96	ler 	20.44444
160	9	Sol5	G5	349	349	1	8	385	99	96	aþk	20.55556
161	9	Fa5#3	F5#4	343	344	1	8	385	95	96		20.66667
162	9	La5	A5	358	358	1	8	385	99	96	tan 	20.77778
163	9	Sol5	G5	349	349	1	8	385	99	96		20.88889
164	9	Fa5#3	F5#4	343	344	1	8	385	99	96		21
165	9	Fa5#3	F5#4	343	344	3	16	577	99	96		21.16667
166	9	Mi5b3	E5b4	333	332	1	16	192	95	96		21.22222
167	9	Fa5#3	F5#4	343	344	1	8	385	95	96	ya	21.33333
168	9	Sol5	G5	349	349	1	8	385	95	96	þa	21.44444
169	9	Fa5#3	F5#4	343	344	1	16	192	99	96	mak	21.5
170	9	Mi5b3	E5b4	333	332	1	16	192	99	96		21.55556
171	9	Re5	D5	327	327	1	16	192	99	96		21.61111
172	9	Mi5b3	E5b4	333	332	1	16	192	95	96		21.66667
173	9	Re5	D5	327	327	1	4	769	95	96	tan  	21.88889
174	9			-1	-1	1	8	385	100	0		22
175	53			0	0	0	0	0	0	0		22
176	9	Do5	C5	318	318	1	8	385	99	96	Bir 	22.11111
177	9	Re5	D5	327	327	1	8	385	95	96		22.22222
178	9	Mi5b1	E5b1	335	335	1	4	769	95	96	ses 	22.44444
179	9	Mi5b1	E5b1	335	335	1	8	385	99	96	ki 	22.55556
180	9	Re5	D5	327	327	1	8	385	95	96		22.66667
181	8	La5	A5	358	358	0	0	0	95	96		22.66667
182	9	Sol5	G5	349	349	1	8	385	99	96	ruh	22.77778
183	9	Fa5#3	F5#4	343	344	1	8	385	99	96		22.88889
184	9	Mi5b1	E5b1	335	335	1	8	385	95	96		23
185	9	Re5	D5	327	327	3	16	577	99	96	tan 	23.16667
186	9	Do5	C5	318	318	1	16	192	99	96		23.22222
187	9	Re5	D5	327	327	1	8	385	95	96		23.33333
188	9	Mi5b1	E5b1	335	335	1	8	385	95	96	du	23.44444
189	9	Re5	D5	327	327	1	8	385	99	96	dak	23.55556
190	9	Do5	C5	318	318	1	8	385	95	96		23.66667
191	9	Si4b1	B4b1	313	313	1	4	769	95	96	tan  	23.88889
192	9			-1	-1	1	8	385	100	0		24
193	53			0	0	0	0	0	0	0		24
194	9	Do5	C5	318	318	1	8	385	95	96	O 	24.11111
195	9	Do5	C5	318	318	1	8	385	95	96	se	24.22222
196	9	Do5	C5	318	318	1	4	769	95	96	se 	24.44444
197	9	Do5	C5	318	318	1	8	385	99	96	yan	24.55556
198	9	Si4b1	B4b1	313	313	1	8	385	95	96		24.66667
199	9	Fa5#3	F5#4	343	344	1	8	385	99	96	dým 	24.77778
200	9	Mi5b3	E5b4	333	332	1	8	385	99	96		24.88889
201	9	Re5	D5	327	327	1	8	385	95	96		25
202	9	Re5	D5	327	327	3	16	577	99	96	ah 	25.16667
203	9	Do5	C5	318	318	1	16	192	95	96		25.22222
204	9	Si4b1	B4b1	313	313	1	8	385	95	96	o 	25.33333
205	9	Do5	C5	318	318	1	8	385	95	96	se	25.44444
206	9	Re5	D5	327	327	5	8	1923	95	96	se  	26
207	53			0	0	0	0	0	0	0		26
208	9	Do5	C5	318	318	1	8	385	99	96	Bir 	26.11111
209	9	Re5	D5	327	327	1	8	385	95	96		26.22222
210	9	Mi5b1	E5b1	335	335	1	4	769	95	96	ses 	26.44444
211	9	Mi5b1	E5b1	335	335	1	8	385	99	96	ki 	26.55556
212	9	Re5	D5	327	327	1	8	385	95	96		26.66667
213	8	La5	A5	358	358	0	0	0	95	96		26.66667
214	9	Sol5	G5	349	349	1	8	385	99	96	ruh	26.77778
215	9	Fa5#3	F5#4	343	344	1	8	385	99	96		26.88889
216	9	Mi5b1	E5b1	335	335	1	8	385	95	96		27
217	9	Re5	D5	327	327	3	16	577	99	96	tan 	27.16667
218	9	Do5	C5	318	318	1	16	192	99	96		27.22222
219	9	Re5	D5	327	327	1	8	385	95	96		27.33333
220	9	Mi5b1	E5b1	335	335	1	8	385	95	96	du	27.44444
221	9	Re5	D5	327	327	1	8	385	99	96	dak	27.55556
222	9	Do5	C5	318	318	1	8	385	95	96		27.66667
223	9	Si4b1	B4b1	313	313	1	4	769	95	96	tan  	27.88889
224	9			-1	-1	1	8	385	100	0		28
225	53			0	0	0	0	0	0	0		28
226	9	Do5	C5	318	318	1	8	385	95	96	O 	28.11111
227	9	Do5	C5	318	318	1	8	385	95	96	se	28.22222
228	9	Do5	C5	318	318	1	4	769	95	96	se 	28.44444
229	9	Do5	C5	318	318	1	8	385	99	96	yan	28.55556
230	9	Si4b1	B4b1	313	313	1	8	385	95	96		28.66667
231	9	Fa5#3	F5#4	343	344	1	8	385	99	96	dým 	28.77778
232	9	Mi5b3	E5b4	333	332	1	8	385	99	96		28.88889
233	9	Re5	D5	327	327	1	8	385	95	96		29
234	9	Do5	C5	318	318	3	16	577	99	96	ah 	29.16667
235	9	Si4b1	B4b1	313	313	1	16	192	95	96		29.22222
236	9	Do5	C5	318	318	1	8	385	95	96	o 	29.33333
237	9	Re5	D5	327	327	1	8	385	95	96	se	29.44444
238	9	Si4b1	B4b1	313	313	1	4	769	95	96	se 	29.66667
239	53			0	0	0	0	0	0	0		29.66667
240	9	Re5	D5	327	327	1	8	385	95	96	SAZ	29.77778
241	9	Do5	C5	318	318	1	8	385	95	96	.	29.88889
242	9	Re5	D5	327	327	1	8	385	95	96	.	30
243	9	Si4b1	B4b1	313	313	1	4	769	95	96	SAZ	30.22222
244	53			0	0	0	0	0	0	0		30.22222
245	9	Do5	C5	318	318	1	8	385	95	96	.	30.33333
246	9	Do5	C5	318	318	1	8	385	95	96	.	30.44444
247	9	Do5	C5	318	318	1	8	385	95	96	.	30.55556
248	9	Si4b1	B4b1	313	313	1	8	385	95	96	.	30.66667
249	9	Fa5#3	F5#4	343	344	1	8	385	95	96	.	30.77778
250	9	Mi5b3	E5b4	333	332	1	8	385	95	96	.	30.88889
251	9	Re5	D5	327	327	1	8	385	95	96	.	31
252	9	Do5	C5	318	318	3	16	577	95	96	.	31.16667
253	9	Si4b1	B4b1	313	313	1	16	192	95	96	.	31.22222
254	9	Do5	C5	318	318	1	8	385	95	96	.	31.33333
255	9	Re5	D5	327	327	1	8	385	95	96	.	31.44444
256	9	Si4b1	B4b1	313	313	1	4	769	95	96	.	31.66667
257	53			0	0	0	0	0	0	0		31.66667
258	9	Si5b1	B5b1	366	366	3	8	1154	95	96	.	32
259	53			0	0	0	0	0	0	0		32
260	54			0	0	0	0	0	0	0	segah@si5b1	32
261	9	Si5b1	B5b1	366	366	1	4	769	95	96	Ma	32.22222
262	9	Si5b1	B5b1	366	366	1	4	769	95	96	dem 	32.44444
263	9	Si5b1	B5b1	366	366	1	4	769	95	96	ki 	32.66667
264	9	Do6	C6	371	371	1	8	385	95	96	gö	32.77778
265	9	Si5b1	B5b1	366	366	1	8	385	99	96	nül 	32.88889
266	9	La5#4	A5#4	362	362	1	8	385	95	96		33
267	9	Sol5	G5	349	349	3	16	577	99	96	böy	33.16667
268	9	Fa5#3	F5#4	343	344	1	16	192	95	96		33.22222
269	9	Sol5	G5	349	349	1	8	385	95	96	le 	33.33333
270	9	La5#4	A5#4	362	362	1	8	385	95	96	de	33.44444
271	9	Si5b1	B5b1	366	366	5	8	1923	95	96	li 	34
272	55			0	0	0	0	0	0	0		34
273	53			0	0	0	0	0	0	0		34
274	9	Do6	C6	371	371	1	8	385	95	96	De	34.11111
275	9	Do6	C6	371	371	1	8	385	95	96	li	34.22222
276	9	Do6	C6	371	371	1	8	385	95	96	ce	34.33333
277	9	Do6	C6	371	371	1	8	385	95	96	si	34.44444
278	9	Do6	C6	371	371	1	4	769	99	96	ne 	34.66667
279	9	Si5b4	B5b4	363	363	1	4	769	99	96		34.88889
280	9	La5	A5	358	358	1	8	385	95	96		35
281	9	Sol5	G5	349	349	3	16	577	99	96	sev	35.16667
282	9	Fa5#3	F5#4	343	344	1	16	192	95	96		35.22222
283	9	Mi5	E5	336	336	1	8	385	99	96	me	35.33333
284	9	Fa5#3	F5#4	343	344	1	8	385	95	96		35.44444
285	9	Sol5	G5	349	349	1	8	385	99	96	li  	35.55556
286	9	Mi5	E5	336	336	1	8	385	99	96		35.66667
287	9	Re5	D5	327	327	1	8	385	99	96		35.77778
288	9	Si5b1	B5b1	366	366	1	4	769	95	96		36
289	53			0	0	0	0	0	0	0		36
290	54			0	0	0	0	0	0	0	segah@si5b1	36
291	9	Si5b1	B5b1	366	366	1	4	769	95	96	Ma	36.22222
292	9	Si5b1	B5b1	366	366	1	4	769	95	96	dem 	36.44444
293	9	Si5b1	B5b1	366	366	1	4	769	95	96	ki 	36.66667
294	9	Do6	C6	371	371	1	8	385	95	96	gö	36.77778
295	9	Si5b1	B5b1	366	366	1	8	385	99	96	nül 	36.88889
296	9	La5#4	A5#4	362	362	1	8	385	95	96		37
297	9	Sol5	G5	349	349	3	16	577	99	96	böy	37.16667
298	9	Fa5#3	F5#4	343	344	1	16	192	95	96		37.22222
299	9	Sol5	G5	349	349	1	8	385	95	96	le 	37.33333
300	9	La5#4	A5#4	362	362	1	8	385	95	96	de	37.44444
301	9	Si5b1	B5b1	366	366	5	8	1923	95	96	li 	38
302	55			0	0	0	0	0	0	0		38
303	53			0	0	0	0	0	0	0		38
304	9	Do6	C6	371	371	1	8	385	95	96	De	38.11111
305	9	Do6	C6	371	371	1	8	385	95	96	li	38.22222
306	9	Do6	C6	371	371	1	8	385	95	96	ce	38.33333
307	9	Do6	C6	371	371	1	8	385	95	96	si	38.44444
308	9	Do6	C6	371	371	1	4	769	99	96	ne 	38.66667
309	9	Si5b4	B5b4	363	363	1	4	769	99	96		38.88889
310	9	La5	A5	358	358	1	8	385	95	96		39
311	9	Sol5	G5	349	349	3	16	577	99	96	sev	39.16667
312	9	Fa5#3	F5#4	343	344	1	16	192	95	96		39.22222
313	9	Mi5b3	E5b4	333	332	1	8	385	95	96	me	39.33333
314	9	Fa5#3	F5#4	343	344	1	8	385	99	96	li  	39.44444
315	9	Sol5	G5	349	349	1	4	769	95	96		39.66667
316	9			-1	-1	3	8	1154	100	0		40
317	53			0	0	0	0	0	0	0		40
318	9	Sol5	G5	349	349	1	8	385	95	96	U	40.11111
319	9	Sol5	G5	349	349	1	8	385	95	96	sa	40.22222
320	9	Sol5	G5	349	349	1	4	769	50	96	nýp 	40.44444
321	9			-1	-1	1	4	769	100	0		40.66667
322	9	La5	A5	358	358	1	8	385	95	96	yi	40.77778
323	9	Sol5	G5	349	349	1	8	385	99	96	ne 	40.88889
324	9	Fa5#3	F5#4	343	344	1	8	385	95	96		41
325	9	Sol5	G5	349	349	3	16	577	99	96	sev	41.16667
326	9	Fa5#3	F5#4	343	344	1	16	192	95	96		41.22222
327	9	Mi5b3	E5b4	333	332	1	8	385	99	96	me	41.33333
328	9	Sol5	G5	349	349	1	8	385	95	96		41.44444
329	9	Fa5#3	F5#4	343	344	1	2	1538	99	96	li  	41.88889
330	9	Mi5b3	E5b4	333	332	1	8	385	95	96		42
331	53			0	0	0	0	0	0	0		42
332	9	Mi5b3	E5b4	333	332	1	4	769	95	96	Bit	42.22222
333	9	Mi5b3	E5b4	333	332	1	8	385	95	96	me	42.33333
334	9	Mi5b3	E5b4	333	332	1	8	385	95	96	se 	42.44444
335	9	Mi5b3	E5b4	333	332	1	8	385	99	96	sev	42.55556
336	9	Re5	D5	327	327	1	8	385	95	96		42.66667
337	9	Mi5b3	E5b4	333	332	1	8	385	99	96	gi 	42.77778
338	9	Re5	D5	327	327	1	8	385	99	96		42.88889
339	9	Sol5	G5	349	349	1	8	385	95	96		43
340	9	Fa5#3	F5#4	343	344	3	16	577	99	96	bit	43.16667
341	9	Mi5b3	E5b4	333	332	1	16	192	99	96		43.22222
342	9	Re5	D5	327	327	1	8	385	95	96		43.33333
343	9	Mi5b1	E5b1	335	335	1	8	385	95	96	me	43.44444
344	9	Re5	D5	327	327	1	4	769	95	96	se  	43.66667
345	9			-1	-1	3	8	1154	100	0		44
346	53			0	0	0	0	0	0	0		44
347	9	Do5	C5	318	318	1	8	385	95	96	U	44.11111
348	9	Re5	D5	327	327	1	8	385	95	96	sa	44.22222
349	9	Mi5b1	E5b1	335	335	1	4	769	95	96	nýp 	44.44444
350	9			-1	-1	1	4	769	100	0		44.66667
351	9	Sol5	G5	349	349	1	8	385	95	96	yi	44.77778
352	9	Fa5#3	F5#4	343	344	1	8	385	99	96	ne 	44.88889
353	9	Mi5b3	E5b4	333	332	1	8	385	95	96		45
354	9	Re5	D5	327	327	3	16	577	99	96	sev	45.16667
355	9	Do5	C5	318	318	1	16	192	99	96		45.22222
356	9	Si4b1	B4b1	313	313	1	8	385	95	96		45.33333
357	9	Sol5	G5	349	349	1	8	385	95	96	me	45.44444
358	9	Fa5#3	F5#4	343	344	1	8	385	99	96	li  	45.55556
359	9	Mi5b1	E5b1	335	335	1	8	385	99	96		45.66667
360	9	Re5	D5	327	327	1	8	385	99	96		45.77778
361	9	Do5	C5	318	318	1	8	385	99	96		45.88889
362	9	Si4b1	B4b1	313	313	1	8	385	95	96		46
363	53			0	0	0	0	0	0	0		46
364	9	Do5	C5	318	318	1	4	769	95	96	Bit	46.22222
365	9	Do5	C5	318	318	1	8	385	95	96	me	46.33333
366	9	Do5	C5	318	318	1	8	385	95	96	se 	46.44444
367	9	Do5	C5	318	318	1	8	385	99	96	sev	46.55556
368	9	Si4b1	B4b1	313	313	1	8	385	95	96		46.66667
369	9	Fa5#3	F5#4	343	344	1	8	385	99	96	gi 	46.77778
370	9	Mi5b3	E5b4	333	332	1	8	385	99	96		46.88889
371	9	Re5	D5	327	327	1	8	385	95	96		47
372	9	Do5	C5	318	318	3	16	577	99	96	bit	47.16667
373	9	Si4b1	B4b1	313	313	1	16	192	99	96		47.22222
374	9	Do5	C5	318	318	1	8	385	95	96		47.33333
375	9	Re5	D5	327	327	1	8	385	95	96	me	47.44444
376	9	Si4b1	B4b1	313	313	1	2	1538	95	96	se  	47.88889
377	9			-1	-1	1	8	385	100	0		48
378	53			0	0	0	0	0	0	0		48
