Sýra	Kod	Nota53	NotaAE	Koma53	KomaAE	Pay	Payda	Ms	LNS	Bas	Soz1	Offset
1	9	Si4b1	B4b1	313	313	1	16	167	95	96	ARANAÐME	5.555556E-02
2	9	Do5	C5	318	318	1	16	167	95	96	.	0.1111111
3	9	Si4b1	B4b1	313	313	1	16	167	95	96	.	0.1666667
4	9	La4	A4	305	305	1	16	167	95	96	.	0.2222222
5	9	Sol4	G4	296	296	1	4	667	95	96	.	0.4444444
6	53			0	0	0	0	0	0	0		0.4444444
7	9	Re5	D5	327	327	1	16	167	95	96	.	0.5
8	9	Do5	C5	318	318	1	16	167	95	96	.	0.5555556
9	9	Si4b1	B4b1	313	313	1	16	167	95	96	.	0.6111111
10	9	Do5	C5	318	318	1	16	167	95	96	.	0.6666667
11	9	Re5	D5	327	327	3	32	250	95	96	.	0.75
12	9	Mi5b3	E5b4	333	332	1	32	83	95	96	.	0.7777778
13	9	Re5	D5	327	327	1	16	167	95	96	.	0.8333333
14	9	Mi5b3	E5b4	333	332	1	16	167	95	96	.	0.8888889
15	9	Re5	D5	327	327	1	16	167	95	96	.	0.9444444
16	9	Do5	C5	318	318	1	16	167	95	96	.	1
17	9	Re5	D5	327	327	1	16	167	95	96	.	1.055556
18	9	Mi5b3	E5b4	333	332	1	16	167	95	96	.	1.111111
19	9	Fa5#3	F5#4	343	344	1	16	167	95	96	.	1.166667
20	9	Sol5	G5	349	349	1	16	167	95	96	.	1.222222
21	9	La5	A5	358	358	1	16	167	95	96	.	1.277778
22	7	Sol5	G5	349	349	2	16	333	95	96	.	1.388889
23	9	Fa5#3	F5#4	343	344	1	16	167	95	96	.	1.444444
24	9	Fa5#3	F5#4	343	344	1	16	167	95	96	.	1.5
25	7	Mi5b3	E5b4	333	332	2	16	333	95	96	.	1.611111
26	9	Re5	D5	327	327	1	16	167	95	96	.	1.666667
27	9	Re5	D5	327	327	1	4	667	95	96	.	1.888889
28	9			-1	-1	1	8	333	100	0	.	2
29	53			0	0	0	0	0	0	0		2
30	9	Re5	D5	327	327	3	32	250	95	96	.	2.083333
31	9	Do5	C5	318	318	1	32	83	95	96	.	2.111111
32	9	Re5	D5	327	327	1	16	167	95	96	.	2.166667
33	9	Mi5b3	E5b4	333	332	1	16	167	95	96	.	2.222222
34	9	Fa5#3	F5#4	343	344	3	32	250	95	96	.	2.305556
35	9	Mi5b3	E5b4	333	332	1	32	83	95	96	.	2.333333
36	9	Fa5#3	F5#4	343	344	1	16	167	95	96	.	2.388889
37	9	Sol5	G5	349	349	1	16	167	95	96	.	2.444444
38	9	La5	A5	358	358	3	32	250	95	96	.	2.527778
39	9	Sol5	G5	349	349	1	32	83	95	96	.	2.555556
40	9	La5	A5	358	358	1	16	167	95	96	.	2.611111
41	9	Si5b5	B5b5	362	362	1	16	167	95	96	.	2.666667
42	9	La5	A5	358	358	1	16	167	95	96	.	2.722222
43	9	Sol5	G5	349	349	1	16	167	95	96	.	2.777778
44	9	Fa5#3	F5#4	343	344	1	16	167	95	96	.	2.833333
45	9	Mi5b3	E5b4	333	332	1	16	167	95	96	.	2.888889
46	9	Re5	D5	327	327	1	16	167	95	96	.	2.944444
47	9	Do5	C5	318	318	1	16	167	95	96	.	3
48	53			0	0	0	0	0	0	0		3
49	9	Si4b1	B4b1	313	313	1	16	167	95	96	.	3.055556
50	9	Do5	C5	318	318	1	16	167	95	96	.	3.111111
51	9	Re5	D5	327	327	1	16	167	95	96	.	3.166667
52	9	Mi5b3	E5b4	333	332	1	16	167	95	96	.	3.222222
53	7	Fa5#3	F5#4	343	344	2	16	333	95	96	.	3.333333
54	9	Mi5b3	E5b4	333	332	1	16	167	95	96	.	3.388889
55	9	Re5	D5	327	327	1	16	167	95	96	.	3.444444
56	9	Re5	D5	327	327	1	16	167	95	96	.	3.5
57	9	Do5	C5	318	318	1	16	167	95	96	.	3.555556
58	9	Do5	C5	318	318	1	16	167	95	96	.	3.611111
59	9	Si4b1	B4b1	313	313	1	16	167	95	96	.	3.666667
60	9	Si4b1	B4b1	313	313	1	4	667	95	96	.	3.888889
61	9			-1	-1	1	8	333	100	0		4
62	53			0	0	0	0	0	0	0		4
63	9	Si4b1	B4b1	313	313	1	16	167	95	96	ARANAÐME	4.055555
64	9	Do5	C5	318	318	1	16	167	95	96	.	4.111111
65	9	Si4b1	B4b1	313	313	1	16	167	95	96	.	4.166667
66	9	La4	A4	305	305	1	16	167	95	96	.	4.222222
67	9	Sol4	G4	296	296	1	4	667	95	96	.	4.444445
68	53			0	0	0	0	0	0	0		4.444445
69	9	Re5	D5	327	327	1	16	167	95	96	.	4.5
70	9	Do5	C5	318	318	1	16	167	95	96	.	4.555555
71	9	Si4b1	B4b1	313	313	1	16	167	95	96	.	4.611111
72	9	Do5	C5	318	318	1	16	167	95	96	.	4.666667
73	9	Re5	D5	327	327	3	32	250	95	96	.	4.75
74	9	Mi5b3	E5b4	333	332	1	32	83	95	96	.	4.777778
75	9	Re5	D5	327	327	1	16	167	95	96	.	4.833333
76	9	Mi5b3	E5b4	333	332	1	16	167	95	96	.	4.888889
77	9	Re5	D5	327	327	1	16	167	95	96	.	4.944445
78	9	Do5	C5	318	318	1	16	167	95	96	.	5
79	9	Re5	D5	327	327	1	16	167	95	96	.	5.055555
80	9	Mi5b3	E5b4	333	332	1	16	167	95	96	.	5.111111
81	9	Fa5#3	F5#4	343	344	1	16	167	95	96	.	5.166667
82	9	Sol5	G5	349	349	1	16	167	95	96	.	5.222222
83	9	La5	A5	358	358	1	16	167	95	96	.	5.277778
84	7	Sol5	G5	349	349	2	16	333	95	96	.	5.388889
85	9	Fa5#3	F5#4	343	344	1	16	167	95	96	.	5.444445
86	9	Fa5#3	F5#4	343	344	1	16	167	95	96	.	5.5
87	7	Mi5b3	E5b4	333	332	2	16	333	95	96	.	5.611111
88	9	Re5	D5	327	327	1	16	167	95	96	.	5.666667
89	9	Re5	D5	327	327	1	4	667	95	96	.	5.888889
90	9			-1	-1	1	8	333	100	0	.	6
91	53			0	0	0	0	0	0	0		6
92	9	Re5	D5	327	327	3	32	250	95	96	.	6.083333
93	9	Do5	C5	318	318	1	32	83	95	96	.	6.111111
94	9	Re5	D5	327	327	1	16	167	95	96	.	6.166667
95	9	Mi5b3	E5b4	333	332	1	16	167	95	96	.	6.222222
96	9	Fa5#3	F5#4	343	344	3	32	250	95	96	.	6.305555
97	9	Mi5b3	E5b4	333	332	1	32	83	95	96	.	6.333333
98	9	Fa5#3	F5#4	343	344	1	16	167	95	96	.	6.388889
99	9	Sol5	G5	349	349	1	16	167	95	96	.	6.444445
100	9	La5	A5	358	358	3	32	250	95	96	.	6.527778
101	9	Sol5	G5	349	349	1	32	83	95	96	.	6.555555
102	9	La5	A5	358	358	1	16	167	95	96	.	6.611111
103	9	Si5b5	B5b5	362	362	1	16	167	95	96	.	6.666667
104	9	La5	A5	358	358	1	16	167	95	96	.	6.722222
105	9	Sol5	G5	349	349	1	16	167	95	96	.	6.777778
106	9	Fa5#3	F5#4	343	344	1	16	167	95	96	.	6.833333
107	9	Mi5b3	E5b4	333	332	1	16	167	95	96	.	6.888889
108	9	Re5	D5	327	327	1	16	167	95	96	.	6.944445
109	9	Do5	C5	318	318	1	16	167	95	96	.	7
110	53			0	0	0	0	0	0	0		7
111	9	Si4b1	B4b1	313	313	1	16	167	95	96	.	7.055555
112	9	Do5	C5	318	318	1	16	167	95	96	.	7.111111
113	9	Re5	D5	327	327	1	16	167	95	96	.	7.166667
114	9	Mi5b3	E5b4	333	332	1	16	167	95	96	.	7.222222
115	7	Fa5#3	F5#4	343	344	2	16	333	95	96	.	7.333333
116	9	Mi5b3	E5b4	333	332	1	16	167	95	96	.	7.388889
117	9	Re5	D5	327	327	1	16	167	95	96	.	7.444445
118	9	Re5	D5	327	327	1	16	167	95	96	.	7.5
119	9	Do5	C5	318	318	1	16	167	95	96	.	7.555555
120	9	Do5	C5	318	318	1	16	167	95	96	.	7.611111
121	9	Si4b1	B4b1	313	313	1	16	167	95	96	.	7.666667
122	53			0	0	0	0	0	0	0		7.666667
123	9	Si4b1	B4b1	313	313	3	16	500	95	96	.	7.833333
124	9	Do5	C5	318	318	1	16	167	95	96	.	7.888889
125	9	Si4b1	B4b1	313	313	1	16	167	95	96	.	7.944445
126	9	Do5	C5	318	318	1	16	167	95	96	.	8
127	9	Re5	D5	327	327	1	4	667	95	96	.	8.222222
128	53			0	0	0	0	0	0	0		8.222222
129	9	Si4b1	B4b1	313	313	1	8	333	95	96	Ey 	8.333333
130	9	Do5	C5	318	318	2	16	333	95	96	gül_	8.444445
131	9	Re5	D5	327	327	1	4	667	95	96	i 	8.666667
132	9	Re5	D5	327	327	3	8	1000	95	96	bâð_	9
133	10	Re5	D5	327	327	1	8	333	99	96	ý 	9.111111
134	8	Mi5b3	E5b4	333	332	0	0	0	99	96		9.111111
135	9	Re5	D5	327	327	1	16	167	99	96		9.166667
136	9	Do5	C5	318	318	1	16	167	99	96		9.222222
137	9	Re5	D5	327	327	1	8	333	95	96		9.333333
138	9	Mi5b3	E5b4	333	332	1	8	333	95	96	e	9.444445
139	9	Sol5	G5	349	349	2	16	333	99	96	dâ  	9.555555
140	9	Fa5#3	F5#4	343	344	1	8	333	99	96		9.666667
141	9	Mi5b3	E5b4	333	332	1	8	333	99	96		9.777778
142	9	Re5	D5	327	327	1	8	333	99	96		9.888889
143	9	Do5	C5	318	318	1	16	167	99	96		9.944445
144	9	Si4b1	B4b1	313	313	1	16	167	99	96		10
145	9	Si4b1	B4b1	313	313	1	4	667	95	96		10.22222
146	53			0	0	0	0	0	0	0		10.22222
147	9	Fa5#3	F5#4	343	344	1	16	167	95	96	Sa	10.27778
148	9	Fa5#3	F5#4	343	344	1	16	167	99	96	na 	10.33333
149	9	Sol5	G5	349	349	1	8	333	95	96		10.44444
150	8	La5	A5	358	358	0	0	0	95	96		10.44444
151	9	Sol5	G5	349	349	1	8	333	99	96	ol	10.55556
152	9	Fa5#3	F5#4	343	344	2	16	333	95	96		10.66667
153	9	Mi5b3	E5b4	333	332	1	4	667	99	96	dum 	10.88889
154	9	Re5	D5	327	327	1	8	333	95	96		11
155	9	Re5	D5	327	327	3	16	500	99	96	müp	11.16667
156	9	Do5	C5	318	318	1	16	167	95	96		11.22222
157	9	Do5	C5	318	318	3	16	500	99	96	te	11.38889
158	9	Si4b1	B4b1	313	313	1	16	167	95	90		11.44444
159	9	Si4b1	B4b1	313	313	1	4	667	95	96	lâ  	11.66667
160	7	Re5	D5	327	327	4	16	667	95	96	SAZ	11.88889
161	53			0	0	0	0	0	0	0		11.88889
162	9	Do5	C5	318	318	1	16	167	95	96	.	11.94444
163	9	Si4b1	B4b1	313	313	1	16	167	95	96	.	12
164	9	Si4b1	B4b1	313	313	3	32	250	95	96	.	12.08333
165	9	La4	A4	305	305	1	32	83	95	96	.	12.11111
166	9	Sol4	G4	296	296	1	8	333	95	96	.	12.22222
167	53			0	0	0	0	0	0	0		12.22222
168	9	Si4b1	B4b1	313	313	1	8	333	95	96	Ey 	12.33333
169	9	Do5	C5	318	318	2	16	333	95	96	gül_	12.44444
170	9	Re5	D5	327	327	1	4	667	95	96	i 	12.66667
171	9	Re5	D5	327	327	3	8	1000	95	96	bað_	13
172	10	Re5	D5	327	327	1	8	333	99	96	ý 	13.11111
173	8	Mi5b3	E5b4	333	332	0	0	0	99	96		13.11111
174	9	Re5	D5	327	327	1	16	167	99	96		13.16667
175	9	Do5	C5	318	318	1	16	167	99	96		13.22222
176	9	Re5	D5	327	327	1	8	333	95	96		13.33333
177	9	Mi5b3	E5b4	333	332	1	8	333	95	96	e	13.44444
178	9	Sol5	G5	349	349	2	16	333	99	96	dâ  	13.55556
179	9	Fa5#3	F5#4	343	344	1	8	333	99	96		13.66667
180	9	Mi5b3	E5b4	333	332	1	8	333	99	96		13.77778
181	9	Re5	D5	327	327	1	8	333	99	96		13.88889
182	9	Do5	C5	318	318	1	8	333	99	96		14
183	9	Si4b1	B4b1	313	313	1	4	667	95	96		14.22222
184	53			0	0	0	0	0	0	0		14.22222
185	9	Fa5#3	F5#4	343	344	1	16	167	95	96	Sa	14.27778
186	9	Fa5#3	F5#4	343	344	1	16	167	99	96	na 	14.33333
187	9	Sol5	G5	349	349	1	8	333	95	96		14.44444
188	8	La5	A5	358	358	0	0	0	95	96		14.44444
189	9	Sol5	G5	349	349	1	8	333	99	96	ol	14.55556
190	9	Fa5#3	F5#4	343	344	2	16	333	95	96		14.66667
191	9	La5	A5	358	358	1	8	333	99	96	dum 	14.77778
192	9	Sol5	G5	349	349	1	8	333	99	96		14.88889
193	9	Fa5#3	F5#4	343	344	1	8	333	95	96		15
194	7	Fa5#3	F5#4	343	344	3	16	500	99	96	müp	15.16667
195	9	Mi5b3	E5b4	333	332	1	16	167	95	96		15.22222
196	9	Mi5b3	E5b4	333	332	2	16	333	99	96	te	15.33333
197	9	Re5	D5	327	327	1	8	333	95	96		15.44444
198	10	Re5	D5	327	327	1	8	333	99	96	lâ  	15.55556
199	8	Fa5#3	F5#4	343	344	0	0	0	99	96		15.55556
200	9	Mi5b3	E5b4	333	332	1	16	167	99	96		15.61111
201	9	Re5	D5	327	327	1	16	167	99	86		15.66667
202	9	Re5	D5	327	327	1	4	667	95	96		15.88889
203	53			0	0	0	0	0	0	0		15.88889
204	9	Mi5b3	E5b4	333	332	1	16	167	95	96	SAZ 	15.94444
205	9	Fa5#1	F5#1	341	341	1	16	167	95	96	.	16
206	9	Sol5	G5	349	349	1	4	667	95	96	.	16.22222
207	54			0	0	0	0	0	0	0	ussak@re5	16.22222
208	53			0	0	0	0	0	0	0		16.22222
209	9	Fa5	F5	340	340	1	8	333	95	96	Gel 	16.33333
210	8	Fa5	F5	340	340	0	0	0	95	96		16.33333
211	9	Sol5	G5	349	349	1	8	333	95	96	ba	16.44444
212	9	Sol5	G5	349	349	1	4	667	95	96	na 	16.66667
213	9	Sol5	G5	349	349	3	8	1000	95	96	ey	17
214	10	Sol5	G5	349	349	1	8	333	99	96	le 	17.11111
215	8	La5	A5	358	358	0	0	0	99	96		17.11111
216	9	Sol5	G5	349	349	1	16	167	99	96		17.16667
217	9	Fa5	F5	340	340	1	16	167	99	96		17.22222
218	9	Sol5	G5	349	349	1	8	333	95	96		17.33333
219	9	La5	A5	358	358	1	8	333	95	96	ve	17.44444
220	9	La5	A5	358	358	1	8	333	99	96	fâ  	17.55556
221	9	Sol5	G5	349	349	1	8	333	99	96		17.66667
222	12	Fa5	F5	340	340	4	16	667	99	96		17.88889
223	9	Sol5	G5	349	349	1	8	333	99	96		18
224	9	Sol5	G5	349	349	1	16	167	99	96		18.05556
225	9	Fa5	F5	340	340	1	8	333	99	96		18.16667
226	9	Mi5b3	E5b4	333	332	1	16	167	95	96		18.22222
227	53			0	0	0	0	0	0	0		18.22222
228	9	Fa5	F5	340	340	1	8	333	95	96	Sa	18.33333
229	9	Sol5	G5	349	349	1	8	333	95	96	na 	18.44444
230	8	La5	A5	358	358	0	0	0	95	96		18.44444
231	9	Sol5	G5	349	349	1	8	333	99	96	ol	18.55556
232	9	Fa5	F5	340	340	1	8	333	95	96		18.66667
233	9	La5	A5	358	358	1	8	333	99	96	dum 	18.77778
234	9	Sol5	G5	349	349	1	8	333	99	96		18.88889
235	9	Fa5	F5	340	340	1	8	333	95	96		19
236	9	Fa5	F5	340	340	3	16	500	99	96	müp	19.16667
237	9	Mi5b3	E5b4	333	332	1	16	167	95	96		19.22222
238	10	Mi5b3	E5b4	333	332	2	16	333	99	96	te	19.33333
239	8	Fa5	F5	340	340	0	0	0	99	96		19.33333
240	9	Mi5b3	E5b4	333	332	1	16	167	99	96		19.38889
241	9	Re5	D5	327	327	1	16	167	95	96		19.44444
242	9	Re5	D5	327	327	1	8	333	99	96	lâ  	19.55556
243	8	Fa5	F5	340	340	0	0	0	99	96		19.55556
244	9	Mi5b3	E5b4	333	332	1	16	167	99	96		19.61111
245	9	Re5	D5	327	327	1	16	167	99	86		19.66667
246	9	Re5	D5	327	327	1	4	667	95	96		19.88889
247	53			0	0	0	0	0	0	0		19.88889
248	55			0	0	0	0	0	0	0		19.88889
249	9	Mi5b3	E5b4	333	332	1	16	167	95	96	SAZ	19.94444
250	9	Fa5#3	F5#4	343	344	1	16	167	95	96	.	20
251	9	Sol5	G5	349	349	1	4	667	95	96	.	20.22222
252	53			0	0	0	0	0	0	0		20.22222
253	9	Fa5#3	F5#4	343	344	1	8	333	95	96	Sev	20.33333
254	9	Sol5	G5	349	349	1	8	333	95	96	di	20.44444
255	9	Sol5	G5	349	349	1	4	667	99	96	ðim 	20.66667
256	9	Fa5#3	F5#4	343	344	1	8	333	99	96		20.77778
257	9	Mi5b3	E5b4	333	332	1	8	333	99	96		20.88889
258	9	Re5	D5	327	327	1	8	333	95	96		21
259	10	Re5	D5	327	327	1	8	333	99	96	say	21.11111
260	8	Mi5b3	E5b4	333	332	0	0	0	99	96		21.11111
261	9	Re5	D5	327	327	1	16	167	99	96		21.16667
262	9	Do5	C5	318	318	1	16	167	99	96		21.22222
263	9	Re5	D5	327	327	1	8	333	95	96		21.33333
264	9	Mi5b3	E5b4	333	332	1	16	167	99	96	dý	21.38889
265	9	Re5	D5	327	327	1	16	167	95	86		21.44444
266	9	Sol5	G5	349	349	1	8	333	99	96	ðým  	21.55556
267	9	Fa5#3	F5#4	343	344	1	8	333	99	96		21.66667
268	9	Mi5b3	E5b4	333	332	1	8	333	99	96		21.77778
269	9	Re5	D5	327	327	1	8	333	99	96		21.88889
270	9	Do5	C5	318	318	1	8	333	99	96		22
271	9	Si4b1	B4b1	313	313	1	4	667	95	96		22.22222
272	53			0	0	0	0	0	0	0		22.22222
273	9	Sol5	G5	349	349	1	8	333	95	96	Sa	22.33333
274	9	Sol5	G5	349	349	1	8	333	95	96	na 	22.44444
275	10	Sol5	G5	349	349	1	8	333	99	96	ol	22.55556
276	8	La5	A5	358	358	0	0	0	99	96		22.55556
277	9	Fa5#3	F5#4	343	344	1	8	333	95	96		22.66667
278	9	Mi5b3	E5b4	333	332	1	4	667	99	96	dum 	22.88889
279	9	Re5	D5	327	327	1	8	333	95	96		23
280	9	Re5	D5	327	327	3	16	500	99	96	müp	23.16667
281	9	Do5	C5	318	318	1	16	167	95	96		23.22222
282	10	Do5	C5	318	318	2	16	333	99	96	te	23.33333
283	8	Re5	D5	327	327	0	0	0	99	96		23.33333
284	9	Do5	C5	318	318	1	16	167	99	96		23.38889
285	9	Si4b1	B4b1	313	313	1	16	167	95	90		23.44444
286	9	Si4b1	B4b1	313	313	1	4	667	95	96	lâ  	23.66667
287	53			0	0	0	0	0	0	0		23.66667
288	9	Re5	D5	327	327	1	16	167	95	96	SAZ	23.72222
289	9	Mi5b3	E5b4	333	332	1	16	167	95	96	.	23.77778
290	9	Fa5#3	F5#4	343	344	1	16	167	95	96	.	23.83333
291	9	Sol5	G5	349	349	1	16	167	95	96	.	23.88889
292	9	Fa5#3	F5#4	343	344	1	16	167	95	96	.	23.94444
293	9	La5	A5	358	358	1	16	167	95	96	.	24
294	9	Sol5	G5	349	349	1	4	667	95	96	.	24.22222
295	53			0	0	0	0	0	0	0		24.22222
296	9	Fa5#3	F5#4	343	344	3	16	500	95	96	Sev	24.38889
297	9	Sol5	G5	349	349	1	16	167	95	96	di	24.44444
298	9	Sol5	G5	349	349	1	8	333	99	96	ðim 	24.55556
299	8	La5	A5	358	358	0	0	0	99	96		24.55556
300	9	Sol5	G5	349	349	1	8	333	99	96		24.66667
301	9	Fa5#3	F5#4	343	344	1	8	333	99	96		24.77778
302	9	Mi5b3	E5b4	333	332	1	8	333	99	96		24.88889
303	9	Re5	D5	327	327	1	8	333	95	96		25
304	10	Re5	D5	327	327	1	8	333	99	96	say	25.11111
305	8	Mi5b3	E5b4	333	332	0	0	0	99	96		25.11111
306	9	Re5	D5	327	327	1	16	167	99	96		25.16667
307	9	Do5	C5	318	318	1	16	167	99	96		25.22222
308	9	Re5	D5	327	327	1	8	333	95	96		25.33333
309	9	Mi5b3	E5b4	333	332	1	8	333	95	96	dý	25.44444
310	9	Sol5	G5	349	349	2	16	333	99	96	ðým  	25.55556
311	9	Fa5#3	F5#4	343	344	1	8	333	99	96		25.66667
312	9	Mi5b3	E5b4	333	332	1	8	333	99	96		25.77778
313	9	Re5	D5	327	327	1	8	333	99	96		25.88889
314	9	Do5	C5	318	318	1	8	333	99	96		26
315	9	Si4b1	B4b1	313	313	1	4	667	95	96		26.22222
316	53			0	0	0	0	0	0	0		26.22222
317	9	Fa5#3	F5#4	343	344	1	16	167	95	96	Sa	26.27778
318	9	Fa5#3	F5#4	343	344	1	16	167	99	96	na 	26.33333
319	9	Sol5	G5	349	349	1	8	333	95	96		26.44444
320	10	Sol5	G5	349	349	1	8	333	99	96	ol	26.55556
321	8	La5	A5	358	358	0	0	0	99	96		26.55556
322	9	Fa5#3	F5#4	343	344	1	8	333	95	96		26.66667
323	9	Mi5b3	E5b4	333	332	1	4	667	99	96	dum 	26.88889
324	9	Re5	D5	327	327	1	8	333	95	96		27
325	7	Re5	D5	327	327	3	16	500	99	96	müp	27.16667
326	9	Do5	C5	318	318	1	16	167	95	96		27.22222
327	10	Do5	C5	318	318	1	8	333	99	96	te	27.33333
328	8	Re5	D5	327	327	0	0	0	99	96		27.33333
329	9	Do5	C5	318	318	1	16	167	99	96		27.38889
330	9	Si4b1	B4b1	313	313	1	16	167	95	84		27.44444
331	9	Si4b1	B4b1	313	313	5	8	1667	95	96	lâ  	28
332	53			0	0	0	0	0	0	0		28
333	9	Si4b1	B4b1	313	313	1	16	167	95	96	ARANAÐME	28.05556
334	9	Do5	C5	318	318	1	16	167	95	96	.	28.11111
335	9	Si4b1	B4b1	313	313	1	16	167	95	96	.	28.16667
336	9	La4	A4	305	305	1	16	167	95	96	.	28.22222
337	9	Sol4	G4	296	296	1	4	667	95	96	.	28.44444
338	53			0	0	0	0	0	0	0		28.44444
339	9	Re5	D5	327	327	1	16	167	95	96	.	28.5
340	9	Do5	C5	318	318	1	16	167	95	96	.	28.55556
341	9	Si4b1	B4b1	313	313	1	16	167	95	96	.	28.61111
342	9	Do5	C5	318	318	1	16	167	95	96	.	28.66667
343	9	Re5	D5	327	327	3	32	250	95	96	.	28.75
344	9	Mi5b3	E5b4	333	332	1	32	83	95	96	.	28.77778
345	9	Re5	D5	327	327	1	16	167	95	96	.	28.83333
346	9	Mi5b3	E5b4	333	332	1	16	167	95	96	.	28.88889
347	9	Re5	D5	327	327	1	16	167	95	96	.	28.94444
348	9	Do5	C5	318	318	1	16	167	95	96	.	29
349	9	Re5	D5	327	327	1	16	167	95	96	.	29.05556
350	9	Mi5b3	E5b4	333	332	1	16	167	95	96	.	29.11111
351	9	Fa5#3	F5#4	343	344	1	16	167	95	96	.	29.16667
352	9	Sol5	G5	349	349	1	16	167	95	96	.	29.22222
353	9	La5	A5	358	358	1	16	167	95	96	.	29.27778
354	7	Sol5	G5	349	349	2	16	333	95	96	.	29.38889
355	9	Fa5#3	F5#4	343	344	1	16	167	95	96	.	29.44444
356	9	Fa5#3	F5#4	343	344	1	16	167	95	96	.	29.5
357	7	Mi5b3	E5b4	333	332	2	16	333	95	96	.	29.61111
358	9	Re5	D5	327	327	1	16	167	95	96	.	29.66667
359	9	Re5	D5	327	327	1	4	667	95	96	.	29.88889
360	9			-1	-1	1	8	333	100	0	.	30
361	53			0	0	0	0	0	0	0		30
362	9	Re5	D5	327	327	3	32	250	95	96	.	30.08333
363	9	Do5	C5	318	318	1	32	83	95	96	.	30.11111
364	9	Re5	D5	327	327	1	16	167	95	96	.	30.16667
365	9	Mi5b3	E5b4	333	332	1	16	167	95	96	.	30.22222
366	9	Fa5#3	F5#4	343	344	3	32	250	95	96	.	30.30556
367	9	Mi5b3	E5b4	333	332	1	32	83	95	96	.	30.33333
368	9	Fa5#3	F5#4	343	344	1	16	167	95	96	.	30.38889
369	9	Sol5	G5	349	349	1	16	167	95	96	.	30.44444
370	9	La5	A5	358	358	3	32	250	95	96	.	30.52778
371	9	Sol5	G5	349	349	1	32	83	95	96	.	30.55556
372	9	La5	A5	358	358	1	16	167	95	96	.	30.61111
373	9	Si5b5	B5b5	362	362	1	16	167	95	96	.	30.66667
374	9	La5	A5	358	358	1	16	167	95	96	.	30.72222
375	9	Sol5	G5	349	349	1	16	167	95	96	.	30.77778
376	9	Fa5#3	F5#4	343	344	1	16	167	95	96	.	30.83333
377	9	Mi5b3	E5b4	333	332	1	16	167	95	96	.	30.88889
378	9	Re5	D5	327	327	1	16	167	95	96	.	30.94444
379	9	Do5	C5	318	318	1	16	167	95	96	.	31
380	53			0	0	0	0	0	0	0		31
381	9	Si4b1	B4b1	313	313	1	16	167	95	96	.	31.05556
382	9	Do5	C5	318	318	1	16	167	95	96	.	31.11111
383	9	Re5	D5	327	327	1	16	167	95	96	.	31.16667
384	9	Mi5b3	E5b4	333	332	1	16	167	95	96	.	31.22222
385	7	Fa5#3	F5#4	343	344	2	16	333	95	96	.	31.33333
386	9	Mi5b3	E5b4	333	332	1	16	167	95	96	.	31.38889
387	9	Re5	D5	327	327	1	16	167	95	96	.	31.44444
388	9	Re5	D5	327	327	1	16	167	95	96	.	31.5
389	9	Do5	C5	318	318	1	16	167	95	96	.	31.55556
390	9	Do5	C5	318	318	1	16	167	95	96	.	31.61111
391	9	Si4b1	B4b1	313	313	1	16	167	95	96	.	31.66667
392	9	Si4b1	B4b1	313	313	1	4	667	95	96	.	31.88889
393	9			-1	-1	1	8	333	100	0		32
394	53			0	0	0	0	0	0	0		32
395	9	Si4b1	B4b1	313	313	1	16	167	95	96	ARANAÐME	32.05556
396	9	Do5	C5	318	318	1	16	167	95	96	.	32.11111
397	9	Si4b1	B4b1	313	313	1	16	167	95	96	.	32.16667
398	9	La4	A4	305	305	1	16	167	95	96	.	32.22222
399	9	Sol4	G4	296	296	1	4	667	95	96	.	32.44444
400	53			0	0	0	0	0	0	0		32.44444
401	9	Re5	D5	327	327	1	16	167	95	96	.	32.5
402	9	Do5	C5	318	318	1	16	167	95	96	.	32.55556
403	9	Si4b1	B4b1	313	313	1	16	167	95	96	.	32.61111
404	9	Do5	C5	318	318	1	16	167	95	96	.	32.66667
405	9	Re5	D5	327	327	3	32	250	95	96	.	32.75
406	9	Mi5b3	E5b4	333	332	1	32	83	95	96	.	32.77778
407	9	Re5	D5	327	327	1	16	167	95	96	.	32.83333
408	9	Mi5b3	E5b4	333	332	1	16	167	95	96	.	32.88889
409	9	Re5	D5	327	327	1	16	167	95	96	.	32.94444
410	9	Do5	C5	318	318	1	16	167	95	96	.	33
411	9	Re5	D5	327	327	1	16	167	95	96	.	33.05556
412	9	Mi5b3	E5b4	333	332	1	16	167	95	96	.	33.11111
413	9	Fa5#3	F5#4	343	344	1	16	167	95	96	.	33.16667
414	9	Sol5	G5	349	349	1	16	167	95	96	.	33.22222
415	9	La5	A5	358	358	1	16	167	95	96	.	33.27778
416	7	Sol5	G5	349	349	2	16	333	95	96	.	33.38889
417	9	Fa5#3	F5#4	343	344	1	16	167	95	96	.	33.44444
418	9	Fa5#3	F5#4	343	344	1	16	167	95	96	.	33.5
419	7	Mi5b3	E5b4	333	332	2	16	333	95	96	.	33.61111
420	9	Re5	D5	327	327	1	16	167	95	96	.	33.66667
421	9	Re5	D5	327	327	1	4	667	95	96	.	33.88889
422	9			-1	-1	1	8	333	100	0	.	34
423	53			0	0	0	0	0	0	0		34
424	9	Re5	D5	327	327	3	32	250	95	96	.	34.08333
425	9	Do5	C5	318	318	1	32	83	95	96	.	34.11111
426	9	Re5	D5	327	327	1	16	167	95	96	.	34.16667
427	9	Mi5b3	E5b4	333	332	1	16	167	95	96	.	34.22222
428	9	Fa5#3	F5#4	343	344	3	32	250	95	96	.	34.30556
429	9	Mi5b3	E5b4	333	332	1	32	83	95	96	.	34.33333
430	9	Fa5#3	F5#4	343	344	1	16	167	95	96	.	34.38889
431	9	Sol5	G5	349	349	1	16	167	95	96	.	34.44444
432	9	La5	A5	358	358	3	32	250	95	96	.	34.52778
433	9	Sol5	G5	349	349	1	32	83	95	96	.	34.55556
434	9	La5	A5	358	358	1	16	167	95	96	.	34.61111
435	9	Si5b5	B5b5	362	362	1	16	167	95	96	.	34.66667
436	9	La5	A5	358	358	1	16	167	95	96	.	34.72222
437	9	Sol5	G5	349	349	1	16	167	95	96	.	34.77778
438	9	Fa5#3	F5#4	343	344	1	16	167	95	96	.	34.83333
439	9	Mi5b3	E5b4	333	332	1	16	167	95	96	.	34.88889
440	9	Re5	D5	327	327	1	16	167	95	96	.	34.94444
441	9	Do5	C5	318	318	1	16	167	95	96	.	35
442	53			0	0	0	0	0	0	0		35
443	9	Si4b1	B4b1	313	313	1	16	167	95	96	.	35.05556
444	9	Do5	C5	318	318	1	16	167	95	96	.	35.11111
445	9	Re5	D5	327	327	1	16	167	95	96	.	35.16667
446	9	Mi5b3	E5b4	333	332	1	16	167	95	96	.	35.22222
447	7	Fa5#3	F5#4	343	344	2	16	333	95	96	.	35.33333
448	9	Mi5b3	E5b4	333	332	1	16	167	95	96	.	35.38889
449	9	Re5	D5	327	327	1	16	167	95	96	.	35.44444
450	9	Re5	D5	327	327	1	16	167	95	96	.	35.5
451	9	Do5	C5	318	318	1	16	167	95	96	.	35.55556
452	9	Do5	C5	318	318	1	16	167	95	96	.	35.61111
453	9	Si4b1	B4b1	313	313	1	16	167	95	96	.	35.66667
454	53			0	0	0	0	0	0	0		35.66667
455	9	Si4b1	B4b1	313	313	3	16	500	95	96	.	35.83333
456	9	Do5	C5	318	318	1	16	167	95	96	.	35.88889
457	9	Si4b1	B4b1	313	313	1	16	167	95	96	.	35.94444
458	9	Do5	C5	318	318	1	16	167	95	96	.	36
459	9	Re5	D5	327	327	1	4	667	95	96	.	36.22222
460	53			0	0	0	0	0	0	0		36.22222
461	9	Si4b1	B4b1	313	313	1	8	333	95	96	Ey 	36.33333
462	9	Do5	C5	318	318	2	16	333	95	96	gül_	36.44444
463	9	Re5	D5	327	327	1	4	667	95	96	i 	36.66667
464	9	Re5	D5	327	327	3	8	1000	95	96	bâð_	37
465	10	Re5	D5	327	327	1	8	333	99	96	ý 	37.11111
466	8	Mi5b3	E5b4	333	332	0	0	0	99	96		37.11111
467	9	Re5	D5	327	327	1	16	167	99	96		37.16667
468	9	Do5	C5	318	318	1	16	167	99	96		37.22222
469	9	Re5	D5	327	327	1	8	333	95	96		37.33333
470	9	Mi5b3	E5b4	333	332	1	8	333	95	96	e	37.44444
471	9	Sol5	G5	349	349	2	16	333	99	96	dâ  	37.55556
472	9	Fa5#3	F5#4	343	344	1	8	333	99	96		37.66667
473	9	Mi5b3	E5b4	333	332	1	8	333	99	96		37.77778
474	9	Re5	D5	327	327	1	8	333	99	96		37.88889
475	9	Do5	C5	318	318	1	16	167	99	96		37.94444
476	9	Si4b1	B4b1	313	313	1	16	167	99	96		38
477	9	Si4b1	B4b1	313	313	1	4	667	95	96		38.22222
478	53			0	0	0	0	0	0	0		38.22222
479	9	Fa5#3	F5#4	343	344	1	16	167	95	96	Sa	38.27778
480	9	Fa5#3	F5#4	343	344	1	16	167	99	96	na 	38.33333
481	9	Sol5	G5	349	349	1	8	333	95	96		38.44444
482	8	La5	A5	358	358	0	0	0	95	96		38.44444
483	9	Sol5	G5	349	349	1	8	333	99	96	ol	38.55556
484	9	Fa5#3	F5#4	343	344	2	16	333	95	96		38.66667
485	9	Mi5b3	E5b4	333	332	1	4	667	99	96	dum 	38.88889
486	9	Re5	D5	327	327	1	8	333	95	96		39
487	9	Re5	D5	327	327	3	16	500	99	96	müp	39.16667
488	9	Do5	C5	318	318	1	16	167	95	96		39.22222
489	9	Do5	C5	318	318	3	16	500	99	96	te	39.38889
490	9	Si4b1	B4b1	313	313	1	16	167	95	90		39.44444
491	9	Si4b1	B4b1	313	313	1	4	667	95	96	lâ  	39.66667
492	7	Re5	D5	327	327	4	16	667	95	96	SAZ	39.88889
493	53			0	0	0	0	0	0	0		39.88889
494	9	Do5	C5	318	318	1	16	167	95	96	.	39.94444
495	9	Si4b1	B4b1	313	313	1	16	167	95	96	.	40
496	9	Si4b1	B4b1	313	313	3	32	250	95	96	.	40.08333
497	9	La4	A4	305	305	1	32	83	95	96	.	40.11111
498	9	Sol4	G4	296	296	1	8	333	95	96	.	40.22222
499	53			0	0	0	0	0	0	0		40.22222
500	9	Si4b1	B4b1	313	313	1	8	333	95	96	Ey 	40.33333
501	9	Do5	C5	318	318	2	16	333	95	96	gül_	40.44444
502	9	Re5	D5	327	327	1	4	667	95	96	i 	40.66667
503	9	Re5	D5	327	327	3	8	1000	95	96	bað_	41
504	10	Re5	D5	327	327	1	8	333	99	96	ý 	41.11111
505	8	Mi5b3	E5b4	333	332	0	0	0	99	96		41.11111
506	9	Re5	D5	327	327	1	16	167	99	96		41.16667
507	9	Do5	C5	318	318	1	16	167	99	96		41.22222
508	9	Re5	D5	327	327	1	8	333	95	96		41.33333
509	9	Mi5b3	E5b4	333	332	1	8	333	95	96	e	41.44444
510	9	Sol5	G5	349	349	2	16	333	99	96	dâ  	41.55556
511	9	Fa5#3	F5#4	343	344	1	8	333	99	96		41.66667
512	9	Mi5b3	E5b4	333	332	1	8	333	99	96		41.77778
513	9	Re5	D5	327	327	1	8	333	99	96		41.88889
514	9	Do5	C5	318	318	1	8	333	99	96		42
515	9	Si4b1	B4b1	313	313	1	4	667	95	96		42.22222
516	53			0	0	0	0	0	0	0		42.22222
517	9	Fa5#3	F5#4	343	344	1	16	167	95	96	Sa	42.27778
518	9	Fa5#3	F5#4	343	344	1	16	167	99	96	na 	42.33333
519	9	Sol5	G5	349	349	1	8	333	95	96		42.44444
520	8	La5	A5	358	358	0	0	0	95	96		42.44444
521	9	Sol5	G5	349	349	1	8	333	99	96	ol	42.55556
522	9	Fa5#3	F5#4	343	344	2	16	333	95	96		42.66667
523	9	La5	A5	358	358	1	8	333	99	96	dum 	42.77778
524	9	Sol5	G5	349	349	1	8	333	99	96		42.88889
525	9	Fa5#3	F5#4	343	344	1	8	333	95	96		43
526	7	Fa5#3	F5#4	343	344	3	16	500	99	96	müp	43.16667
527	9	Mi5b3	E5b4	333	332	1	16	167	95	96		43.22222
528	9	Mi5b3	E5b4	333	332	2	16	333	99	96	te	43.33333
529	9	Re5	D5	327	327	1	8	333	95	96		43.44444
530	10	Re5	D5	327	327	1	8	333	99	96	lâ  	43.55556
531	8	Fa5#3	F5#4	343	344	0	0	0	99	96		43.55556
532	9	Mi5b3	E5b4	333	332	1	16	167	99	96		43.61111
533	9	Re5	D5	327	327	1	16	167	99	86		43.66667
534	9	Re5	D5	327	327	1	4	667	95	96		43.88889
535	53			0	0	0	0	0	0	0		43.88889
536	9	Mi5b3	E5b4	333	332	1	16	167	95	96	SAZ 	43.94444
537	9	Fa5#1	F5#1	341	341	1	16	167	95	96	.	44
538	9	Sol5	G5	349	349	1	4	667	95	96	.	44.22222
539	54			0	0	0	0	0	0	0	ussak@re5	44.22222
540	53			0	0	0	0	0	0	0		44.22222
541	9	Fa5	F5	340	340	1	8	333	95	96	Gel 	44.33333
542	8	Fa5	F5	340	340	0	0	0	95	96		44.33333
543	9	Sol5	G5	349	349	1	8	333	95	96	ba	44.44444
544	9	Sol5	G5	349	349	1	4	667	95	96	na 	44.66667
545	9	Sol5	G5	349	349	3	8	1000	95	96	ey	45
546	10	Sol5	G5	349	349	1	8	333	99	96	le 	45.11111
547	8	La5	A5	358	358	0	0	0	99	96		45.11111
548	9	Sol5	G5	349	349	1	16	167	99	96		45.16667
549	9	Fa5	F5	340	340	1	16	167	99	96		45.22222
550	9	Sol5	G5	349	349	1	8	333	95	96		45.33333
551	9	La5	A5	358	358	1	8	333	95	96	ve	45.44444
552	9	La5	A5	358	358	1	8	333	99	96	fâ  	45.55556
553	9	Sol5	G5	349	349	1	8	333	99	96		45.66667
554	12	Fa5	F5	340	340	4	16	667	99	96		45.88889
555	9	Sol5	G5	349	349	1	8	333	99	96		46
556	9	Sol5	G5	349	349	1	16	167	99	96		46.05556
557	9	Fa5	F5	340	340	1	8	333	99	96		46.16667
558	9	Mi5b3	E5b4	333	332	1	16	167	95	96		46.22222
559	53			0	0	0	0	0	0	0		46.22222
560	9	Fa5	F5	340	340	1	8	333	95	96	Sa	46.33333
561	9	Sol5	G5	349	349	1	8	333	95	96	na 	46.44444
562	8	La5	A5	358	358	0	0	0	95	96		46.44444
563	9	Sol5	G5	349	349	1	8	333	99	96	ol	46.55556
564	9	Fa5	F5	340	340	1	8	333	95	96		46.66667
565	9	La5	A5	358	358	1	8	333	99	96	dum 	46.77778
566	9	Sol5	G5	349	349	1	8	333	99	96		46.88889
567	9	Fa5	F5	340	340	1	8	333	95	96		47
568	9	Fa5	F5	340	340	3	16	500	99	96	müp	47.16667
569	9	Mi5b3	E5b4	333	332	1	16	167	95	96		47.22222
570	10	Mi5b3	E5b4	333	332	2	16	333	99	96	te	47.33333
571	8	Fa5	F5	340	340	0	0	0	99	96		47.33333
572	9	Mi5b3	E5b4	333	332	1	16	167	99	96		47.38889
573	9	Re5	D5	327	327	1	16	167	95	96		47.44444
574	9	Re5	D5	327	327	1	8	333	99	96	lâ  	47.55556
575	8	Fa5	F5	340	340	0	0	0	99	96		47.55556
576	9	Mi5b3	E5b4	333	332	1	16	167	99	96		47.61111
577	9	Re5	D5	327	327	1	16	167	99	86		47.66667
578	9	Re5	D5	327	327	1	4	667	95	96		47.88889
579	53			0	0	0	0	0	0	0		47.88889
580	55			0	0	0	0	0	0	0		47.88889
581	9	Mi5b3	E5b4	333	332	1	16	167	95	96	SAZ	47.94444
582	9	Fa5#3	F5#4	343	344	1	16	167	95	96	.	48
583	9	Sol5	G5	349	349	1	4	667	95	96	.	48.22222
584	53			0	0	0	0	0	0	0		48.22222
585	9	Fa5#3	F5#4	343	344	1	8	333	95	96	Sev	48.33333
586	9	Sol5	G5	349	349	1	8	333	95	96	di	48.44444
587	9	Sol5	G5	349	349	1	4	667	99	96	ðim 	48.66667
588	9	Fa5#3	F5#4	343	344	1	8	333	99	96		48.77778
589	9	Mi5b3	E5b4	333	332	1	8	333	99	96		48.88889
590	9	Re5	D5	327	327	1	8	333	95	96		49
591	10	Re5	D5	327	327	1	8	333	99	96	say	49.11111
592	8	Mi5b3	E5b4	333	332	0	0	0	99	96		49.11111
593	9	Re5	D5	327	327	1	16	167	99	96		49.16667
594	9	Do5	C5	318	318	1	16	167	99	96		49.22222
595	9	Re5	D5	327	327	1	8	333	95	96		49.33333
596	9	Mi5b3	E5b4	333	332	1	16	167	99	96	dý	49.38889
597	9	Re5	D5	327	327	1	16	167	95	86		49.44444
598	9	Sol5	G5	349	349	1	8	333	99	96	ðým  	49.55556
599	9	Fa5#3	F5#4	343	344	1	8	333	99	96		49.66667
600	9	Mi5b3	E5b4	333	332	1	8	333	99	96		49.77778
601	9	Re5	D5	327	327	1	8	333	99	96		49.88889
602	9	Do5	C5	318	318	1	8	333	99	96		50
603	9	Si4b1	B4b1	313	313	1	4	667	95	96		50.22222
604	53			0	0	0	0	0	0	0		50.22222
605	9	Sol5	G5	349	349	1	8	333	95	96	Sa	50.33333
606	9	Sol5	G5	349	349	1	8	333	95	96	na 	50.44444
607	10	Sol5	G5	349	349	1	8	333	99	96	ol	50.55556
608	8	La5	A5	358	358	0	0	0	99	96		50.55556
609	9	Fa5#3	F5#4	343	344	1	8	333	95	96		50.66667
610	9	Mi5b3	E5b4	333	332	1	4	667	99	96	dum 	50.88889
611	9	Re5	D5	327	327	1	8	333	95	96		51
612	9	Re5	D5	327	327	3	16	500	99	96	müp	51.16667
613	9	Do5	C5	318	318	1	16	167	95	96		51.22222
614	10	Do5	C5	318	318	2	16	333	99	96	te	51.33333
615	8	Re5	D5	327	327	0	0	0	99	96		51.33333
616	9	Do5	C5	318	318	1	16	167	99	96		51.38889
617	9	Si4b1	B4b1	313	313	1	16	167	95	90		51.44444
618	9	Si4b1	B4b1	313	313	1	4	667	95	96	lâ  	51.66667
619	53			0	0	0	0	0	0	0		51.66667
620	9	Re5	D5	327	327	1	16	167	95	96	SAZ	51.72222
621	9	Mi5b3	E5b4	333	332	1	16	167	95	96	.	51.77778
622	9	Fa5#3	F5#4	343	344	1	16	167	95	96	.	51.83333
623	9	Sol5	G5	349	349	1	16	167	95	96	.	51.88889
624	9	Fa5#3	F5#4	343	344	1	16	167	95	96	.	51.94444
625	9	La5	A5	358	358	1	16	167	95	96	.	52
626	9	Sol5	G5	349	349	1	4	667	95	96	.	52.22222
627	53			0	0	0	0	0	0	0		52.22222
628	9	Fa5#3	F5#4	343	344	3	16	500	95	96	Sev	52.38889
629	9	Sol5	G5	349	349	1	16	167	95	96	di	52.44444
630	9	Sol5	G5	349	349	1	8	333	99	96	ðim 	52.55556
631	8	La5	A5	358	358	0	0	0	99	96		52.55556
632	9	Sol5	G5	349	349	1	8	333	99	96		52.66667
633	9	Fa5#3	F5#4	343	344	1	8	333	99	96		52.77778
634	9	Mi5b3	E5b4	333	332	1	8	333	99	96		52.88889
635	9	Re5	D5	327	327	1	8	333	95	96		53
636	10	Re5	D5	327	327	1	8	333	99	96	say	53.11111
637	8	Mi5b3	E5b4	333	332	0	0	0	99	96		53.11111
638	9	Re5	D5	327	327	1	16	167	99	96		53.16667
639	9	Do5	C5	318	318	1	16	167	99	96		53.22222
640	9	Re5	D5	327	327	1	8	333	95	96		53.33333
641	9	Mi5b3	E5b4	333	332	1	8	333	95	96	dý	53.44444
642	9	Sol5	G5	349	349	2	16	333	99	96	ðým  	53.55556
643	9	Fa5#3	F5#4	343	344	1	8	333	99	96		53.66667
644	9	Mi5b3	E5b4	333	332	1	8	333	99	96		53.77778
645	9	Re5	D5	327	327	1	8	333	99	96		53.88889
646	9	Do5	C5	318	318	1	8	333	99	96		54
647	9	Si4b1	B4b1	313	313	1	4	667	95	96		54.22222
648	53			0	0	0	0	0	0	0		54.22222
649	9	Fa5#3	F5#4	343	344	1	16	167	95	96	Sa	54.27778
650	9	Fa5#3	F5#4	343	344	1	16	167	99	96	na 	54.33333
651	9	Sol5	G5	349	349	1	8	333	95	96		54.44444
652	10	Sol5	G5	349	349	1	8	333	99	96	ol	54.55556
653	8	La5	A5	358	358	0	0	0	99	96		54.55556
654	9	Fa5#3	F5#4	343	344	1	8	333	95	96		54.66667
655	9	Mi5b3	E5b4	333	332	1	4	667	99	96	dum 	54.88889
656	9	Re5	D5	327	327	1	8	333	95	96		55
657	7	Re5	D5	327	327	3	16	500	99	96	müp	55.16667
658	9	Do5	C5	318	318	1	16	167	95	96		55.22222
659	10	Do5	C5	318	318	1	8	333	99	96	te	55.33333
660	8	Re5	D5	327	327	0	0	0	99	96		55.33333
661	9	Do5	C5	318	318	1	16	167	99	96		55.38889
662	9	Si4b1	B4b1	313	313	1	16	167	95	84		55.44444
663	9	Si4b1	B4b1	313	313	5	8	1667	95	96	lâ  	56
664	53			0	0	0	0	0	0	0		56
