Sýra	Kod	Nota53	NotaAE	Koma53	KomaAE	Pay	Payda	Ms	LNS	Bas	Soz1	Offset
1	9			-1	-1	1	2	1667	100	0		0.5
2	9			-1	-1	1	4	833	100	0		0.75
3	9	Fa5#3	F5#4	343	344	1	16	208	95	96		0.8125
4	9	Sol5	G5	349	349	1	16	208	95	96		0.875
5	9	Fa5#3	F5#4	343	344	1	16	208	95	96		0.9375
6	9	Mi5b3	E5b4	333	332	1	16	208	95	96		1
7	9	Fa5#3	F5#4	343	344	1	16	208	95	96	ARANAÐME 	1.0625
8	9	Mi5b3	E5b4	333	332	1	16	208	95	96	.	1.125
9	9	Re5	D5	327	327	1	4	833	95	96	.	1.375
10	9	Si4b1	B4b1	313	313	1	8	417	95	96	.	1.5
11	9	Do5	C5	318	318	1	8	417	95	96	.	1.625
12	9	Re5	D5	327	327	1	16	208	95	96	.	1.6875
13	9	Mi5b3	E5b4	333	332	1	16	208	95	96	.	1.75
14	9	Re5	D5	327	327	1	16	208	95	96	.	1.8125
15	9	Do5	C5	318	318	1	16	208	95	96	.	1.875
16	9	Si4b1	B4b1	313	313	1	16	208	95	96	.	1.9375
17	9	La4#4	A4#4	309	309	1	16	208	95	96	.	2
18	9	Si4b1	B4b1	313	313	1	8	417	95	96	.	2.125
19	9	La4#4	A4#4	309	309	1	16	208	95	96	.	2.1875
20	9	Si4b1	B4b1	313	313	1	16	208	95	96	.	2.25
21	9	Do5	C5	318	318	1	8	417	95	96	.	2.375
22	9	Si4b1	B4b1	313	313	1	16	208	95	96	.	2.4375
23	9	Do5	C5	318	318	1	16	208	95	96	.	2.5
24	9	Re5	D5	327	327	1	8	417	95	96	.	2.625
25	9	Do5	C5	318	318	1	16	208	95	96	.	2.6875
26	9	Re5	D5	327	327	1	16	208	95	96	.	2.75
27	9	Mi5b3	E5b4	333	332	1	8	417	95	96	.	2.875
28	9	Re5	D5	327	327	1	16	208	95	96	.	2.9375
29	9	Mi5b3	E5b4	333	332	1	16	208	95	96	.	3
30	9	Fa5#3	F5#4	343	344	1	16	208	95	96	.	3.0625
31	9	Mi5b3	E5b4	333	332	1	16	208	95	96	.	3.125
32	9	Re5	D5	327	327	1	4	833	95	96	.	3.375
33	9	Si4b1	B4b1	313	313	1	8	417	95	96	.	3.5
34	9	Do5	C5	318	318	1	8	417	95	96	.	3.625
35	9	Re5	D5	327	327	1	8	417	95	96	.	3.75
36	9	Re5	D5	327	327	1	16	208	95	96	.	3.8125
37	9	Do5	C5	318	318	1	16	208	95	96	.	3.875
38	9	Do5	C5	318	318	1	16	208	95	96	.	3.9375
39	9	Si4b1	B4b1	313	313	1	16	208	95	96	.	4
40	9	Si4b2	B4b1	312	313	1	4	833	95	96	.	4.25
41	53			0	0	0	0	0	0	0		4.25
42	9	Si4b1	B4b1	313	313	1	16	208	95	96	.	4.3125
43	9	Do5	C5	318	318	1	16	208	95	96	.	4.375
44	9	Si4b1	B4b1	313	313	1	16	208	95	96	.	4.4375
45	9	La4#4	A4#4	309	309	1	16	208	95	96	.	4.5
46	9	Si4b1	B4b1	313	313	1	4	833	95	96	.	4.75
47	53			0	0	0	0	0	0	0		4.75
48	9	Fa5#3	F5#4	343	344	1	16	208	95	96	.	4.8125
49	9	Sol5	G5	349	349	1	16	208	95	96	.	4.875
50	9	Fa5#3	F5#4	343	344	1	16	208	95	96	.	4.9375
51	9	Mi5b3	E5b4	333	332	1	16	208	95	96	.	5
52	9	Fa5#3	F5#4	343	344	1	16	208	95	96	ARANAÐME 	5.0625
53	9	Mi5b3	E5b4	333	332	1	16	208	95	96	.	5.125
54	9	Re5	D5	327	327	1	4	833	95	96	.	5.375
55	9	Si4b1	B4b1	313	313	1	8	417	95	96	.	5.5
56	9	Do5	C5	318	318	1	8	417	95	96	.	5.625
57	9	Re5	D5	327	327	1	16	208	95	96	.	5.6875
58	9	Mi5b3	E5b4	333	332	1	16	208	95	96	.	5.75
59	9	Re5	D5	327	327	1	16	208	95	96	.	5.8125
60	9	Do5	C5	318	318	1	16	208	95	96	.	5.875
61	9	Si4b1	B4b1	313	313	1	16	208	95	96	.	5.9375
62	9	La4#4	A4#4	309	309	1	16	208	95	96	.	6
63	9	Si4b1	B4b1	313	313	1	8	417	95	96	.	6.125
64	9	La4#4	A4#4	309	309	1	16	208	95	96	.	6.1875
65	9	Si4b1	B4b1	313	313	1	16	208	95	96	.	6.25
66	9	Do5	C5	318	318	1	8	417	95	96	.	6.375
67	9	Si4b1	B4b1	313	313	1	16	208	95	96	.	6.4375
68	9	Do5	C5	318	318	1	16	208	95	96	.	6.5
69	9	Re5	D5	327	327	1	8	417	95	96	.	6.625
70	9	Do5	C5	318	318	1	16	208	95	96	.	6.6875
71	9	Re5	D5	327	327	1	16	208	95	96	.	6.75
72	9	Mi5b3	E5b4	333	332	1	8	417	95	96	.	6.875
73	9	Re5	D5	327	327	1	16	208	95	96	.	6.9375
74	9	Mi5b3	E5b4	333	332	1	16	208	95	96	.	7
75	9	Fa5#3	F5#4	343	344	1	16	208	95	96	.	7.0625
76	9	Mi5b3	E5b4	333	332	1	16	208	95	96	.	7.125
77	9	Re5	D5	327	327	1	4	833	95	96	.	7.375
78	9	Si4b1	B4b1	313	313	1	8	417	95	96	.	7.5
79	9	Do5	C5	318	318	1	8	417	95	96	.	7.625
80	9	Re5	D5	327	327	1	16	208	95	96	.	7.6875
81	9	Mi5b3	E5b4	333	332	1	16	208	95	96	.	7.75
82	9	Re5	D5	327	327	1	16	208	95	96	.	7.8125
83	9	Do5	C5	318	318	1	16	208	95	96	.	7.875
84	9	Do5	C5	318	318	1	16	208	95	96	.	7.9375
85	9	Si4b1	B4b1	313	313	1	16	208	95	96	.	8
86	9	Si4b1	B4b1	313	313	3	8	1250	95	96	.	8.375
87	53			0	0	0	0	0	0	0		8.375
88	9	La5	A5	358	358	1	16	208	95	96	.	8.4375
89	9	Sol5	G5	349	349	1	16	208	95	96	.	8.5
90	9	Sol5	G5	349	349	1	16	208	95	96	.	8.5625
91	9	Fa5#4	F5#4	344	344	1	16	208	95	96	.	8.625
92	9	Fa5#4	F5#4	344	344	1	16	208	95	96	.	8.6875
93	9	Mi5#4	E5#4	340	340	1	16	208	95	96	.	8.75
94	9	Fa5#4	F5#4	344	344	1	4	833	95	96	.	9
95	53			0	0	0	0	0	0	0		9
96	9	Fa5#4	F5#4	344	344	1	4	833	95	96	Ah 	9.25
97	9	Fa5#4	F5#4	344	344	1	8	417	95	96	ak	9.375
98	9	Fa5#4	F5#4	344	344	1	8	417	95	96	þam_	9.5
99	9	Fa5#4	F5#4	344	344	1	4	833	95	96	ol	9.75
100	9	Fa5#4	F5#4	344	344	1	4	833	95	96	du 	10
101	53			0	0	0	0	0	0	0		10
102	9	La5	A5	358	358	3	16	625	99	96	yi	10.1875
103	9	Sol5	G5	349	349	1	16	208	95	96		10.25
104	11	Sol5	G5	349	349	1	8	417	95	96	ne 	10.375
105	9	Sol5	G5	349	349	1	16	208	99	96	de 	10.4375
106	9	Fa5#4	F5#4	344	344	1	16	208	95	96		10.5
107	9	Fa5#3	F5#4	343	344	3	16	625	99	96	bas	10.6875
108	9	Mi5b3	E5b4	333	332	1	16	208	99	96		10.75
109	9	Fa5#3	F5#4	343	344	1	16	208	99	96		10.8125
110	9	Mi5b3	E5b4	333	332	1	16	208	99	96		10.875
111	9	Mi5b3	E5b4	333	332	1	16	208	99	96		10.9375
112	9	Re5	D5	327	327	1	16	208	95	96		11
113	9	Re5	D5	327	327	1	4	833	95	96	tý 	11.25
114	53			0	0	0	0	0	0	0		11.25
115	9	Mi5b3	E5b4	333	332	1	8	417	95	96	ka	11.375
116	9	Fa5#4	F5#4	344	344	1	8	417	95	96	re	11.5
117	9	Sol5	G5	349	349	1	2	1667	100	96	ler 	12
118	9	Sol5	G5	349	349	1	2	1667	99	96		12.5
119	9	Fa5#3	F5#4	343	344	3	16	625	99	96		12.6875
120	9	Mi5b3	E5b4	333	332	1	16	208	99	96		12.75
121	9	Re5	D5	327	327	1	8	417	99	96		12.875
122	9	Mi5b3	E5b4	333	332	1	8	417	99	96		13
123	9	Re5	D5	327	327	1	8	417	99	96		13.125
124	9	Mi5b3	E5b4	333	332	1	8	417	99	96		13.25
125	9	Fa5#3	F5#4	343	344	1	8	417	99	96		13.375
126	9	Sol5	G5	349	349	1	8	417	95	96		13.5
127	9	Fa5#3	F5#4	343	344	3	16	625	99	96	gel 	13.6875
128	9	Mi5b3	E5b4	333	332	1	16	208	95	96		13.75
129	9	Fa5#3	F5#4	343	344	1	16	208	99	96	gel_	13.8125
130	9	Mi5b3	E5b4	333	332	1	16	208	95	96		13.875
131	9	Mi5b3	E5b4	333	332	1	16	208	99	96	a	13.9375
132	9	Re5	D5	327	327	1	16	208	95	96		14
133	9	Re5	D5	327	327	3	8	1250	95	96	man  	14.375
134	53			0	0	0	0	0	0	0		14.375
135	9	La5	A5	358	358	1	16	208	95	96	SAZ 	14.4375
136	9	Sol5	G5	349	349	1	16	208	95	96	.	14.5
137	9	Sol5	G5	349	349	1	16	208	95	96	.	14.5625
138	9	Fa5#4	F5#4	344	344	1	16	208	95	96	.	14.625
139	9	Fa5#4	F5#4	344	344	1	16	208	95	96	.	14.6875
140	9	Mi5#4	E5#4	340	340	1	16	208	95	96	.	14.75
141	9	Fa5#4	F5#4	344	344	1	4	833	95	96	.	15
142	53			0	0	0	0	0	0	0		15
143	9	Fa5#4	F5#4	344	344	1	4	833	95	96	Ah 	15.25
144	9	Fa5#4	F5#4	344	344	1	8	417	95	96	ak	15.375
145	9	Fa5#4	F5#4	344	344	1	8	417	95	96	þam_	15.5
146	9	Fa5#4	F5#4	344	344	1	4	833	95	96	ol	15.75
147	9	Fa5#4	F5#4	344	344	1	4	833	95	96	du 	16
148	53			0	0	0	0	0	0	0		16
149	9	La5	A5	358	358	3	16	625	99	96	yi	16.1875
150	9	Sol5	G5	349	349	1	16	208	95	96		16.25
151	11	Sol5	G5	349	349	1	8	417	95	96	ne 	16.375
152	9	Sol5	G5	349	349	1	16	208	99	96	de 	16.4375
153	9	Fa5#4	F5#4	344	344	1	16	208	95	96		16.5
154	9	Fa5#3	F5#4	343	344	3	16	625	99	96	bas	16.6875
155	9	Mi5b3	E5b4	333	332	1	16	208	99	96		16.75
156	9	Fa5#3	F5#4	343	344	1	16	208	99	96		16.8125
157	9	Mi5b3	E5b4	333	332	1	16	208	99	96		16.875
158	9	Mi5b3	E5b4	333	332	1	16	208	99	96		16.9375
159	9	Re5	D5	327	327	1	16	208	95	96		17
160	9	Re5	D5	327	327	1	4	833	95	96	tý 	17.25
161	53			0	0	0	0	0	0	0		17.25
162	9	Mi5b3	E5b4	333	332	1	8	417	95	96	ka	17.375
163	9	Fa5#4	F5#4	344	344	1	8	417	95	96	re	17.5
164	9	Sol5	G5	349	349	1	2	1667	100	96	ler 	18
165	9	Sol5	G5	349	349	1	2	1667	99	96		18.5
166	9	Fa5#3	F5#4	343	344	3	16	625	99	96		18.6875
167	9	Mi5b3	E5b4	333	332	1	16	208	99	96		18.75
168	9	Re5	D5	327	327	1	8	417	99	96		18.875
169	9	Mi5b3	E5b4	333	332	1	8	417	99	96		19
170	9	Re5	D5	327	327	1	8	417	99	96		19.125
171	9	Mi5b3	E5b4	333	332	1	8	417	99	96		19.25
172	9	Fa5#3	F5#4	343	344	1	8	417	99	96		19.375
173	9	Sol5	G5	349	349	1	8	417	95	96		19.5
174	9	Fa5#3	F5#4	343	344	3	16	625	99	96	gel 	19.6875
175	9	Mi5b3	E5b4	333	332	1	16	208	95	96		19.75
176	9	Fa5#3	F5#4	343	344	1	16	208	99	96	gel_	19.8125
177	9	Mi5b3	E5b4	333	332	1	16	208	95	96		19.875
178	9	Mi5b3	E5b4	333	332	1	16	208	99	96	a	19.9375
179	9	Re5	D5	327	327	1	16	208	95	96		20
180	9	Re5	D5	327	327	3	8	1250	95	96	man  	20.375
181	53			0	0	0	0	0	0	0		20.375
182	9	Re5	D5	327	327	1	16	208	95	96	SAZ 	20.4375
183	9	Mi5b3	E5b4	333	332	1	16	208	95	96	.	20.5
184	9	Re5	D5	327	327	1	16	208	95	96	.	20.5625
185	9	Do5	C5	318	318	1	16	208	95	96	.	20.625
186	9	Si4b1	B4b1	313	313	1	16	208	95	96	.	20.6875
187	9	Do5	C5	318	318	1	16	208	95	96	.	20.75
188	9	Re5	D5	327	327	1	4	833	95	96	.	21
189	53			0	0	0	0	0	0	0		21
190	9	Re5	D5	327	327	1	4	833	95	96	Ah 	21.25
191	9	Si4b1	B4b1	313	313	1	8	417	95	96	git	21.375
192	9	Do5	C5	318	318	1	8	417	95	96	me 	21.5
193	9	Re5	D5	327	327	1	4	833	95	96	yav	21.75
194	9	Re5	D5	327	327	1	4	833	95	96	rum 	22
195	53			0	0	0	0	0	0	0		22
196	54			0	0	0	0	0	0	0	segah@si4b1	22
197	9	La5	A5	358	358	1	8	417	99	96	se	22.125
198	9	Sol5	G5	349	349	1	8	417	95	96		22.25
199	9	Fa5	F5	340	340	1	8	417	95	96	ni 	22.375
200	9	Mi5b1	E5b1	335	335	1	8	417	95	96	de 	22.5
201	9	Re5	D5	327	327	3	16	625	99	96	ars	22.6875
202	9	Do5	C5	318	318	1	16	208	95	96		22.75
203	55			0	0	0	0	0	0	0		22.75
204	9	Do5	C5	318	318	1	8	417	99	96	lan 	22.875
205	9	Si4b1	B4b1	313	313	1	16	208	99	96		22.9375
206	9	La4#4	A4#4	309	309	1	16	208	99	96		23
207	9	Si4b1	B4b1	313	313	1	4	833	95	96		23.25
208	53			0	0	0	0	0	0	0		23.25
209	9	La4#4	A4#4	309	309	1	8	417	95	96	pa	23.375
210	9	Si4b1	B4b1	313	313	1	8	417	95	96	re	23.5
211	9	Do5	C5	318	318	1	2	1667	99	96	ler 	24
212	9	Do5	C5	318	318	1	8	417	99	96		24.125
213	9	Si4b1	B4b1	313	313	1	8	417	99	96		24.25
214	9	Re5	D5	327	327	1	4	833	99	96		24.5
215	9	Re5	D5	327	327	1	16	208	99	96		24.5625
216	9	Do5	C5	318	318	1	16	208	99	96		24.625
217	9	Si4b1	B4b1	313	313	1	16	208	99	96		24.6875
218	9	La4#4	A4#4	309	309	1	16	208	99	96		24.75
219	9	Si4b1	B4b1	313	313	1	8	417	99	96		24.875
220	9	Do5	C5	318	318	1	8	417	99	96		25
221	9	Si4b1	B4b1	313	313	1	4	833	95	96		25.25
222	53			0	0	0	0	0	0	0		25.25
223	9	Sol5	G5	349	349	1	8	417	95	96	of 	25.375
224	9	La5	A5	358	358	1	8	417	95	96	a	25.5
225	9	Sol5	G5	349	349	1	8	417	99	96	man 	25.625
226	9	Fa5	F5	340	340	1	8	417	99	96		25.75
227	9	Mi5b1	E5b1	335	335	1	8	417	99	96		25.875
228	9	Re5	D5	327	327	1	8	417	95	96		26
229	9	Re5	D5	327	327	3	16	625	99	96	pa	26.1875
230	9	Do5	C5	318	318	1	16	208	99	96		26.25
231	9	Si4b2	B4b1	312	313	1	8	417	99	96		26.375
232	9	Do5	C5	318	318	1	8	417	99	96		26.5
233	9	Si4b2	B4b1	312	313	1	8	417	99	96		26.625
234	9	Re5	D5	327	327	1	8	417	99	96		26.75
235	9	Do5	C5	318	318	1	8	417	99	96		26.875
236	9	Si4b2	B4b1	312	313	1	8	417	95	96		27
237	9	Do5	C5	318	318	1	16	208	99	96	re	27.0625
238	9	Si4b2	B4b1	312	313	1	16	208	99	96		27.125
239	9	La4	A4	305	305	3	4	2500	99	96		27.875
240	9	Sol4	G4	296	296	1	8	417	95	96		28
241	53			0	0	0	0	0	0	0		28
242	9	Si4b2	B4b1	312	313	1	16	208	99	96	ler  	28.0625
243	9	Do5	C5	318	318	1	16	208	99	96		28.125
244	9	Re5	D5	327	327	1	4	833	99	96		28.375
245	9	Do5	C5	318	318	1	16	208	99	96		28.4375
246	9	Si4b2	B4b1	312	313	1	16	208	99	96		28.5
247	9	Si4b2	B4b1	312	313	1	4	833	95	96		28.75
248	53			0	0	0	0	0	0	0		28.75
249	9	La5	A5	358	358	1	16	208	95	96	SAZ 	28.8125
250	9	Sol5	G5	349	349	1	16	208	95	96	.	28.875
251	9	Fa5#4	F5#4	344	344	1	16	208	95	96	.	28.9375
252	9	Mi5#4	E5#4	340	340	1	16	208	95	96	.	29
253	9	Fa5#4	F5#4	344	344	1	4	833	95	96	Ah 	29.25
254	9	Fa5#4	F5#4	344	344	1	8	417	95	96	ak	29.375
255	9	Fa5#4	F5#4	344	344	1	8	417	95	96	þam_	29.5
256	9	Fa5#4	F5#4	344	344	1	4	833	95	96	ol	29.75
257	9	Fa5#4	F5#4	344	344	1	4	833	95	96	du 	30
258	53			0	0	0	0	0	0	0		30
259	9	La5	A5	358	358	3	16	625	99	96	yi	30.1875
260	9	Sol5	G5	349	349	1	16	208	95	96		30.25
261	11	Sol5	G5	349	349	1	8	417	95	96	ne 	30.375
262	9	Sol5	G5	349	349	1	16	208	99	96	de 	30.4375
263	9	Fa5#4	F5#4	344	344	1	16	208	95	96		30.5
264	9	Fa5#3	F5#4	343	344	3	16	625	99	96	bas	30.6875
265	9	Mi5b3	E5b4	333	332	1	16	208	99	96		30.75
266	9	Fa5#3	F5#4	343	344	1	16	208	99	96		30.8125
267	9	Mi5b3	E5b4	333	332	1	16	208	99	96		30.875
268	9	Mi5b3	E5b4	333	332	1	16	208	99	96		30.9375
269	9	Re5	D5	327	327	1	16	208	95	96		31
270	9	Re5	D5	327	327	1	4	833	95	96	tý 	31.25
271	53			0	0	0	0	0	0	0		31.25
272	9	Mi5b3	E5b4	333	332	1	8	417	95	96	ka	31.375
273	9	Fa5#4	F5#4	344	344	1	8	417	95	96	re	31.5
274	9	Sol5	G5	349	349	1	2	1667	100	96	ler 	32
275	9	Sol5	G5	349	349	1	2	1667	99	96		32.5
276	9	Fa5#3	F5#4	343	344	3	16	625	99	96		32.6875
277	9	Mi5b3	E5b4	333	332	1	16	208	99	96		32.75
278	9	Re5	D5	327	327	1	8	417	99	96		32.875
279	9	Mi5b3	E5b4	333	332	1	8	417	99	96		33
280	9	Re5	D5	327	327	1	8	417	99	96		33.125
281	9	Mi5b3	E5b4	333	332	1	8	417	99	96		33.25
282	9	Fa5#3	F5#4	343	344	1	8	417	99	96		33.375
283	9	Sol5	G5	349	349	1	8	417	95	96		33.5
284	9	Fa5#3	F5#4	343	344	3	16	625	99	96	gel 	33.6875
285	9	Mi5b3	E5b4	333	332	1	16	208	95	96		33.75
286	9	Fa5#3	F5#4	343	344	1	16	208	99	96	gel_	33.8125
287	9	Mi5b3	E5b4	333	332	1	16	208	95	96		33.875
288	9	Mi5b3	E5b4	333	332	1	16	208	99	96	a	33.9375
289	9	Re5	D5	327	327	1	16	208	95	96		34
290	9	Re5	D5	327	327	3	8	1250	95	96	man  	34.375
291	53			0	0	0	0	0	0	0		34.375
292	9	La5	A5	358	358	1	16	208	95	96	SAZ 	34.4375
293	9	Sol5	G5	349	349	1	16	208	95	96	.	34.5
294	9	Sol5	G5	349	349	1	16	208	95	96	.	34.5625
295	9	Fa5#4	F5#4	344	344	1	16	208	95	96	.	34.625
296	9	Fa5#4	F5#4	344	344	1	16	208	95	96	.	34.6875
297	9	Mi5#4	E5#4	340	340	1	16	208	95	96	.	34.75
298	9	Fa5#4	F5#4	344	344	1	4	833	95	96	.	35
299	53			0	0	0	0	0	0	0		35
300	9	Fa5#4	F5#4	344	344	1	4	833	95	96	Ah 	35.25
301	9	Fa5#4	F5#4	344	344	1	8	417	95	96	ak	35.375
302	9	Fa5#4	F5#4	344	344	1	8	417	95	96	þam_	35.5
303	9	Fa5#4	F5#4	344	344	1	4	833	95	96	ol	35.75
304	9	Fa5#4	F5#4	344	344	1	4	833	95	96	du 	36
305	53			0	0	0	0	0	0	0		36
306	9	La5	A5	358	358	3	16	625	99	96	yi	36.1875
307	9	Sol5	G5	349	349	1	16	208	95	96		36.25
308	11	Sol5	G5	349	349	1	8	417	95	96	ne 	36.375
309	9	Sol5	G5	349	349	1	16	208	99	96	de 	36.4375
310	9	Fa5#4	F5#4	344	344	1	16	208	95	96		36.5
311	9	Fa5#3	F5#4	343	344	3	16	625	99	96	bas	36.6875
312	9	Mi5b3	E5b4	333	332	1	16	208	99	96		36.75
313	9	Fa5#3	F5#4	343	344	1	16	208	99	96		36.8125
314	9	Mi5b3	E5b4	333	332	1	16	208	99	96		36.875
315	9	Mi5b3	E5b4	333	332	1	16	208	99	96		36.9375
316	9	Re5	D5	327	327	1	16	208	95	96		37
317	9	Re5	D5	327	327	1	4	833	95	96	tý 	37.25
318	53			0	0	0	0	0	0	0		37.25
319	9	Mi5b3	E5b4	333	332	1	8	417	95	96	ka	37.375
320	9	Fa5#4	F5#4	344	344	1	8	417	95	96	re	37.5
321	9	Sol5	G5	349	349	1	2	1667	100	96	ler 	38
322	9	Sol5	G5	349	349	1	2	1667	99	96		38.5
323	9	Fa5#3	F5#4	343	344	3	16	625	99	96		38.6875
324	9	Mi5b3	E5b4	333	332	1	16	208	99	96		38.75
325	9	Re5	D5	327	327	1	8	417	99	96		38.875
326	9	Mi5b3	E5b4	333	332	1	8	417	99	96		39
327	9	Re5	D5	327	327	1	8	417	99	96		39.125
328	9	Mi5b3	E5b4	333	332	1	8	417	99	96		39.25
329	9	Fa5#3	F5#4	343	344	1	8	417	99	96		39.375
330	9	Sol5	G5	349	349	1	8	417	95	96		39.5
331	9	Fa5#3	F5#4	343	344	3	16	625	99	96	gel 	39.6875
332	9	Mi5b3	E5b4	333	332	1	16	208	95	96		39.75
333	9	Fa5#3	F5#4	343	344	1	16	208	99	96	gel_	39.8125
334	9	Mi5b3	E5b4	333	332	1	16	208	95	96		39.875
335	9	Mi5b3	E5b4	333	332	1	16	208	99	96	a	39.9375
336	9	Re5	D5	327	327	1	16	208	95	96		40
337	9	Re5	D5	327	327	3	8	1250	95	96	man  	40.375
338	53			0	0	0	0	0	0	0		40.375
339	9	Re5	D5	327	327	1	16	208	95	96	SAZ 	40.4375
340	9	Mi5b3	E5b4	333	332	1	16	208	95	96	.	40.5
341	9	Re5	D5	327	327	1	16	208	95	96	.	40.5625
342	9	Do5	C5	318	318	1	16	208	95	96	.	40.625
343	9	Si4b1	B4b1	313	313	1	16	208	95	96	.	40.6875
344	9	Do5	C5	318	318	1	16	208	95	96	.	40.75
345	9	Re5	D5	327	327	1	4	833	95	96	.	41
346	53			0	0	0	0	0	0	0		41
347	9	Re5	D5	327	327	1	4	833	95	96	Ah 	41.25
348	9	Si4b1	B4b1	313	313	1	8	417	95	96	git	41.375
349	9	Do5	C5	318	318	1	8	417	95	96	me 	41.5
350	9	Re5	D5	327	327	1	4	833	95	96	yav	41.75
351	9	Re5	D5	327	327	1	4	833	95	96	rum 	42
352	53			0	0	0	0	0	0	0		42
353	54			0	0	0	0	0	0	0	segah@si4b1	42
354	9	La5	A5	358	358	1	8	417	99	96	se	42.125
355	9	Sol5	G5	349	349	1	8	417	95	96		42.25
356	9	Fa5	F5	340	340	1	8	417	95	96	ni 	42.375
357	9	Mi5b1	E5b1	335	335	1	8	417	95	96	de 	42.5
358	9	Re5	D5	327	327	3	16	625	99	96	ars	42.6875
359	9	Do5	C5	318	318	1	16	208	95	96		42.75
360	55			0	0	0	0	0	0	0		42.75
361	9	Do5	C5	318	318	1	8	417	99	96	lan 	42.875
362	9	Si4b1	B4b1	313	313	1	16	208	99	96		42.9375
363	9	La4#4	A4#4	309	309	1	16	208	99	96		43
364	9	Si4b1	B4b1	313	313	1	4	833	95	96		43.25
365	53			0	0	0	0	0	0	0		43.25
366	9	La4#4	A4#4	309	309	1	8	417	95	96	pa	43.375
367	9	Si4b1	B4b1	313	313	1	8	417	95	96	re	43.5
368	9	Do5	C5	318	318	1	2	1667	99	96	ler 	44
369	9	Do5	C5	318	318	1	8	417	99	96		44.125
370	9	Si4b1	B4b1	313	313	1	8	417	99	96		44.25
371	9	Re5	D5	327	327	1	4	833	99	96		44.5
372	9	Re5	D5	327	327	1	16	208	99	96		44.5625
373	9	Do5	C5	318	318	1	16	208	99	96		44.625
374	9	Si4b1	B4b1	313	313	1	16	208	99	96		44.6875
375	9	La4#4	A4#4	309	309	1	16	208	99	96		44.75
376	9	Si4b1	B4b1	313	313	1	8	417	99	96		44.875
377	9	Do5	C5	318	318	1	8	417	99	96		45
378	9	Si4b1	B4b1	313	313	1	4	833	95	96		45.25
379	53			0	0	0	0	0	0	0		45.25
380	9	Sol5	G5	349	349	1	8	417	95	96	of 	45.375
381	9	La5	A5	358	358	1	8	417	95	96	a	45.5
382	9	Sol5	G5	349	349	1	8	417	99	96	man 	45.625
383	9	Fa5	F5	340	340	1	8	417	99	96		45.75
384	9	Mi5b1	E5b1	335	335	1	8	417	99	96		45.875
385	9	Re5	D5	327	327	1	8	417	95	96		46
386	9	Re5	D5	327	327	3	16	625	99	96	pa	46.1875
387	9	Do5	C5	318	318	1	16	208	99	96		46.25
388	9	Si4b2	B4b1	312	313	1	8	417	99	96		46.375
389	9	Do5	C5	318	318	1	8	417	99	96		46.5
390	9	Si4b2	B4b1	312	313	1	8	417	99	96		46.625
391	9	Re5	D5	327	327	1	8	417	99	96		46.75
392	9	Do5	C5	318	318	1	8	417	99	96		46.875
393	9	Si4b2	B4b1	312	313	1	8	417	95	96		47
394	9	Do5	C5	318	318	1	16	208	99	96	re	47.0625
395	9	Si4b2	B4b1	312	313	1	16	208	99	96		47.125
396	9	La4	A4	305	305	3	4	2500	99	96		47.875
397	9	Sol4	G4	296	296	1	8	417	95	96		48
398	53			0	0	0	0	0	0	0		48
399	9	Si4b2	B4b1	312	313	1	16	208	99	96	ler  	48.0625
400	9	Do5	C5	318	318	1	16	208	99	96	KARAR	48.125
401	9	Re5	D5	327	327	1	4	833	99	96		48.375
402	9	Do5	C5	318	318	1	16	208	99	96		48.4375
403	9	Si4b2	B4b1	312	313	1	16	208	99	96		48.5
404	9	Si4b2	B4b1	312	313	1	4	833	95	96		48.75
405	9			-1	-1	1	4	833	100	0		49
406	53			0	0	0	0	0	0	0		49
