Sýra	Kod	Nota53	NotaAE	Koma53	KomaAE	Pay	Payda	Ms	LNS	Bas	Soz1	Offset
1	9	Sol5	G5	349	349	1	8	556	95	96	Sev	0.2
2	9	Fa5#3	F5#4	343	344	1	16	278	95	96		0.3
3	9	La5	A5	358	358	1	16	278	95	96		0.4
4	9	Sol5	G5	349	349	3	32	417	95	96	dâ	0.55
5	9	Fa5#3	F5#4	343	344	1	32	139	95	96		0.6
6	9	Mi5b3	E5b4	333	332	1	16	278	95	96		0.7
7	9	Fa5#3	F5#4	343	344	1	16	278	95	96		0.8
8	9	Mi5b3	E5b4	333	332	1	16	278	95	96		0.9
9	9	Re5	D5	327	327	1	16	278	95	96		1
10	9	Re5	D5	327	327	1	16	278	95	96	sý 	1.1
11	9	Do5	C5	318	318	1	16	278	95	96		1.2
12	9	Sol5	G5	349	349	1	8	556	95	96	he	1.4
13	9	Sol5	G5	349	349	1	8	556	95	96	nüz 	1.6
14	9	Fa5#3	F5#4	343	344	1	8	556	95	96		1.8
15	9	Sol5	G5	349	349	1	8	556	95	96		2
16	53			0	0	0	0	0	0	0		2
17	9			-1	-1	1	16	278	100	0		2.1
18	9	Re5	D5	327	327	1	8	556	95	96	sî	2.3
19	9	Mi5b3	E5b4	333	332	1	16	278	95	96		2.4
20	9	Fa5#3	F5#4	343	344	1	16	278	95	96		2.5
21	9	Sol5	G5	349	349	1	16	278	95	96		2.6
22	9	Fa5#3	F5#4	343	344	1	16	278	95	96		2.7
23	9	Sol5	G5	349	349	1	16	278	95	96		2.8
24	9	Mi5b3	E5b4	333	332	1	32	139	95	96		2.85
25	9	Re5	D5	327	327	1	32	139	95	96		2.9
26	9	Mi5b3	E5b4	333	332	1	16	278	95	96		3
27	9	Sol5	G5	349	349	3	32	417	95	96	ne	3.15
28	9	Fa5#3	F5#4	343	344	1	32	139	95	96		3.2
29	9	Mi5b3	E5b4	333	332	3	32	417	95	96	de 	3.35
30	9	Re5	D5	327	327	1	32	139	95	96		3.4
31	9	Re5	D5	327	327	3	8	1667	95	96	gön	4
32	53			0	0	0	0	0	0	0		4
33	9	Sol5	G5	349	349	1	4	1111	95	96	lüm 	4.4
34	9	Sol5	G5	349	349	1	32	139	95	96		4.45
35	9	Fa5#3	F5#4	343	344	1	32	139	95	96		4.5
36	8	Sol5	G5	349	349	0	0	0	95	96		4.5
37	9	Fa5#3	F5#4	343	344	1	32	139	95	96		4.55
38	9	Mi5b3	E5b4	333	332	1	32	139	95	96		4.6
39	9	Mi5b3	E5b4	333	332	1	32	139	95	96		4.65
40	9	Re5	D5	327	327	1	32	139	95	96		4.7
41	8	Mi5b3	E5b4	333	332	0	0	0	95	96		4.7
42	9	Re5	D5	327	327	1	32	139	95	96		4.75
43	9	Do5	C5	318	318	1	32	139	95	96		4.8
44	9	Re5	D5	327	327	1	8	556	95	96		5
45	53			0	0	0	0	0	0	0		5
46	9	Si5b5	B5b5	362	362	1	32	139	95	96		5.05
47	9	La5	A5	358	358	1	32	139	95	96		5.1
48	9	Sol5	G5	349	349	1	16	278	95	96		5.2
49	9	Fa5#3	F5#4	343	344	1	16	278	95	96		5.3
50	9	Mi5b3	E5b4	333	332	1	16	278	95	96		5.4
51	9	Re5	D5	327	327	1	16	278	95	96		5.5
52	9	Mi5b3	E5b4	333	332	1	16	278	95	96		5.6
53	9	Fa5#3	F5#4	343	344	1	16	278	95	96		5.7
54	9	Sol5	G5	349	349	1	16	278	95	96		5.8
55	9	La5	A5	358	358	1	8	556	95	96		6
56	53			0	0	0	0	0	0	0		6
57	9	Sol5	G5	349	349	1	8	556	95	96	gi	6.2
58	9	La5	A5	358	358	1	8	556	95	96	bi 	6.4
59	9	Si5b5	B5b5	362	362	1	16	278	95	96	sað	6.5
60	9	Si5b5	B5b5	362	362	1	32	139	95	96		6.55
61	9	La5	A5	358	358	1	32	139	95	96		6.6
62	9	Sol5	G5	349	349	1	16	278	95	96		6.7
63	9	Fa5#3	F5#4	343	344	1	16	278	95	96		6.8
64	9	Mi5b3	E5b4	333	332	1	16	278	95	96		6.9
65	9	Re5	D5	327	327	1	16	278	95	96		7
66	9	Re5	D5	327	327	1	4	1111	95	96	dý  	7.4
67	53			0	0	0	0	0	0	0		7.4
68	9	Re5	D5	327	327	1	24	185	95	96	SAZ	7.466667
69	9	Mi5b1	E5b1	335	335	1	24	185	95	96	.	7.533333
70	9	Re5	D5	327	327	1	24	185	95	96	.	7.6
71	9	Do5	C5	318	318	1	24	185	95	96	.	7.666667
72	9	Si4b1	B4b1	313	313	1	24	185	95	96	.	7.733333
73	9	La4#4	A4#4	309	309	1	24	185	95	96	.	7.8
74	9	Si4b1	B4b1	313	313	1	8	556	95	96	.	8
75	53			0	0	0	0	0	0	0		8
76	9	Sol5	G5	349	349	1	8	556	95	96	Sev	8.2
77	9	Fa5#3	F5#4	343	344	1	16	278	95	96		8.3
78	9	La5	A5	358	358	1	16	278	95	96		8.4
79	9	Sol5	G5	349	349	3	32	417	95	96	dâ	8.55
80	9	Fa5#3	F5#4	343	344	1	32	139	95	96		8.6
81	9	Mi5b3	E5b4	333	332	1	16	278	95	96		8.7
82	9	Fa5#3	F5#4	343	344	1	16	278	95	96		8.8
83	9	Mi5b3	E5b4	333	332	1	16	278	95	96		8.9
84	9	Re5	D5	327	327	1	16	278	95	96		9
85	9	Re5	D5	327	327	1	16	278	95	96	sý 	9.1
86	9	Do5	C5	318	318	1	16	278	95	96		9.2
87	9	Sol5	G5	349	349	1	8	556	95	96	he	9.4
88	9	Sol5	G5	349	349	1	8	556	95	96	nüz 	9.6
89	9	Fa5#3	F5#4	343	344	1	8	556	95	96		9.8
90	9	Sol5	G5	349	349	1	8	556	95	96		10
91	53			0	0	0	0	0	0	0		10
92	9			-1	-1	1	16	278	100	0		10.1
93	9	Re5	D5	327	327	1	8	556	95	96	sî	10.3
94	9	Mi5b3	E5b4	333	332	1	16	278	95	96		10.4
95	9	Fa5#3	F5#4	343	344	1	16	278	95	96		10.5
96	9	Sol5	G5	349	349	1	16	278	95	96		10.6
97	9	Fa5#3	F5#4	343	344	1	16	278	95	96		10.7
98	9	Sol5	G5	349	349	1	16	278	95	96		10.8
99	9	Mi5b3	E5b4	333	332	1	32	139	95	96		10.85
100	9	Re5	D5	327	327	1	32	139	95	96		10.9
101	9	Mi5b3	E5b4	333	332	1	16	278	95	96		11
102	9	Sol5	G5	349	349	3	32	417	95	96	ne	11.15
103	9	Fa5#3	F5#4	343	344	1	32	139	95	96		11.2
104	9	Mi5b3	E5b4	333	332	3	32	417	95	96	de 	11.35
105	9	Re5	D5	327	327	1	32	139	95	96		11.4
106	9	Re5	D5	327	327	3	8	1667	95	96	gön	12
107	53			0	0	0	0	0	0	0		12
108	9	Sol5	G5	349	349	1	4	1111	95	96	lüm 	12.4
109	9	Sol5	G5	349	349	1	32	139	95	96		12.45
110	9	Fa5#3	F5#4	343	344	1	32	139	95	96		12.5
111	8	Sol5	G5	349	349	0	0	0	95	96		12.5
112	9	Fa5#3	F5#4	343	344	1	32	139	95	96		12.55
113	9	Mi5b3	E5b4	333	332	1	32	139	95	96		12.6
114	9	Mi5b3	E5b4	333	332	1	32	139	95	96		12.65
115	9	Re5	D5	327	327	1	32	139	95	96		12.7
116	8	Mi5b3	E5b4	333	332	0	0	0	95	96		12.7
117	9	Re5	D5	327	327	1	32	139	95	96		12.75
118	9	Do5	C5	318	318	1	32	139	95	96		12.8
119	9	Re5	D5	327	327	1	8	556	95	96		13
120	53			0	0	0	0	0	0	0		13
121	9	Si5b5	B5b5	362	362	1	32	139	95	96		13.05
122	9	La5	A5	358	358	1	32	139	95	96		13.1
123	9	Sol5	G5	349	349	1	16	278	95	96		13.2
124	9	Fa5#3	F5#4	343	344	1	16	278	95	96		13.3
125	9	Mi5b3	E5b4	333	332	1	16	278	95	96		13.4
126	9	Re5	D5	327	327	1	16	278	95	96		13.5
127	9	Mi5b3	E5b4	333	332	1	16	278	95	96		13.6
128	9	Fa5#3	F5#4	343	344	1	16	278	95	96		13.7
129	9	Sol5	G5	349	349	1	16	278	95	96		13.8
130	9	La5	A5	358	358	1	8	556	95	96		14
131	53			0	0	0	0	0	0	0		14
132	9	Sol5	G5	349	349	1	8	556	95	96	gi	14.2
133	9	La5	A5	358	358	1	8	556	95	96	bi 	14.4
134	9	Si5b5	B5b5	362	362	1	16	278	95	96	sað	14.5
135	9	Si5b5	B5b5	362	362	1	32	139	95	96		14.55
136	9	La5	A5	358	358	1	32	139	95	96		14.6
137	9	Sol5	G5	349	349	1	16	278	95	96		14.7
138	9	Fa5#3	F5#4	343	344	1	16	278	95	96		14.8
139	9	Mi5b3	E5b4	333	332	1	16	278	95	96		14.9
140	9	Re5	D5	327	327	1	16	278	95	96		15
141	9	Re5	D5	327	327	1	4	1111	95	96	dý  	15.4
142	9	Do5	C5	318	318	1	16	278	95	96	SAZ	15.5
143	9	Re5	D5	327	327	1	16	278	95	96	.	15.6
144	9	Mi5b3	E5b4	333	332	1	16	278	95	96	.	15.7
145	9	Fa5#3	F5#4	343	344	1	16	278	95	96	.	15.8
146	9	Sol5	G5	349	349	1	8	556	95	96	.	16
147	53			0	0	0	0	0	0	0		16
148	9	Re5	D5	327	327	3	16	833	95	96	Ru	16.3
149	9	Do5	C5	318	318	1	16	278	95	96		16.4
150	9	Sol5	G5	349	349	1	4	1111	95	96	hum	16.8
151	9	Fa5#3	F5#4	343	344	1	32	139	95	96		16.85
152	9	Mi5b3	E5b4	333	332	1	32	139	95	96		16.9
153	9	Fa5#3	F5#4	343	344	1	16	278	95	96		17
154	9	Sol5	G5	349	349	1	8	556	95	96	da 	17.2
155	9	Sol5	G5	349	349	1	8	556	95	96	çi	17.4
156	9	La5	A5	358	358	1	24	185	95	96	çek	17.46667
157	9	Sol5	G5	349	349	1	24	185	95	96		17.53333
158	9	Fa5#3	F5#4	343	344	1	24	185	95	96		17.6
159	9	Sol5	G5	349	349	1	4	1111	95	96		18
160	53			0	0	0	0	0	0	0		18
161	9	La5	A5	358	358	1	32	139	95	96	ler 	18.05
162	9	La5	A5	358	358	1	32	139	95	96		18.1
163	9	Sol5	G5	349	349	1	16	278	95	96		18.2
164	9	Fa5#3	F5#4	343	344	1	16	278	95	96		18.3
165	9	Mi5b3	E5b4	333	332	1	16	278	95	96		18.4
166	9	Fa5#3	F5#4	343	344	1	16	278	95	96		18.5
167	9	Sol5	G5	349	349	1	16	278	95	96		18.6
168	9	Fa5#3	F5#4	343	344	1	16	278	95	96		18.7
169	9	Sol5	G5	349	349	1	16	278	95	96		18.8
170	9	Mi5b3	E5b4	333	332	1	32	139	95	96		18.85
171	9	Re5	D5	327	327	1	32	139	95	96		18.9
172	9	Mi5b3	E5b4	333	332	1	16	278	95	96		19
173	53			0	0	0	0	0	0	0		19
174	9	Sol5	G5	349	349	1	8	556	95	96	ya	19.2
175	9	Sol5	G5	349	349	1	8	556	95	96	ra	19.4
176	9	Sol5	G5	349	349	1	16	278	95	96	tan 	19.5
177	9	Sol5	G5	349	349	1	32	139	95	96		19.55
178	9	Fa5#3	F5#4	343	344	1	32	139	95	96		19.6
179	9	Fa5#3	F5#4	343	344	1	32	139	95	96		19.65
180	9	Mi5b3	E5b4	333	332	1	32	139	95	96		19.7
181	8	Fa5#3	F5#4	343	344	0	0	0	95	96		19.7
182	9	Mi5b3	E5b4	333	332	1	32	139	95	96		19.75
183	9	Re5	D5	327	327	1	32	139	95	96		19.8
184	9	Mi5b3	E5b4	333	332	1	8	556	95	96		20
185	53			0	0	0	0	0	0	0		20
186	9	Re5	D5	327	327	1	16	278	95	96	ne 	20.1
187	9	Mi5b3	E5b4	333	332	1	16	278	95	96		20.2
188	9	Fa5#3	F5#4	343	344	1	16	278	95	96		20.3
189	9	Mi5b3	E5b4	333	332	1	16	278	95	96		20.4
190	9	Fa5#3	F5#4	343	344	1	16	278	95	96		20.5
191	9	Fa5#3	F5#4	343	344	1	32	139	95	96		20.55
192	9	Mi5b3	E5b4	333	332	1	32	139	95	96		20.6
193	9	Mi5b3	E5b4	333	332	1	16	278	95	96		20.7
194	9	Re5	D5	327	327	1	16	278	95	96		20.8
195	9	Mi5b3	E5b4	333	332	1	16	278	95	96		20.9
196	9	Re5	D5	327	327	1	16	278	95	96		21
197	53			0	0	0	0	0	0	0		21
198	9	Fa5#3	F5#4	343	344	1	16	278	95	96	neþ	21.1
199	9	Sol5	G5	349	349	1	16	278	95	96		21.2
200	9	La5	A5	358	358	1	16	278	95	96		21.3
201	9	Sol5	G5	349	349	1	16	278	95	96		21.4
202	9	Si5b5	B5b5	362	362	1	16	278	95	96		21.5
203	9	La5	A5	358	358	1	32	139	95	96		21.55
204	9	Sol5	G5	349	349	1	32	139	95	96		21.6
205	9	Fa5#3	F5#4	343	344	1	16	278	95	96		21.7
206	9	Mi5b3	E5b4	333	332	1	16	278	95	96		21.8
207	9	Re5	D5	327	327	1	8	556	95	96		22
208	53			0	0	0	0	0	0	0		22
209	9	Do5	C5	318	318	1	8	556	95	96	e	22.2
210	9	Re5	D5	327	327	1	8	556	95	96	si 	22.4
211	9	Mi5b3	E5b4	333	332	1	16	278	95	96	var	22.5
212	9	Fa5#3	F5#4	343	344	1	16	278	95	96		22.6
213	9	Re5	D5	327	327	1	24	185	95	96		22.66667
214	9	Re5	D5	327	327	1	24	185	95	96		22.73333
215	9	Do5	C5	318	318	1	24	185	95	96		22.8
216	9	Do5	C5	318	318	1	24	185	95	96		22.86667
217	9	Do5	C5	318	318	1	24	185	95	96		22.93333
218	9	Si4b1	B4b1	313	313	1	24	185	95	96		23
219	9	Si4b1	B4b1	313	313	1	4	1111	95	96	dý  	23.4
220	53			0	0	0	0	0	0	0		23.4
221	9	Do5	C5	318	318	1	16	278	95	96	SAZ	23.5
222	9	Re5	D5	327	327	1	16	278	95	96	.	23.6
223	9	Mi5b3	E5b4	333	332	1	16	278	95	96	.	23.7
224	9	Fa5#3	F5#4	343	344	1	16	278	95	96	.	23.8
225	9	Sol5	G5	349	349	1	8	556	95	96	.	24
226	53			0	0	0	0	0	0	0		24
227	9	Re5	D5	327	327	3	16	833	95	96	Ru	24.3
228	9	Do5	C5	318	318	1	16	278	95	96		24.4
229	9	Sol5	G5	349	349	1	4	1111	95	96	hum	24.8
230	9	Fa5#3	F5#4	343	344	1	32	139	95	96		24.85
231	9	Mi5b3	E5b4	333	332	1	32	139	95	96		24.9
232	9	Fa5#3	F5#4	343	344	1	16	278	95	96		25
233	9	Sol5	G5	349	349	1	8	556	95	96	da 	25.2
234	9	Sol5	G5	349	349	1	8	556	95	96	çi	25.4
235	9	La5	A5	358	358	1	24	185	95	96	çek	25.46667
236	9	Sol5	G5	349	349	1	24	185	95	96		25.53333
237	9	Fa5#3	F5#4	343	344	1	24	185	95	96		25.6
238	9	Sol5	G5	349	349	1	4	1111	95	96		26
239	53			0	0	0	0	0	0	0		26
240	9	La5	A5	358	358	1	32	139	95	96	ler 	26.05
241	9	La5	A5	358	358	1	32	139	95	96		26.1
242	9	Sol5	G5	349	349	1	16	278	95	96		26.2
243	9	Fa5#3	F5#4	343	344	1	16	278	95	96		26.3
244	9	Mi5b3	E5b4	333	332	1	16	278	95	96		26.4
245	9	Fa5#3	F5#4	343	344	1	16	278	95	96		26.5
246	9	Sol5	G5	349	349	1	16	278	95	96		26.6
247	9	Fa5#3	F5#4	343	344	1	16	278	95	96		26.7
248	9	Sol5	G5	349	349	1	16	278	95	96		26.8
249	9	Mi5b3	E5b4	333	332	1	32	139	95	96		26.85
250	9	Re5	D5	327	327	1	32	139	95	96		26.9
251	9	Mi5b3	E5b4	333	332	1	16	278	95	96		27
252	53			0	0	0	0	0	0	0		27
253	9	Sol5	G5	349	349	1	8	556	95	96	ya	27.2
254	9	Sol5	G5	349	349	1	8	556	95	96	ra	27.4
255	9	Sol5	G5	349	349	1	16	278	95	96	tan 	27.5
256	9	Sol5	G5	349	349	1	32	139	95	96		27.55
257	9	Fa5#3	F5#4	343	344	1	32	139	95	96		27.6
258	9	Fa5#3	F5#4	343	344	1	32	139	95	96		27.65
259	9	Mi5b3	E5b4	333	332	1	32	139	95	96		27.7
260	8	Fa5#3	F5#4	343	344	0	0	0	95	96		27.7
261	9	Mi5b3	E5b4	333	332	1	32	139	95	96		27.75
262	9	Re5	D5	327	327	1	32	139	95	96		27.8
263	9	Mi5b3	E5b4	333	332	1	8	556	95	96		28
264	53			0	0	0	0	0	0	0		28
265	9	Re5	D5	327	327	1	16	278	95	96	ne 	28.1
266	9	Mi5b3	E5b4	333	332	1	16	278	95	96		28.2
267	9	Fa5#3	F5#4	343	344	1	16	278	95	96		28.3
268	9	Mi5b3	E5b4	333	332	1	16	278	95	96		28.4
269	9	Fa5#3	F5#4	343	344	1	16	278	95	96		28.5
270	9	Fa5#3	F5#4	343	344	1	32	139	95	96		28.55
271	9	Mi5b3	E5b4	333	332	1	32	139	95	96		28.6
272	9	Mi5b3	E5b4	333	332	1	16	278	95	96		28.7
273	9	Re5	D5	327	327	1	16	278	95	96		28.8
274	9	Mi5b3	E5b4	333	332	1	16	278	95	96		28.9
275	9	Re5	D5	327	327	1	16	278	95	96		29
276	53			0	0	0	0	0	0	0		29
277	9	Fa5#3	F5#4	343	344	1	16	278	95	96	neþ	29.1
278	9	Sol5	G5	349	349	1	16	278	95	96		29.2
279	9	La5	A5	358	358	1	16	278	95	96		29.3
280	9	Sol5	G5	349	349	1	16	278	95	96		29.4
281	9	Si5b5	B5b5	362	362	1	16	278	95	96		29.5
282	9	La5	A5	358	358	1	32	139	95	96		29.55
283	9	Sol5	G5	349	349	1	32	139	95	96		29.6
284	9	Fa5#3	F5#4	343	344	1	16	278	95	96		29.7
285	9	Mi5b3	E5b4	333	332	1	16	278	95	96		29.8
286	9	Re5	D5	327	327	1	8	556	95	96		30
287	53			0	0	0	0	0	0	0		30
288	9	Do5	C5	318	318	1	8	556	95	96	e	30.2
289	9	Re5	D5	327	327	1	8	556	95	96	si 	30.4
290	9	Mi5b3	E5b4	333	332	1	16	278	95	96	var	30.5
291	9	Fa5#3	F5#4	343	344	1	16	278	95	96		30.6
292	9	Re5	D5	327	327	1	24	185	95	96		30.66667
293	9	Re5	D5	327	327	1	24	185	95	96		30.73333
294	9	Do5	C5	318	318	1	24	185	95	96		30.8
295	9	Do5	C5	318	318	1	24	185	95	96		30.86667
296	9	Do5	C5	318	318	1	24	185	95	96		30.93333
297	9	Si4b1	B4b1	313	313	1	24	185	95	96		31
298	9	Si4b1	B4b1	313	313	1	4	1111	95	96	dý  	31.4
299	53			0	0	0	0	0	0	0		31.4
300	9	Sol5	G5	349	349	3	8	1667	95	96	SAZ	32
301	53			0	0	0	0	0	0	0		32
302	54			0	0	0	0	0	0	0	ussak@re5	32
303	9	Sol5	G5	349	349	1	8	556	95	96	Göz	32.2
304	9	Fa5	F5	340	340	1	8	556	95	96		32.4
305	9	Mi5b1	E5b1	335	335	1	24	185	95	96	yaþ	32.46667
306	9	Re5	D5	327	327	1	24	185	95	96		32.53333
307	9	Mi5b1	E5b1	335	335	1	24	185	95	96		32.6
308	9	Fa5	F5	340	340	1	24	185	95	96		32.66667
309	9	Sol5	G5	349	349	1	24	185	95	96		32.73333
310	9	Fa5	F5	340	340	1	24	185	95	96		32.8
311	9	Mi5b1	E5b1	335	335	1	32	139	95	96		32.85
312	9	Re5	D5	327	327	1	32	139	95	96		32.9
313	9	Do5	C5	318	318	1	32	139	95	96		32.95
314	9	Re5	D5	327	327	1	32	139	95	96		33
315	9	Re5	D5	327	327	1	16	278	95	96	la	33.1
316	9	Do5	C5	318	318	1	16	278	95	96		33.2
317	9	Sol5	G5	349	349	1	8	556	95	96	rý 	33.4
318	9	Sol5	G5	349	349	1	4	1111	95	96	sev	33.8
319	9	Fa5	F5	340	340	1	8	556	95	96		34
320	53			0	0	0	0	0	0	0		34
321	9	Sol5	G5	349	349	1	16	278	95	96	dâ	34.1
322	9	La5	A5	358	358	1	16	278	95	96		34.2
323	9	Fa5	F5	340	340	1	16	278	95	96		34.3
324	9	Mi5b1	E5b1	335	335	1	16	278	95	96		34.4
325	9	Re5	D5	327	327	1	24	185	95	96		34.46667
326	9	Do5	C5	318	318	1	24	185	95	96		34.53333
327	9	Re5	D5	327	327	1	24	185	95	96		34.6
328	9	Mi5b1	E5b1	335	335	1	24	185	95	96		34.66667
329	9	Re5	D5	327	327	1	24	185	95	96		34.73333
330	9	Mi5b1	E5b1	335	335	1	24	185	95	96		34.8
331	9	Fa5	F5	340	340	1	24	185	95	96		34.86666
332	9	Mi5b1	E5b1	335	335	1	24	185	95	96		34.93333
333	9	Fa5	F5	340	340	1	24	185	95	96		35
334	9	Sol5	G5	349	349	1	8	556	95	96	mý	35.2
335	9	Sol5	G5	349	349	1	8	556	95	96	za 	35.4
336	9	Mi5b3	E5b4	333	332	3	32	417	95	96	bir 	35.55
337	9	Re5	D5	327	327	1	32	139	95	96		35.6
338	9	Fa5	F5	340	340	3	32	417	95	96		35.75
339	9	Mi5b3	E5b4	333	332	1	32	139	95	96		35.8
340	9	Re5	D5	327	327	1	8	556	95	96		36
341	55			0	0	0	0	0	0	0		36
342	53			0	0	0	0	0	0	0		36
343	9			-1	-1	1	16	278	100	0		36.1
344	9	Re5	D5	327	327	1	8	556	95	96	çið 	36.3
345	9	Mi5b3	E5b4	333	332	1	16	278	95	96		36.4
346	9	Fa5#3	F5#4	343	344	3	32	417	95	96		36.55
347	9	Mi5b3	E5b4	333	332	1	32	139	95	96		36.6
348	9	Re5	D5	327	327	3	32	417	95	96		36.75
349	9	Do5	C5	318	318	1	32	139	95	96		36.8
350	9	Si4b1	B4b1	313	313	1	8	556	95	96		37
351	53			0	0	0	0	0	0	0		37
352	9			-1	-1	1	16	278	100	0		37.1
353	9	Sol5	G5	349	349	1	16	278	95	96	çið 	37.2
354	9	Fa5#3	F5#4	343	344	1	16	278	95	96		37.3
355	9	La5	A5	358	358	1	16	278	95	96		37.4
356	9	Sol5	G5	349	349	1	8	556	95	96		37.6
357	9	Fa5#3	F5#4	343	344	1	16	278	95	96		37.7
358	9	Mi5b3	E5b4	333	332	1	16	278	95	96		37.8
359	9	Re5	D5	327	327	1	8	556	95	96		38
360	53			0	0	0	0	0	0	0		38
361	9	Sol5	G5	349	349	1	8	556	95	96	gi	38.2
362	9	La5	A5	358	358	1	8	556	95	96	bi 	38.4
363	8	Do6	C6	371	371	0	0	0	95	96		38.4
364	9	Si5b1	B5b1	366	366	1	16	278	95	96	yað	38.5
365	9	Si5b1	B5b1	366	366	1	32	139	95	96		38.55
366	9	La5	A5	358	358	1	32	139	95	96		38.6
367	9	Sol5	G5	349	349	1	16	278	95	96		38.7
368	9	Fa5#3	F5#4	343	344	1	16	278	95	96		38.8
369	9	Mi5b3	E5b4	333	332	1	16	278	95	96		38.9
370	9	Re5	D5	327	327	1	16	278	95	96		39
371	9	Re5	D5	327	327	1	4	1111	95	96	dý  	39.4
372	53			0	0	0	0	0	0	0		39.4
373	9	Do5	C5	318	318	1	16	278	95	96		39.5
374	9	Re5	D5	327	327	1	16	278	95	96		39.6
375	9	Mi5b3	E5b4	333	332	1	16	278	95	96		39.7
376	9	Fa5#3	F5#4	343	344	1	16	278	95	96		39.8
377	9	Sol5	G5	349	349	1	8	556	95	96		40
378	53			0	0	0	0	0	0	0		40
379	9	Re5	D5	327	327	3	16	833	95	96	Ru	40.3
380	9	Do5	C5	318	318	1	16	278	95	96		40.4
381	9	Sol5	G5	349	349	1	4	1111	95	96	hum	40.8
382	9	Fa5#3	F5#4	343	344	1	32	139	95	96		40.85
383	9	Mi5b3	E5b4	333	332	1	32	139	95	96		40.9
384	9	Fa5#3	F5#4	343	344	1	16	278	95	96		41
385	9	Sol5	G5	349	349	1	8	556	95	96	da 	41.2
386	9	Sol5	G5	349	349	1	8	556	95	96	çi	41.4
387	9	La5	A5	358	358	1	24	185	95	96	çek	41.46667
388	9	Sol5	G5	349	349	1	24	185	95	96		41.53333
389	9	Fa5#3	F5#4	343	344	1	24	185	95	96		41.6
390	9	Sol5	G5	349	349	1	4	1111	95	96		42
391	53			0	0	0	0	0	0	0		42
392	9	La5	A5	358	358	1	32	139	95	96	ler 	42.05
393	9	La5	A5	358	358	1	32	139	95	96		42.1
394	9	Sol5	G5	349	349	1	16	278	95	96		42.2
395	9	Fa5#3	F5#4	343	344	1	16	278	95	96		42.3
396	9	Mi5b3	E5b4	333	332	1	16	278	95	96		42.4
397	9	Fa5#3	F5#4	343	344	1	16	278	95	96		42.5
398	9	Sol5	G5	349	349	1	16	278	95	96		42.6
399	9	Fa5#3	F5#4	343	344	1	16	278	95	96		42.7
400	9	Sol5	G5	349	349	1	16	278	95	96		42.8
401	9	Mi5b3	E5b4	333	332	1	32	139	95	96		42.85
402	9	Re5	D5	327	327	1	32	139	95	96		42.9
403	9	Mi5b3	E5b4	333	332	1	16	278	95	96		43
404	53			0	0	0	0	0	0	0		43
405	9	Sol5	G5	349	349	1	8	556	95	96	ya	43.2
406	9	Sol5	G5	349	349	1	8	556	95	96	ra	43.4
407	9	Sol5	G5	349	349	1	16	278	95	96	tan 	43.5
408	9	Sol5	G5	349	349	1	32	139	95	96		43.55
409	9	Fa5#3	F5#4	343	344	1	32	139	95	96		43.6
410	9	Fa5#3	F5#4	343	344	1	32	139	95	96		43.65
411	9	Mi5b3	E5b4	333	332	1	32	139	95	96		43.7
412	8	Fa5#3	F5#4	343	344	0	0	0	95	96		43.7
413	9	Mi5b3	E5b4	333	332	1	32	139	95	96		43.75
414	9	Re5	D5	327	327	1	32	139	95	96		43.8
415	9	Mi5b3	E5b4	333	332	1	8	556	95	96		44
416	53			0	0	0	0	0	0	0		44
417	9	Re5	D5	327	327	1	16	278	95	96	ne 	44.1
418	9	Mi5b3	E5b4	333	332	1	16	278	95	96		44.2
419	9	Fa5#3	F5#4	343	344	1	16	278	95	96		44.3
420	9	Mi5b3	E5b4	333	332	1	16	278	95	96		44.4
421	9	Fa5#3	F5#4	343	344	1	16	278	95	96		44.5
422	9	Fa5#3	F5#4	343	344	1	32	139	95	96		44.55
423	9	Mi5b3	E5b4	333	332	1	32	139	95	96		44.6
424	9	Mi5b3	E5b4	333	332	1	16	278	95	96		44.7
425	9	Re5	D5	327	327	1	16	278	95	96		44.8
426	9	Mi5b3	E5b4	333	332	1	16	278	95	96		44.9
427	9	Re5	D5	327	327	1	16	278	95	96		45
428	53			0	0	0	0	0	0	0		45
429	9	Fa5#3	F5#4	343	344	1	16	278	95	96	neþ	45.1
430	9	Sol5	G5	349	349	1	16	278	95	96		45.2
431	9	La5	A5	358	358	1	16	278	95	96		45.3
432	9	Sol5	G5	349	349	1	16	278	95	96		45.4
433	9	Si5b5	B5b5	362	362	1	16	278	95	96		45.5
434	9	La5	A5	358	358	1	32	139	95	96		45.55
435	9	Sol5	G5	349	349	1	32	139	95	96		45.6
436	9	Fa5#3	F5#4	343	344	1	16	278	95	96		45.7
437	9	Mi5b3	E5b4	333	332	1	16	278	95	96		45.8
438	9	Re5	D5	327	327	1	8	556	95	96		46
439	53			0	0	0	0	0	0	0		46
440	9	Do5	C5	318	318	1	8	556	95	96	e	46.2
441	9	Re5	D5	327	327	1	8	556	95	96	si 	46.4
442	9	Mi5b3	E5b4	333	332	1	16	278	95	96	var	46.5
443	9	Fa5#3	F5#4	343	344	1	16	278	95	96		46.6
444	9	Re5	D5	327	327	1	24	185	95	96		46.66667
445	9	Re5	D5	327	327	1	24	185	95	96		46.73333
446	9	Do5	C5	318	318	1	24	185	95	96		46.8
447	9	Do5	C5	318	318	1	24	185	95	96		46.86666
448	9	Do5	C5	318	318	1	24	185	95	96		46.93333
449	9	Si4b1	B4b1	313	313	1	24	185	95	96		47
450	9	Si4b1	B4b1	313	313	1	4	1111	95	96	dý  	47.4
451	53			0	0	0	0	0	0	0		47.4
452	9	Do5	C5	318	318	1	16	278	95	96	SAZ	47.5
453	9	Re5	D5	327	327	1	16	278	95	96	.	47.6
454	9	Mi5b3	E5b4	333	332	1	16	278	95	96	.	47.7
455	9	Fa5#3	F5#4	343	344	1	16	278	95	96	.	47.8
456	9	Sol5	G5	349	349	1	8	556	95	96	.	48
457	53			0	0	0	0	0	0	0		48
458	9	Re5	D5	327	327	3	16	833	95	96	Ru	48.3
459	9	Do5	C5	318	318	1	16	278	95	96		48.4
460	9	Sol5	G5	349	349	1	4	1111	95	96	hum	48.8
461	9	Fa5#3	F5#4	343	344	1	32	139	95	96		48.85
462	9	Mi5b3	E5b4	333	332	1	32	139	95	96		48.9
463	9	Fa5#3	F5#4	343	344	1	16	278	95	96		49
464	9	Sol5	G5	349	349	1	8	556	95	96	da 	49.2
465	9	Sol5	G5	349	349	1	8	556	95	96	çi	49.4
466	9	La5	A5	358	358	1	24	185	95	96	çek	49.46667
467	9	Sol5	G5	349	349	1	24	185	95	96		49.53333
468	9	Fa5#3	F5#4	343	344	1	24	185	95	96		49.6
469	9	Sol5	G5	349	349	1	4	1111	95	96		50
470	53			0	0	0	0	0	0	0		50
471	9	La5	A5	358	358	1	32	139	95	96	ler 	50.05
472	9	La5	A5	358	358	1	32	139	95	96		50.1
473	9	Sol5	G5	349	349	1	16	278	95	96		50.2
474	9	Fa5#3	F5#4	343	344	1	16	278	95	96		50.3
475	9	Mi5b3	E5b4	333	332	1	16	278	95	96		50.4
476	9	Fa5#3	F5#4	343	344	1	16	278	95	96		50.5
477	9	Sol5	G5	349	349	1	16	278	95	96		50.6
478	9	Fa5#3	F5#4	343	344	1	16	278	95	96		50.7
479	9	Sol5	G5	349	349	1	16	278	95	96		50.8
480	9	Mi5b3	E5b4	333	332	1	32	139	95	96		50.85
481	9	Re5	D5	327	327	1	32	139	95	96		50.9
482	9	Mi5b3	E5b4	333	332	1	16	278	95	96		51
483	53			0	0	0	0	0	0	0		51
484	9	Sol5	G5	349	349	1	8	556	95	96	ya	51.2
485	9	Sol5	G5	349	349	1	8	556	95	96	ra	51.4
486	9	Sol5	G5	349	349	1	16	278	95	96	tan 	51.5
487	9	Sol5	G5	349	349	1	32	139	95	96		51.55
488	9	Fa5#3	F5#4	343	344	1	32	139	95	96		51.6
489	9	Fa5#3	F5#4	343	344	1	32	139	95	96		51.65
490	9	Mi5b3	E5b4	333	332	1	32	139	95	96		51.7
491	8	Fa5#3	F5#4	343	344	0	0	0	95	96		51.7
492	9	Mi5b3	E5b4	333	332	1	32	139	95	96		51.75
493	9	Re5	D5	327	327	1	32	139	95	96		51.8
494	9	Mi5b3	E5b4	333	332	1	8	556	95	96		52
495	53			0	0	0	0	0	0	0		52
496	9	Re5	D5	327	327	1	16	278	95	96	ne 	52.1
497	9	Mi5b3	E5b4	333	332	1	16	278	95	96		52.2
498	9	Fa5#3	F5#4	343	344	1	16	278	95	96		52.3
499	9	Mi5b3	E5b4	333	332	1	16	278	95	96		52.4
500	9	Fa5#3	F5#4	343	344	1	16	278	95	96		52.5
501	9	Fa5#3	F5#4	343	344	1	32	139	95	96		52.55
502	9	Mi5b3	E5b4	333	332	1	32	139	95	96		52.6
503	9	Mi5b3	E5b4	333	332	1	16	278	95	96		52.7
504	9	Re5	D5	327	327	1	16	278	95	96		52.8
505	9	Mi5b3	E5b4	333	332	1	16	278	95	96		52.9
506	9	Re5	D5	327	327	1	16	278	95	96		53
507	53			0	0	0	0	0	0	0		53
508	9	Fa5#3	F5#4	343	344	1	16	278	95	96	neþ	53.1
509	9	Sol5	G5	349	349	1	16	278	95	96		53.2
510	9	La5	A5	358	358	1	16	278	95	96		53.3
511	9	Sol5	G5	349	349	1	16	278	95	96		53.4
512	9	Si5b5	B5b5	362	362	1	16	278	95	96		53.5
513	9	La5	A5	358	358	1	32	139	95	96		53.55
514	9	Sol5	G5	349	349	1	32	139	95	96		53.6
515	9	Fa5#3	F5#4	343	344	1	16	278	95	96		53.7
516	9	Mi5b3	E5b4	333	332	1	16	278	95	96		53.8
517	9	Re5	D5	327	327	1	8	556	95	96		54
518	53			0	0	0	0	0	0	0		54
519	9	Do5	C5	318	318	1	8	556	95	96	e	54.2
520	9	Re5	D5	327	327	1	8	556	95	96	si 	54.4
521	9	Mi5b3	E5b4	333	332	1	16	278	95	96	var	54.5
522	9	Fa5#3	F5#4	343	344	1	16	278	95	96		54.6
523	9	Re5	D5	327	327	1	24	185	95	96		54.66667
524	9	Re5	D5	327	327	1	24	185	95	96		54.73333
525	9	Do5	C5	318	318	1	24	185	95	96		54.8
526	9	Do5	C5	318	318	1	24	185	95	96		54.86666
527	9	Do5	C5	318	318	1	24	185	95	96		54.93333
528	9	Si4b1	B4b1	313	313	1	24	185	95	96		55
529	9	Si4b1	B4b1	313	313	1	4	1111	95	96	dý  	55.4
530	53			0	0	0	0	0	0	0		55.4
