Sira	Kod	Nota53	NotaAE	Koma53	KomaAE	Pay	Payda	MS	LNS	VelOn	Soz1
1	9	La4	A4	305	305	1	16	125	95	96	
2	9	Si4b1	B4b1	313	313	1	16	125	95	96	
3	9	Do5	C5	318	318	1	16	125	95	96	
4	9	La4	A4	305	305	1	16	125	95	96	
5	9	Si4b1	B4b1	313	313	1	16	125	95	96	
6	9	Sol4	G4	296	296	1	16	125	95	96	
7	9	La4	A4	305	305	1	8	250	95	96	
7.5	53										
8	9	La4	A4	305	305	1	16	125	95	96	
9	9	Mi5	E5	336	336	1	16	125	95	96	
10	9	Re5	D5	327	327	1	8	250	95	96	
11	9	Do5	C5	318	318	1	16	125	95	96	
12	9	Si4b1	B4b1	313	313	1	16	125	95	96	
13	9	Si4b1	B4b1	313	313	1	16	125	95	96	
14	9	La4	A4	305	305	1	16	125	95	96	
15	9	Sol4	G4	296	296	1	8	250	95	96	
15.5	53										
16	9	La4	A4	305	305	1	16	125	95	96	
17	9	Si4b1	B4b1	313	313	1	16	125	95	96	
18	9	Do5	C5	318	318	1	16	125	95	96	
19	9	La4	A4	305	305	1	16	125	95	96	
20	9	Si4b1	B4b1	313	313	1	16	125	95	96	
21	9	Sol4	G4	296	296	1	16	125	95	96	
22	9	La4	A4	305	305	3	16	375	95	96	
23	9	Si4b1	B4b1	313	313	1	16	125	95	96	
24	9	Sol4	G4	296	296	1	16	125	95	96	
25	9	La4	A4	305	305	1	16	125	95	96	
26	9	Si4b1	B4b1	313	313	1	16	125	95	96	
27	9	Do5	C5	318	318	1	16	125	95	96	
28	9	Re5	D5	327	327	1	16	125	95	96	
29	9	Mi5b4	E5b4	332	332	1	16	125	95	96	
30	9	Re5	D5	327	327	1	16	125	95	96	
31	9	Do5	C5	318	318	1	16	125	95	96	
32	9	Re5	D5	327	327	1	16	125	95	96	
33	9	Mi5b4	E5b4	332	332	1	16	125	95	96	
34	9	Fa5#4	F5#4	344	344	1	16	125	95	96	
35	9	Re5	D5	327	327	1	16	125	95	96	
36	9	Mi5b4	E5b4	332	332	1	16	125	95	96	
37	9	Do5	C5	318	318	1	16	125	95	96	
38	9	Re5	D5	327	327	1	16	125	95	96	
39	9	Mi5b4	E5b4	332	332	1	16	125	95	96	
40	9	Re5	D5	327	327	1	16	125	95	96	
41	9	Do5	C5	318	318	1	16	125	95	96	
41.5	53										
42	9	Si4b1	B4b1	313	313	1	16	125	95	96	
43	9	La4	A4	305	305	1	16	125	95	96	
44	9	Si4b1	B4b1	313	313	1	16	125	95	96	
45	9	Do5	C5	318	318	1	16	125	95	96	
46	9	Re5	D5	327	327	1	16	125	95	96	
47	9	Mi5b4	E5b4	332	332	1	16	125	95	96	
48	9	Re5	D5	327	327	1	16	125	95	96	
49	9	Do5	C5	318	318	1	16	125	95	96	
50	9	Si4b1	B4b1	313	313	1	8	250	95	96	
51	9	Si4b1	B4b1	313	313	1	16	125	95	96	
52	9	La4	A4	305	305	1	16	125	95	96	
53	9	Si4b1	B4b1	313	313	1	16	125	95	96	
54	9	Sol4	G4	296	296	1	16	125	95	96	
55	9	La4	A4	305	305	3	16	375	95	96	
56	9	Si4b1	B4b1	313	313	1	16	125	95	96	
57	9	Sol4	G4	296	296	1	16	125	95	96	
58	9	La4	A4	305	305	1	16	125	95	96	
59	9	Si4b1	B4b1	313	313	1	16	125	95	96	
60	9	Do5	C5	318	318	1	16	125	95	96	
61	9	Re5	D5	327	327	1	16	125	95	96	
62	9	Mi5b4	E5b4	332	332	1	16	125	95	96	
63	9	Re5	D5	327	327	1	16	125	95	96	
64	9	Do5	C5	318	318	1	16	125	95	96	
65	9	Re5	D5	327	327	1	16	125	95	96	
66	9	Mi5b4	E5b4	332	332	1	16	125	95	96	
67	9	Fa5#4	F5#4	344	344	1	16	125	95	96	
68	9	Re5	D5	327	327	1	16	125	95	96	
69	9	Mi5b4	E5b4	332	332	1	16	125	95	96	
70	9	Do5	C5	318	318	1	16	125	95	96	
71	9	Re5	D5	327	327	1	16	125	95	96	
72	9	Mi5b4	E5b4	332	332	1	16	125	95	96	
73	9	Re5	D5	327	327	1	16	125	95	96	
74	9	Do5	C5	318	318	1	16	125	95	96	
74.5	53										
75	9	Si4b1	B4b1	313	313	1	16	125	95	96	
76	9	La4	A4	305	305	1	16	125	95	96	
77	9	Si4b1	B4b1	313	313	1	16	125	95	96	
78	9	Do5	C5	318	318	1	16	125	95	96	
79	9	Re5	D5	327	327	1	16	125	95	96	
80	9	Mi5b4	E5b4	332	332	1	16	125	95	96	
81	9	Re5	D5	327	327	1	16	125	95	96	
82	9	Do5	C5	318	318	1	16	125	95	96	
83	9	Si4b1	B4b1	313	313	1	8	250	95	96	
84	9	Si4b1	B4b1	313	313	1	16	125	95	96	
85	9	La4	A4	305	305	1	16	125	95	96	
86	9	Si4b1	B4b1	313	313	1	16	125	95	96	
87	9	Sol4	G4	296	296	1	16	125	95	96	
88	9	La4	A4	305	305	3	16	375	95	96	
89	9	Si4b1	B4b1	313	313	1	16	125	95	96	
89.5	53										
90	9	Sol4	G4	296	296	1	16	125	95	96	
91	9	La4	A4	305	305	1	16	125	95	96	
92	9	Si4b1	B4b1	313	313	1	16	125	95	96	
93	9	Do5	C5	318	318	1	16	125	95	96	
94	9	Re5	D5	327	327	1	16	125	95	96	
95	9	Mi5b4	E5b4	332	332	1	16	125	95	96	
96	9	Re5	D5	327	327	1	16	125	95	96	
97	9	Do5	C5	318	318	1	16	125	95	96	
98	9	Re5	D5	327	327	1	16	125	95	96	
99	9	Mi5b4	E5b4	332	332	1	16	125	95	96	
100	9	Fa5#4	F5#4	344	344	1	16	125	95	96	
101	9	Sol5	G5	349	349	1	16	125	95	96	
102	9	La5	A5	358	358	1	16	125	95	96	
103	9	Si5b5	B5b5	362	362	1	16	125	95	96	
104	9	La5	A5	358	358	1	16	125	95	96	
105	9	Sol5	G5	349	349	1	16	125	95	96	
106	9	Fa5#4	F5#4	344	344	1	16	125	95	96	
107	9	Mi5b4	E5b4	332	332	1	16	125	95	96	
108	9	Re5	D5	327	327	1	16	125	95	96	
109	9	Do5	C5	318	318	1	16	125	95	96	
110	9	Si4b1	B4b1	313	313	1	16	125	95	96	
111	9	Do5	C5	318	318	1	16	125	95	96	
112	9	Re5	D5	327	327	1	16	125	95	96	
113	9	Mi5b4	E5b4	332	332	1	16	125	95	96	
114	9	Re5	D5	327	327	1	16	125	95	96	
115	9	Do5	C5	318	318	1	16	125	95	96	
116	9	Si4b1	B4b1	313	313	1	8	250	95	96	
117	9	Si4b1	B4b1	313	313	1	16	125	95	96	
118	9	La4	A4	305	305	1	16	125	95	96	
119	9	Si4b1	B4b1	313	313	1	16	125	95	96	
120	9	Sol4	G4	296	296	1	16	125	95	96	
121	9	La4	A4	305	305	1	16	125	95	96	
122	9	Si4b1	B4b1	313	313	1	16	125	95	96	
123	9	Do5	C5	318	318	1	16	125	95	96	
124	9	La4	A4	305	305	1	16	125	95	96	
125	9	Si4b1	B4b1	313	313	1	16	125	95	96	
126	9	Sol4	G4	296	296	1	16	125	95	96	
127	9	La4	A4	305	305	1	8	250	95	96	
127.5	53										
128	9	La4	A4	305	305	1	16	125	95	96	
129	9	Mi5	E5	336	336	1	16	125	95	96	
130	9	Re5	D5	327	327	1	8	250	95	96	
131	9	Do5	C5	318	318	1	16	125	95	96	
132	9	Si4b1	B4b1	313	313	1	16	125	95	96	
133	9	Si4b1	B4b1	313	313	1	16	125	95	96	
134	9	La4	A4	305	305	1	16	125	95	96	
135	9	Sol4	G4	296	296	1	8	250	95	96	
135.5	53										
136	9	La4	A4	305	305	1	16	125	95	96	
137	9	Si4b1	B4b1	313	313	1	16	125	95	96	
138	9	Do5	C5	318	318	1	16	125	95	96	
139	9	La4	A4	305	305	1	16	125	95	96	
140	9	Si4b1	B4b1	313	313	1	16	125	95	96	
141	9	Sol4	G4	296	296	1	16	125	95	96	
142	9	La4	A4	305	305	3	16	375	95	96	
143	9	Si4b1	B4b1	313	313	1	16	125	95	96	
144	9	Sol4	G4	296	296	1	16	125	95	96	
145	9	La4	A4	305	305	1	16	125	95	96	
146	9	Si4b1	B4b1	313	313	1	16	125	95	96	
147	9	Do5	C5	318	318	1	16	125	95	96	
148	9	Re5	D5	327	327	1	16	125	95	96	
149	9	Mi5b4	E5b4	332	332	1	16	125	95	96	
150	9	Re5	D5	327	327	1	16	125	95	96	
151	9	Do5	C5	318	318	1	16	125	95	96	
152	9	Re5	D5	327	327	1	16	125	95	96	
153	9	Mi5b4	E5b4	332	332	1	16	125	95	96	
154	9	Fa5#4	F5#4	344	344	1	16	125	95	96	
155	9	Re5	D5	327	327	1	16	125	95	96	
156	9	Mi5b4	E5b4	332	332	1	16	125	95	96	
157	9	Do5	C5	318	318	1	16	125	95	96	
158	9	Re5	D5	327	327	1	16	125	95	96	
159	9	Mi5b4	E5b4	332	332	1	16	125	95	96	
160	9	Re5	D5	327	327	1	16	125	95	96	
161	9	Do5	C5	318	318	1	16	125	95	96	
161.5	53										
162	9	Si4b1	B4b1	313	313	1	16	125	95	96	
163	9	La4	A4	305	305	1	16	125	95	96	
164	9	Si4b1	B4b1	313	313	1	16	125	95	96	
165	9	Do5	C5	318	318	1	16	125	95	96	
166	9	Re5	D5	327	327	1	16	125	95	96	
167	9	Mi5b4	E5b4	332	332	1	16	125	95	96	
168	9	Re5	D5	327	327	1	16	125	95	96	
169	9	Do5	C5	318	318	1	16	125	95	96	
170	9	Si4b1	B4b1	313	313	1	8	250	95	96	
171	9	Si4b1	B4b1	313	313	1	16	125	95	96	
172	9	La4	A4	305	305	1	16	125	95	96	
173	9	Si4b1	B4b1	313	313	1	16	125	95	96	
174	9	Sol4	G4	296	296	1	16	125	95	96	
175	9	La4	A4	305	305	3	16	375	95	96	
176	9	Si4b1	B4b1	313	313	1	16	125	95	96	
176.5	53										
177	9	Sol4	G4	296	296	1	16	125	95	96	
178	9	La4	A4	305	305	1	16	125	95	96	
179	9	Si4b1	B4b1	313	313	1	16	125	95	96	
180	9	Do5	C5	318	318	1	16	125	95	96	
181	9	Re5	D5	327	327	1	16	125	95	96	
182	9	Mi5b4	E5b4	332	332	1	16	125	95	96	
183	9	Re5	D5	327	327	1	16	125	95	96	
184	9	Do5	C5	318	318	1	16	125	95	96	
185	9	Re5	D5	327	327	1	16	125	95	96	
186	9	Mi5b4	E5b4	332	332	1	16	125	95	96	
187	9	Fa5#4	F5#4	344	344	1	16	125	95	96	
188	9	Sol5	G5	349	349	1	16	125	95	96	
189	9	La5	A5	358	358	1	16	125	95	96	
190	9	Si5b5	B5b5	362	362	1	16	125	95	96	
191	9	La5	A5	358	358	1	16	125	95	96	
192	9	Sol5	G5	349	349	1	16	125	95	96	
193	9	Fa5#4	F5#4	344	344	1	16	125	95	96	
194	9	Mi5b4	E5b4	332	332	1	16	125	95	96	
195	9	Re5	D5	327	327	1	16	125	95	96	
196	9	Do5	C5	318	318	1	16	125	95	96	
197	9	Si4b1	B4b1	313	313	1	16	125	95	96	
198	9	Do5	C5	318	318	1	16	125	95	96	
199	9	Re5	D5	327	327	1	16	125	95	96	
200	9	Mi5b4	E5b4	332	332	1	16	125	95	96	
201	9	Re5	D5	327	327	1	16	125	95	96	
202	9	Do5	C5	318	318	1	16	125	95	96	
203	9	Si4b1	B4b1	313	313	1	8	250	95	96	
204	9	Si4b1	B4b1	313	313	1	16	125	95	96	
205	9	La4	A4	305	305	1	16	125	95	96	
206	9	Si4b1	B4b1	313	313	1	16	125	95	96	
207	9	Sol4	G4	296	296	1	16	125	95	96	
208	9	La4	A4	305	305	3	16	375	95	96	
209	9	Mi5b4	E5b4	332	332	1	16	125	95	96	
209.5	53										
210	9	Mi5b4	E5b4	332	332	1	16	125	95	96	
211	9	Re5	D5	327	327	1	16	125	95	96	
212	9	Mi5b4	E5b4	332	332	1	16	125	95	96	
213	9	Do5	C5	318	318	1	16	125	95	96	
214	9	Mi5b4	E5b4	332	332	1	16	125	95	96	
215	9	Re5	D5	327	327	1	16	125	95	96	
216	9	Mi5b4	E5b4	332	332	1	16	125	95	96	
217	9	Do5	C5	318	318	1	16	125	95	96	
218	9	Re5	D5	327	327	1	16	125	95	96	
219	9	Mi5b4	E5b4	332	332	1	16	125	95	96	
220	9	Fa5#4	F5#4	344	344	1	16	125	95	96	
221	9	Re5	D5	327	327	1	16	125	95	96	
222	9	Mi5b4	E5b4	332	332	1	16	125	95	96	
223	9	Do5	C5	318	318	1	16	125	95	96	
224	9	Re5	D5	327	327	1	16	125	95	96	
225	9	Mi5b4	E5b4	332	332	1	16	125	95	96	
226	9	Re5	D5	327	327	1	16	125	95	96	
227	9	Do5	C5	318	318	1	16	125	95	96	
227.5	53										
228	9	Si4b1	B4b1	313	313	1	16	125	95	96	
229	9	La4	A4	305	305	1	16	125	95	96	
230	9	Si4b1	B4b1	313	313	1	16	125	95	96	
231	9	Do5	C5	318	318	1	16	125	95	96	
232	9	Re5	D5	327	327	1	16	125	95	96	
233	9	Mi5b4	E5b4	332	332	1	16	125	95	96	
234	9	Re5	D5	327	327	1	16	125	95	96	
235	9	Do5	C5	318	318	1	16	125	95	96	
236	9	Si4b1	B4b1	313	313	1	8	250	95	96	
237	9	Si4b1	B4b1	313	313	1	16	125	95	96	
238	9	La4	A4	305	305	1	16	125	95	96	
239	9	Si4b1	B4b1	313	313	1	16	125	95	96	
240	9	Sol4	G4	296	296	1	16	125	95	96	
241	9	La4	A4	305	305	3	16	375	95	96	
242	9	Mi5b4	E5b4	332	332	1	16	125	95	96	
242.5	53										
243	9	Mi5b4	E5b4	332	332	1	16	125	95	96	
244	9	Re5	D5	327	327	1	16	125	95	96	
245	9	Mi5b4	E5b4	332	332	1	16	125	95	96	
246	9	Do5	C5	318	318	1	16	125	95	96	
247	9	Mi5b4	E5b4	332	332	1	16	125	95	96	
248	9	Re5	D5	327	327	1	16	125	95	96	
249	9	Mi5b4	E5b4	332	332	1	16	125	95	96	
250	9	Do5	C5	318	318	1	16	125	95	96	
251	9	Re5	D5	327	327	1	16	125	95	96	
252	9	Mi5b4	E5b4	332	332	1	16	125	95	96	
253	9	Fa5#4	F5#4	344	344	1	16	125	95	96	
254	9	Re5	D5	327	327	1	16	125	95	96	
255	9	Mi5b4	E5b4	332	332	1	16	125	95	96	
256	9	Do5	C5	318	318	1	16	125	95	96	
257	9	Re5	D5	327	327	1	16	125	95	96	
258	9	Mi5b4	E5b4	332	332	1	16	125	95	96	
259	9	Re5	D5	327	327	1	16	125	95	96	
260	9	Do5	C5	318	318	1	16	125	95	96	
260.5	53										
261	9	Si4b1	B4b1	313	313	1	16	125	95	96	
262	9	La4	A4	305	305	1	16	125	95	96	
263	9	Si4b1	B4b1	313	313	1	16	125	95	96	
264	9	Do5	C5	318	318	1	16	125	95	96	
265	9	Re5	D5	327	327	1	16	125	95	96	
266	9	Mi5b4	E5b4	332	332	1	16	125	95	96	
267	9	Re5	D5	327	327	1	16	125	95	96	
268	9	Do5	C5	318	318	1	16	125	95	96	
269	9	Si4b1	B4b1	313	313	1	8	250	95	96	
270	9	Si4b1	B4b1	313	313	1	16	125	95	96	
271	9	La4	A4	305	305	1	16	125	95	96	
272	9	Si4b1	B4b1	313	313	1	16	125	95	96	
273	9	Sol4	G4	296	296	1	16	125	95	96	
274	9	La4	A4	305	305	3	16	375	95	96	
275	9	Si4b1	B4b1	313	313	1	16	125	95	96	
275.5	53										
276	9	Sol4	G4	296	296	1	16	125	95	96	
277	9	La4	A4	305	305	1	16	125	95	96	
278	9	Si4b1	B4b1	313	313	1	16	125	95	96	
279	9	Do5	C5	318	318	1	16	125	95	96	
280	9	Re5	D5	327	327	1	16	125	95	96	
281	9	Mi5b4	E5b4	332	332	1	16	125	95	96	
282	9	Re5	D5	327	327	1	16	125	95	96	
283	9	Do5	C5	318	318	1	16	125	95	96	
284	9	Re5	D5	327	327	1	16	125	95	96	
285	9	Mi5b4	E5b4	332	332	1	16	125	95	96	
286	9	Fa5#4	F5#4	344	344	1	16	125	95	96	
287	9	Sol5	G5	349	349	1	16	125	95	96	
288	9	La5	A5	358	358	1	16	125	95	96	
289	9	Si5b5	B5b5	362	362	1	16	125	95	96	
290	9	La5	A5	358	358	1	16	125	95	96	
291	9	Sol5	G5	349	349	1	16	125	95	96	
292	9	Fa5#4	F5#4	344	344	1	16	125	95	96	
293	9	Mi5b4	E5b4	332	332	1	16	125	95	96	
294	9	Re5	D5	327	327	1	16	125	95	96	
295	9	Do5	C5	318	318	1	16	125	95	96	
296	9	Si4b1	B4b1	313	313	1	16	125	95	96	
297	9	Do5	C5	318	318	1	16	125	95	96	
298	9	Re5	D5	327	327	1	16	125	95	96	
299	9	Mi5b4	E5b4	332	332	1	16	125	95	96	
300	9	Re5	D5	327	327	1	16	125	95	96	
301	9	Do5	C5	318	318	1	16	125	95	96	
302	9	Si4b1	B4b1	313	313	1	8	250	95	96	
303	9	Si4b1	B4b1	313	313	1	16	125	95	96	
304	9	La4	A4	305	305	1	16	125	95	96	
305	9	Si4b1	B4b1	313	313	1	16	125	95	96	
306	9	Sol4	G4	296	296	1	16	125	95	96	
307	9	La4	A4	305	305	1	16	125	95	96	
308	9	Si4b1	B4b1	313	313	1	16	125	95	96	
309	9	Do5	C5	318	318	1	16	125	95	96	
310	9	La4	A4	305	305	1	16	125	95	96	
311	9	Si4b1	B4b1	313	313	1	16	125	95	96	
312	9	Sol4	G4	296	296	1	16	125	95	96	
313	9	La4	A4	305	305	1	8	250	95	96	
313.5	53										
314	9	La4	A4	305	305	1	16	125	95	96	
315	9	Mi5	E5	336	336	1	16	125	95	96	
316	9	Re5	D5	327	327	1	8	250	95	96	
317	9	Do5	C5	318	318	1	16	125	95	96	
318	9	Si4b1	B4b1	313	313	1	16	125	95	96	
319	9	Si4b1	B4b1	313	313	1	16	125	95	96	
320	9	La4	A4	305	305	1	16	125	95	96	
321	9	Sol4	G4	296	296	1	8	250	95	96	
321.5	53										
322	9	La4	A4	305	305	1	16	125	95	96	
323	9	Si4b1	B4b1	313	313	1	16	125	95	96	
324	9	Do5	C5	318	318	1	16	125	95	96	
325	9	La4	A4	305	305	1	16	125	95	96	
326	9	Si4b1	B4b1	313	313	1	16	125	95	96	
327	9	Sol4	G4	296	296	1	16	125	95	96	
328	9	La4	A4	305	305	3	16	375	95	96	
329	9	Si4b1	B4b1	313	313	1	16	125	95	96	
330	9	Sol4	G4	296	296	1	16	125	95	96	
331	9	La4	A4	305	305	1	16	125	95	96	
332	9	Si4b1	B4b1	313	313	1	16	125	95	96	
333	9	Do5	C5	318	318	1	16	125	95	96	
334	9	Re5	D5	327	327	1	16	125	95	96	
335	9	Mi5b4	E5b4	332	332	1	16	125	95	96	
336	9	Re5	D5	327	327	1	16	125	95	96	
337	9	Do5	C5	318	318	1	16	125	95	96	
338	9	Re5	D5	327	327	1	16	125	95	96	
339	9	Mi5b4	E5b4	332	332	1	16	125	95	96	
340	9	Fa5#4	F5#4	344	344	1	16	125	95	96	
341	9	Re5	D5	327	327	1	16	125	95	96	
342	9	Mi5b4	E5b4	332	332	1	16	125	95	96	
343	9	Do5	C5	318	318	1	16	125	95	96	
344	9	Re5	D5	327	327	1	16	125	95	96	
345	9	Mi5b4	E5b4	332	332	1	16	125	95	96	
346	9	Re5	D5	327	327	1	16	125	95	96	
347	9	Do5	C5	318	318	1	16	125	95	96	
347.5	53										
348	9	Si4b1	B4b1	313	313	1	16	125	95	96	
349	9	La4	A4	305	305	1	16	125	95	96	
350	9	Si4b1	B4b1	313	313	1	16	125	95	96	
351	9	Do5	C5	318	318	1	16	125	95	96	
352	9	Re5	D5	327	327	1	16	125	95	96	
353	9	Mi5b4	E5b4	332	332	1	16	125	95	96	
354	9	Re5	D5	327	327	1	16	125	95	96	
355	9	Do5	C5	318	318	1	16	125	95	96	
356	9	Si4b1	B4b1	313	313	1	8	250	95	96	
357	9	Si4b1	B4b1	313	313	1	16	125	95	96	
358	9	La4	A4	305	305	1	16	125	95	96	
359	9	Si4b1	B4b1	313	313	1	16	125	95	96	
360	9	Sol4	G4	296	296	1	16	125	95	96	
361	9	La4	A4	305	305	3	16	375	95	96	
362	9	Si4b1	B4b1	313	313	1	16	125	95	96	
362.5	53										
363	9	Sol4	G4	296	296	1	16	125	95	96	
364	9	La4	A4	305	305	1	16	125	95	96	
365	9	Si4b1	B4b1	313	313	1	16	125	95	96	
366	9	Do5	C5	318	318	1	16	125	95	96	
367	9	Re5	D5	327	327	1	16	125	95	96	
368	9	Mi5b4	E5b4	332	332	1	16	125	95	96	
369	9	Re5	D5	327	327	1	16	125	95	96	
370	9	Do5	C5	318	318	1	16	125	95	96	
371	9	Re5	D5	327	327	1	16	125	95	96	
372	9	Mi5b4	E5b4	332	332	1	16	125	95	96	
373	9	Fa5#4	F5#4	344	344	1	16	125	95	96	
374	9	Sol5	G5	349	349	1	16	125	95	96	
375	9	La5	A5	358	358	1	16	125	95	96	
376	9	Si5b5	B5b5	362	362	1	16	125	95	96	
377	9	La5	A5	358	358	1	16	125	95	96	
378	9	Sol5	G5	349	349	1	16	125	95	96	
379	9	Fa5#4	F5#4	344	344	1	16	125	95	96	
380	9	Mi5b4	E5b4	332	332	1	16	125	95	96	
381	9	Re5	D5	327	327	1	16	125	95	96	
382	9	Do5	C5	318	318	1	16	125	95	96	
383	9	Si4b1	B4b1	313	313	1	16	125	95	96	
384	9	Do5	C5	318	318	1	16	125	95	96	
385	9	Re5	D5	327	327	1	16	125	95	96	
386	9	Mi5b4	E5b4	332	332	1	16	125	95	96	
387	9	Re5	D5	327	327	1	16	125	95	96	
388	9	Do5	C5	318	318	1	16	125	95	96	
389	9	Si4b1	B4b1	313	313	1	8	250	95	96	
390	9	Si4b1	B4b1	313	313	1	16	125	95	96	
391	9	La4	A4	305	305	1	16	125	95	96	
392	9	Si4b1	B4b1	313	313	1	16	125	95	96	
393	9	Sol4	G4	296	296	1	16	125	95	96	
394	9	La4	A4	305	305	3	16	375	95	96	
395	9	Mi5b4	E5b4	332	332	1	16	125	95	96	
395.5	53										
396	9	Mi5b4	E5b4	332	332	1	16	125	95	96	
397	9	Re5	D5	327	327	1	16	125	95	96	
398	9	Mi5b4	E5b4	332	332	1	16	125	95	96	
399	9	Do5	C5	318	318	1	16	125	95	96	
400	9	Mi5b4	E5b4	332	332	1	16	125	95	96	
401	9	Re5	D5	327	327	1	16	125	95	96	
402	9	Mi5b4	E5b4	332	332	1	16	125	95	96	
403	9	Do5	C5	318	318	1	16	125	95	96	
404	9	Re5	D5	327	327	1	16	125	95	96	
405	9	Mi5b4	E5b4	332	332	1	16	125	95	96	
406	9	Fa5#4	F5#4	344	344	1	16	125	95	96	
407	9	Re5	D5	327	327	1	16	125	95	96	
408	9	Mi5b4	E5b4	332	332	1	16	125	95	96	
409	9	Do5	C5	318	318	1	16	125	95	96	
410	9	Re5	D5	327	327	1	16	125	95	96	
411	9	Mi5b4	E5b4	332	332	1	16	125	95	96	
412	9	Re5	D5	327	327	1	16	125	95	96	
413	9	Do5	C5	318	318	1	16	125	95	96	
413.5	53										
414	9	Si4b1	B4b1	313	313	1	16	125	95	96	
415	9	La4	A4	305	305	1	16	125	95	96	
416	9	Si4b1	B4b1	313	313	1	16	125	95	96	
417	9	Do5	C5	318	318	1	16	125	95	96	
418	9	Re5	D5	327	327	1	16	125	95	96	
419	9	Mi5b4	E5b4	332	332	1	16	125	95	96	
420	9	Re5	D5	327	327	1	16	125	95	96	
421	9	Do5	C5	318	318	1	16	125	95	96	
422	9	Si4b1	B4b1	313	313	1	8	250	95	96	
423	9	Si4b1	B4b1	313	313	1	16	125	95	96	
424	9	La4	A4	305	305	1	16	125	95	96	
425	9	Si4b1	B4b1	313	313	1	16	125	95	96	
426	9	Sol4	G4	296	296	1	16	125	95	96	
427	9	La4	A4	305	305	3	16	375	95	96	
428	9	Si4b1	B4b1	313	313	1	16	125	95	96	
428.5	53										
429	9	Sol4	G4	296	296	1	16	125	95	96	
430	9	La4	A4	305	305	1	16	125	95	96	
431	9	Si4b1	B4b1	313	313	1	16	125	95	96	
432	9	Do5	C5	318	318	1	16	125	95	96	
433	9	Re5	D5	327	327	1	16	125	95	96	
434	9	Mi5b4	E5b4	332	332	1	16	125	95	96	
435	9	Re5	D5	327	327	1	16	125	95	96	
436	9	Do5	C5	318	318	1	16	125	95	96	
437	9	Re5	D5	327	327	1	16	125	95	96	
438	9	Mi5b4	E5b4	332	332	1	16	125	95	96	
439	9	Fa5#4	F5#4	344	344	1	16	125	95	96	
440	9	Sol5	G5	349	349	1	16	125	95	96	
441	9	La5	A5	358	358	1	16	125	95	96	
442	9	Si5b5	B5b5	362	362	1	16	125	95	96	
443	9	La5	A5	358	358	1	16	125	95	96	
444	9	Sol5	G5	349	349	1	16	125	95	96	
445	9	Fa5#4	F5#4	344	344	1	16	125	95	96	
446	9	Mi5b4	E5b4	332	332	1	16	125	95	96	
447	9	Re5	D5	327	327	1	16	125	95	96	
448	9	Do5	C5	318	318	1	16	125	95	96	
449	9	Si4b1	B4b1	313	313	1	16	125	95	96	
450	9	Do5	C5	318	318	1	16	125	95	96	
451	9	Re5	D5	327	327	1	16	125	95	96	
452	9	Mi5b4	E5b4	332	332	1	16	125	95	96	
453	9	Re5	D5	327	327	1	16	125	95	96	
454	9	Do5	C5	318	318	1	16	125	95	96	
455	9	Si4b1	B4b1	313	313	1	8	250	95	96	
456	9	Si4b1	B4b1	313	313	1	16	125	95	96	
457	9	La4	A4	305	305	1	16	125	95	96	
458	9	Si4b1	B4b1	313	313	1	16	125	95	96	
459	9	Sol4	G4	296	296	1	16	125	95	96	
460	9	La4	A4	305	305	3	8	750	95	96	
460.5	53										
461	9	Si4b1	B4b1	313	313	1	16	125	95	96	
462	9	Do5	C5	318	318	1	16	125	95	96	
463	9	La4	A4	305	305	1	4	500	95	96	
464	9	Mi5b4	E5b4	332	332	1	8	250	95	96	
465	9	Mi5b4	E5b4	332	332	1	8	250	95	96	
466	9	Mi5b4	E5b4	332	332	1	8	250	95	96	
467	9	Mi5b4	E5b4	332	332	3	16	375	95	96	
468	9	Re5	D5	327	327	1	16	125	95	96	
469	9	Mi5b4	E5b4	332	332	1	16	125	95	96	
470	9	Re5	D5	327	327	1	16	125	95	96	
471	9	Do5	C5	318	318	1	8	250	95	96	
471.5	53										
472	9	Re5	D5	327	327	1	8	250	95	96	
473	8	Fa5#4	F5#4	344	344	1	8	31	95	96	
474	9	Mi5b4	E5b4	332	332	1	16	125	95	96	
475	9	Re5	D5	327	327	1	16	125	95	96	
476	9	Re5	D5	327	327	1	4	500	95	96	
477	9	Re5	D5	327	327	1	16	125	95	96	
478	9	Do5	C5	318	318	1	16	125	95	96	
479	9	Re5	D5	327	327	1	8	250	95	96	
480	9	Mi5b4	E5b4	332	332	1	4	500	95	96	
481	9	Re5	D5	327	327	1	16	125	95	96	
482	9	Do5	C5	318	318	1	16	125	95	96	
483	9	Do5	C5	318	318	1	4	500	95	96	
483.5	53										
484	9	Mi5b4	E5b4	332	332	1	4	500	95	96	
485	9	Re5	D5	327	327	1	8	250	95	96	
486	9	Mi5b4	E5b4	332	332	1	16	125	95	96	
487	9	Re5	D5	327	327	1	16	125	95	96	
488	9	Do5	C5	318	318	1	8	250	95	96	
489	9	Re5	D5	327	327	1	8	250	95	96	
490	8	Fa5#4	F5#4	344	344	1	8	31	95	96	
491	9	Mi5b4	E5b4	332	332	1	16	125	95	96	
492	9	Re5	D5	327	327	1	16	125	95	96	
493	9	Re5	D5	327	327	1	4	500	95	96	
493.5	53										
494	9	Re5	D5	327	327	1	16	125	95	96	
495	9	Mi5b4	E5b4	332	332	1	16	125	95	96	
496	9	Re5	D5	327	327	1	16	125	95	96	
497	9	Mi5b4	E5b4	332	332	1	16	125	95	96	
498	9	Re5	D5	327	327	1	16	125	95	96	
499	9	Do5	C5	318	318	1	16	125	95	96	
500	9	Re5	D5	327	327	1	8	250	95	96	
501	9	Mi5b4	E5b4	332	332	1	4	500	95	96	
502	9	Re5	D5	327	327	1	16	125	95	96	
503	9	Do5	C5	318	318	1	16	125	95	96	
504	9	Do5	C5	318	318	1	4	500	95	96	
504.5	53										
505	9	Mi5b4	E5b4	332	332	1	4	500	95	96	
506	9	Re5	D5	327	327	1	8	250	95	96	
507	9	Mi5b4	E5b4	332	332	1	16	125	95	96	
508	9	Re5	D5	327	327	1	16	125	95	96	
509	9	Do5	C5	318	318	1	8	250	95	96	
510	9	Re5	D5	327	327	1	8	250	95	96	
511	8	Fa5#4	F5#4	344	344	1	8	31	95	96	
512	9	Mi5b4	E5b4	332	332	1	16	125	95	96	
513	9	Re5	D5	327	327	1	16	125	95	96	
514	9	Re5	D5	327	327	1	4	500	95	96	
514.5	53										
515	9	Re5	D5	327	327	1	16	125	95	96	
516	9	Mi5b4	E5b4	332	332	1	16	125	95	96	
517	9	Re5	D5	327	327	1	16	125	95	96	
518	9	Mi5b4	E5b4	332	332	1	16	125	95	96	
519	9	Re5	D5	327	327	1	16	125	95	96	
520	9	Do5	C5	318	318	1	16	125	95	96	
521	9	Re5	D5	327	327	1	8	250	95	96	
522	9	Mi5b4	E5b4	332	332	1	4	500	95	96	
523	9	Re5	D5	327	327	1	16	125	95	96	
524	9	Do5	C5	318	318	1	16	125	95	96	
525	9	Si4b1	B4b1	313	313	1	16	125	95	96	
526	9	La4	A4	305	305	1	16	125	95	96	
527	9	Sol4	G4	296	296	1	8	250	95	96	
528	9	La4	A4	305	305	1	4	500	95	96	
528.5	53										
529	9	Si4b1	B4b1	313	313	1	8	250	95	96	
530	9	Do5	C5	318	318	1	8	250	95	96	
531	9	Si4b1	B4b1	313	313	1	16	125	95	96	
532	9	Do5	C5	318	318	1	16	125	95	96	
533	9	Re5	D5	327	327	1	4	500	95	96	
534	9	Do5	C5	318	318	1	8	250	95	96	
535	9	Si4b1	B4b1	313	313	1	16	125	95	96	
536	9	Do5	C5	318	318	1	16	125	95	96	
537	9	Re5	D5	327	327	1	4	500	95	96	
538	9	Re5	D5	327	327	1	16	125	95	96	
539	9	Do5	C5	318	318	1	16	125	95	96	
540	9	Re5	D5	327	327	1	16	125	95	96	
541	9	Mi5b4	E5b4	332	332	1	8	250	95	96	
542	9	Re5	D5	327	327	1	16	125	95	96	
543	9	Re5	D5	327	327	1	16	125	95	96	
544	9	Do5	C5	318	318	1	16	125	95	96	
545	9	Do5	C5	318	318	1	16	125	95	96	
546	9	Si4b1	B4b1	313	313	1	16	125	95	96	
547	9	Do5	C5	318	318	1	4	500	95	96	
547.5	53										
548	9	Re5	D5	327	327	1	8	250	95	96	
549	9	Mi5b4	E5b4	332	332	1	8	250	95	96	
550	9	Mi5b4	E5b4	332	332	1	16	125	95	96	
551	9	Re5	D5	327	327	1	16	125	95	96	
552	9	Mi5b4	E5b4	332	332	1	16	125	95	96	
553	9	Re5	D5	327	327	1	16	125	95	96	
554	9	Do5	C5	318	318	1	8	250	95	96	
555	9	Re5	D5	327	327	1	8	250	95	96	
556	9	Mi5b4	E5b4	332	332	1	16	125	95	96	
557	9	Re5	D5	327	327	1	16	125	95	96	
558	9	Re5	D5	327	327	1	16	125	95	96	
559	9	Do5	C5	318	318	1	16	125	95	96	
560	9	Do5	C5	318	318	1	16	125	95	96	
561	9	Si4b1	B4b1	313	313	1	16	125	95	96	
562	9	Do5	C5	318	318	1	4	500	95	96	
562.5	53										
563	9	Si4b1	B4b1	313	313	1	8	250	95	96	
564	9	Si4b1	B4b1	313	313	1	16	125	95	96	
565	9	Do5	C5	318	318	1	16	125	95	96	
566	9	Re5	D5	327	327	1	4	500	95	96	
567	9	Do5	C5	318	318	1	16	125	95	96	
568	9	Si4b1	B4b1	313	313	1	16	125	95	96	
569	9	Si4b1	B4b1	313	313	1	16	125	95	96	
570	9	La4	A4	305	305	1	16	125	95	96	
571	9	Sol4	G4	296	296	1	8	250	95	96	
572	9	La4	A4	305	305	1	4	500	95	96	
572.5	53										
573	9	Si4b1	B4b1	313	313	1	8	250	95	96	
574	9	Do5	C5	318	318	1	8	250	95	96	
575	9	Si4b1	B4b1	313	313	1	16	125	95	96	
576	9	Do5	C5	318	318	1	16	125	95	96	
577	9	Re5	D5	327	327	1	4	500	95	96	
578	9	Do5	C5	318	318	1	8	250	95	96	
579	9	Si4b1	B4b1	313	313	1	16	125	95	96	
580	9	Do5	C5	318	318	1	16	125	95	96	
581	9	Re5	D5	327	327	1	8	250	95	96	
582	9	Mi5b4	E5b4	332	332	1	8	250	95	96	
583	9	Fa5#4	F5#4	344	344	1	8	250	95	96	
583.5	53										
584	9	Re5	D5	327	327	1	8	250	95	96	
585	9	Mi5b4	E5b4	332	332	1	16	125	95	96	
586	9	Re5	D5	327	327	1	16	125	95	96	
587	9	Re5	D5	327	327	1	16	125	95	96	
588	9	Do5	C5	318	318	1	16	125	95	96	
589	9	Do5	C5	318	318	1	16	125	95	96	
590	9	Si4b1	B4b1	313	313	1	16	125	95	96	
591	9	Do5	C5	318	318	1	4	500	95	96	
591.5	53										
592	9	Fa5#4	F5#4	344	344	1	8	250	95	96	
593	9	Sol5	G5	349	349	1	8	250	95	96	
594	9	La5	A5	358	358	1	8	250	95	96	
595	9	Si5b5	B5b5	362	362	1	8	250	95	96	
596	9	La5	A5	358	358	1	16	125	95	96	
597	9	Sol5	G5	349	349	1	16	125	95	96	
598	9	Sol5	G5	349	349	1	16	125	95	96	
599	9	Fa5#4	F5#4	344	344	1	16	125	95	96	
600	9	Mi5b5	E5b5	331	331	1	16	125	95	96	
601	9	Re5	D5	327	327	1	16	125	95	96	
602	9	Re5	D5	327	327	1	16	125	95	96	
603	9	Do5	C5	318	318	1	16	125	95	96	
604	9	Do5	C5	318	318	1	16	125	95	96	
605	9	Si4b1	B4b1	313	313	1	16	125	95	96	
606	9	Do5	C5	318	318	1	4	500	95	96	
607	9	Si4b1	B4b1	313	313	1	8	250	95	96	
608	9	Si4b1	B4b1	313	313	1	16	125	95	96	
609	9	La4	A4	305	305	1	16	125	95	96	
610	9	Si4b1	B4b1	313	313	1	16	125	95	96	
611	9	Do5	C5	318	318	1	16	125	95	96	
612	9	Si4b1	B4b1	313	313	1	16	125	95	96	
613	9	La4	A4	305	305	1	16	125	95	96	
614	9	Sol4	G4	296	296	1	8	250	95	96	
615	9	La4	A4	305	305	1	4	500	95	96	
615.5	53										
616	9	Re5	D5	327	327	1	8	250	95	96	
617	9	Mi5	E5	336	336	1	8	250	95	96	
618	9	Fa5	F5	340	340	1	16	125	95	96	
619	9	Sol5	G5	349	349	1	16	125	95	96	
620	9	Mi5	E5	336	336	1	16	125	95	96	
621	9	Fa5	F5	340	340	1	16	125	95	96	
622	9	Mi5	E5	336	336	1	16	125	95	96	
623	9	Re5	D5	327	327	1	16	125	95	96	
624	9	Mi5	E5	336	336	1	16	125	95	96	
625	9	Re5	D5	327	327	1	16	125	95	96	
626	9	Do5	C5	318	318	1	16	125	95	96	
627	9	Si4b1	B4b1	313	313	1	16	125	95	96	
628	9	Do5	C5	318	318	1	8	250	95	96	
629	9	Do5	C5	318	318	1	8	250	95	96	
629.5	53										
630	9	Re5	D5	327	327	1	8	250	95	96	
631	9	Mi5	E5	336	336	1	8	250	95	96	
632	9	Fa5	F5	340	340	1	16	125	95	96	
633	9	Sol5	G5	349	349	1	16	125	95	96	
634	9	Mi5b4	E5b4	332	332	1	16	125	95	96	
635	9	Fa5	F5	340	340	1	16	125	95	96	
636	9	Mi5b4	E5b4	332	332	1	16	125	95	96	
637	9	Re5	D5	327	327	1	16	125	95	96	
638	9	Mi5b4	E5b4	332	332	1	16	125	95	96	
639	9	Re5	D5	327	327	1	16	125	95	96	
640	9	Do5	C5	318	318	1	16	125	95	96	
641	9	Si4b1	B4b1	313	313	1	16	125	95	96	
642	9	Do5	C5	318	318	1	8	250	95	96	
643	9	Do5	C5	318	318	1	8	250	95	96	
643.5	53										
644	9	Re5	D5	327	327	1	8	250	95	96	
645	9	Mi5b4	E5b4	332	332	1	8	250	95	96	
646	9	Fa5	F5	340	340	1	16	125	95	96	
647	9	Sol5	G5	349	349	1	16	125	95	96	
648	9	Mi5b4	E5b4	332	332	1	16	125	95	96	
649	9	Fa5	F5	340	340	1	16	125	95	96	
650	9	Mi5b4	E5b4	332	332	1	16	125	95	96	
651	9	Re5	D5	327	327	1	16	125	95	96	
652	9	Do5	C5	318	318	1	8	250	95	96	
653	9	Si4b1	B4b1	313	313	1	16	125	95	96	
654	9	Do5	C5	318	318	1	16	125	95	96	
655	9	Re5	D5	327	327	1	16	125	95	96	
656	9	Mi5b4	E5b4	332	332	1	16	125	95	96	
657	9	Re5	D5	327	327	1	16	125	95	96	
658	9	Do5	C5	318	318	1	16	125	95	96	
659	9	Si4b1	B4b1	313	313	1	8	250	95	96	
660	9	Si4b1	B4b1	313	313	1	16	125	95	96	
661	9	La4	A4	305	305	1	16	125	95	96	
662	9	Si4b1	B4b1	313	313	1	16	125	95	96	
663	9	Sol4	G4	296	296	1	16	125	95	96	
664	9	La4	A4	305	305	3	16	375	95	96	
665	9	Si4b1	B4b1	313	313	1	16	125	95	96	
665.5	53										
666	9	Sol4	G4	296	296	1	16	125	95	96	
667	9	La4	A4	305	305	1	16	125	95	96	
668	9	Si4b1	B4b1	313	313	1	16	125	95	96	
669	9	Do5	C5	318	318	1	16	125	95	96	
670	9	Re5	D5	327	327	1	16	125	95	96	
671	9	Mi5b4	E5b4	332	332	1	16	125	95	96	
672	9	Re5	D5	327	327	1	16	125	95	96	
673	9	Do5	C5	318	318	1	16	125	95	96	
674	9	Re5	D5	327	327	1	16	125	95	96	
675	9	Mi5b4	E5b4	332	332	1	16	125	95	96	
676	9	Fa5#4	F5#4	344	344	1	16	125	95	96	
677	9	Re5	D5	327	327	1	16	125	95	96	
678	9	Mi5b4	E5b4	332	332	1	16	125	95	96	
679	9	Do5	C5	318	318	1	16	125	95	96	
680	9	Re5	D5	327	327	1	16	125	95	96	
681	9	Mi5b4	E5b4	332	332	1	16	125	95	96	
682	9	Re5	D5	327	327	1	16	125	95	96	
683	9	Do5	C5	318	318	1	16	125	95	96	
683.5	53										
684	9	Si4b1	B4b1	313	313	1	16	125	95	96	
685	9	La4	A4	305	305	1	16	125	95	96	
686	9	Si4b1	B4b1	313	313	1	16	125	95	96	
687	9	Do5	C5	318	318	1	16	125	95	96	
688	9	Re5	D5	327	327	1	16	125	95	96	
689	9	Mi5b4	E5b4	332	332	1	16	125	95	96	
690	9	Re5	D5	327	327	1	16	125	95	96	
691	9	Do5	C5	318	318	1	16	125	95	96	
692	9	Si4b1	B4b1	313	313	1	8	250	95	96	
693	9	Si4b1	B4b1	313	313	1	16	125	95	96	
694	9	La4	A4	305	305	1	16	125	95	96	
695	9	Si4b1	B4b1	313	313	1	16	125	95	96	
696	9	Sol4	G4	296	296	1	16	125	95	96	
697	9	La4	A4	305	305	3	16	375	95	96	
698	9	Si4b1	B4b1	313	313	1	16	125	95	96	
698.5	53										
699	9	Sol4	G4	296	296	1	16	125	95	96	
700	9	La4	A4	305	305	1	16	125	95	96	
701	9	Si4b1	B4b1	313	313	1	16	125	95	96	
702	9	Do5	C5	318	318	1	16	125	95	96	
703	9	Re5	D5	327	327	1	16	125	95	96	
704	9	Mi5b4	E5b4	332	332	1	16	125	95	96	
705	9	Re5	D5	327	327	1	16	125	95	96	
706	9	Do5	C5	318	318	1	16	125	95	96	
707	9	Re5	D5	327	327	1	16	125	95	96	
708	9	Mi5b4	E5b4	332	332	1	16	125	95	96	
709	9	Fa5#4	F5#4	344	344	1	16	125	95	96	
710	9	Re5	D5	327	327	1	16	125	95	96	
711	9	Mi5b4	E5b4	332	332	1	16	125	95	96	
712	9	Do5	C5	318	318	1	16	125	95	96	
713	9	Re5	D5	327	327	1	16	125	95	96	
714	9	Mi5b4	E5b4	332	332	1	16	125	95	96	
715	9	Re5	D5	327	327	1	16	125	95	96	
716	9	Do5	C5	318	318	1	16	125	95	96	
716.5	53										
717	9	Si4b1	B4b1	313	313	1	16	125	95	96	
718	9	La4	A4	305	305	1	16	125	95	96	
719	9	Si4b1	B4b1	313	313	1	16	125	95	96	
720	9	Do5	C5	318	318	1	16	125	95	96	
721	9	Re5	D5	327	327	1	16	125	95	96	
722	9	Mi5b4	E5b4	332	332	1	16	125	95	96	
723	9	Re5	D5	327	327	1	16	125	95	96	
724	9	Do5	C5	318	318	1	16	125	95	96	
725	9	Si4b1	B4b1	313	313	1	8	250	95	96	
726	9	Si4b1	B4b1	313	313	1	16	125	95	96	
727	9	La4	A4	305	305	1	16	125	95	96	
728	9	Si4b1	B4b1	313	313	1	16	125	95	96	
729	9	Sol4	G4	296	296	1	16	125	95	96	
730	9	La4	A4	305	305	3	16	375	95	96	
731	9	Si4b1	B4b1	313	313	1	16	125	95	96	
731.5	53										
732	9	Sol4	G4	296	296	1	16	125	95	96	
733	9	La4	A4	305	305	1	16	125	95	96	
734	9	Si4b1	B4b1	313	313	1	16	125	95	96	
735	9	Do5	C5	318	318	1	16	125	95	96	
736	9	Re5	D5	327	327	1	16	125	95	96	
737	9	Mi5b4	E5b4	332	332	1	16	125	95	96	
738	9	Re5	D5	327	327	1	16	125	95	96	
739	9	Do5	C5	318	318	1	16	125	95	96	
740	9	Re5	D5	327	327	1	16	125	95	96	
741	9	Mi5b4	E5b4	332	332	1	16	125	95	96	
742	9	Fa5#4	F5#4	344	344	1	16	125	95	96	
743	9	Sol5	G5	349	349	1	16	125	95	96	
744	9	La5	A5	358	358	1	16	125	95	96	
745	9	Si5b5	B5b5	362	362	1	16	125	95	96	
746	9	La5	A5	358	358	1	16	125	95	96	
747	9	Sol5	G5	349	349	1	16	125	95	96	
748	9	Fa5#4	F5#4	344	344	1	16	125	95	96	
749	9	Mi5b4	E5b4	332	332	1	16	125	95	96	
750	9	Re5	D5	327	327	1	16	125	95	96	
751	9	Do5	C5	318	318	1	16	125	95	96	
752	9	Si4b1	B4b1	313	313	1	16	125	95	96	
753	9	Do5	C5	318	318	1	16	125	95	96	
754	9	Re5	D5	327	327	1	16	125	95	96	
755	9	Mi5b4	E5b4	332	332	1	16	125	95	96	
756	9	Re5	D5	327	327	1	16	125	95	96	
757	9	Do5	C5	318	318	1	16	125	95	96	
758	9	Si4b1	B4b1	313	313	1	8	250	95	96	
759	9	Si4b1	B4b1	313	313	1	16	125	95	96	
760	9	La4	A4	305	305	1	16	125	95	96	
761	9	Si4b1	B4b1	313	313	1	16	125	95	96	
762	9	Sol4	G4	296	296	1	16	125	95	96	
763	9	La4	A4	305	305	3	16	375	95	96	
764	9	Si4b1	B4b1	313	313	1	16	125	95	96	
764.5	53										