Sýra	Kod	Nota53	NotaAE	Koma53	KomaAE	Pay	Payda	Ms	LNS	Bas	Soz1	Offset
1	9			-1	-1	1	8	400	100	0		0.125
2	9	Re5	D5	327	327	1	16	200	95	96	ARANAÐME	0.1875
3	9	Mi5b4	E5b4	332	332	1	16	200	95	96	.	0.25
4	9	Fa5	F5	340	340	3	32	300	95	96	.	0.34375
5	9	La5b5	A5b5	353	353	1	32	100	95	96	.	0.375
6	9	Sol5	G5	349	349	1	16	200	95	96	.	0.4375
7	9	Fa5	F5	340	340	1	16	200	95	96	.	0.5
8	9	Mi5b5	E5b5	331	331	3	32	300	95	96	.	0.59375
9	9	Re5	D5	327	327	1	32	100	95	96	.	0.625
10	9	Do5	C5	318	318	1	16	200	95	96	.	0.6875
11	9	Re5	D5	327	327	1	16	200	95	96	.	0.75
12	9	Si4b5	B4b5	309	309	1	4	800	95	96	.	1
13	53			0	0	0	0	0	0	0		1
14	9			-1	-1	1	8	400	100	0	.	1.125
15	9	Re5	D5	327	327	1	16	200	95	96	.	1.1875
16	9	Mi5b4	E5b4	332	332	1	16	200	95	96	.	1.25
17	9	Fa5	F5	340	340	3	32	300	95	96	.	1.34375
18	9	La5b5	A5b5	353	353	1	32	100	95	96	.	1.375
19	9	Sol5	G5	349	349	1	16	200	95	96	.	1.4375
20	9	Fa5	F5	340	340	1	16	200	95	96	.	1.5
21	9	Mi5b5	E5b5	331	331	3	32	300	95	96	.	1.59375
22	9	Re5	D5	327	327	1	32	100	95	96	.	1.625
23	9	Do5	C5	318	318	1	16	200	95	96	.	1.6875
24	9	Re5	D5	327	327	1	16	200	95	96	.	1.75
25	9	Sol5	G5	349	349	1	4	800	95	96	.	2
26	53			0	0	0	0	0	0	0		2
27	9			-1	-1	1	8	400	100	0	.	2.125
28	9	Re5	D5	327	327	1	16	200	95	96	.	2.1875
29	9	Mi5b4	E5b4	332	332	1	16	200	95	96	.	2.25
30	9	Fa5	F5	340	340	3	32	300	95	96	.	2.34375
31	9	La5b5	A5b5	353	353	1	32	100	95	96	.	2.375
32	9	Sol5	G5	349	349	1	16	200	95	96	.	2.4375
33	9	Fa5	F5	340	340	1	16	200	95	96	.	2.5
34	9	Mi5b5	E5b5	331	331	3	32	300	95	96	.	2.59375
35	9	Re5	D5	327	327	1	32	100	95	96	.	2.625
36	9	Do5	C5	318	318	1	16	200	95	96	.	2.6875
37	9	Re5	D5	327	327	1	16	200	95	96	.	2.75
38	9	Si4b5	B4b5	309	309	1	8	400	95	96	.	2.875
39	9	La4b4	A4b4	301	301	1	16	200	95	96	.	2.9375
40	9	Sol4	G4	296	296	1	16	200	95	96	.	3
41	9	Sol4	G4	296	296	1	8	400	95	96	.	3.125
42	53			0	0	0	0	0	0	0		3.125
43	9	Mi5b5	E5b5	331	331	1	4	800	95	96	.	3.375
44	9	Re5	D5	327	327	1	16	200	95	96	.	3.4375
45	9	Do5	C5	318	318	1	16	200	95	96	.	3.5
46	9	Si4b5	B4b5	309	309	3	32	300	95	96	.	3.59375
47	9	La4b4	A4b4	301	301	1	32	100	95	96	.	3.625
48	9	La4b4	A4b4	301	301	1	16	200	95	96	.	3.6875
49	9	Sol4	G4	296	296	1	16	200	95	96	.	3.75
50	9	Sol4	G4	296	296	1	4	800	95	96	.	4
51	53			0	0	0	0	0	0	0		4
52	9			-1	-1	1	8	400	100	0		4.125
53	9	Re5	D5	327	327	1	16	200	95	96	ARANAÐME	4.1875
54	9	Mi5b4	E5b4	332	332	1	16	200	95	96	.	4.25
55	9	Fa5	F5	340	340	3	32	300	95	96	.	4.34375
56	9	La5b5	A5b5	353	353	1	32	100	95	96	.	4.375
57	9	Sol5	G5	349	349	1	16	200	95	96	.	4.4375
58	9	Fa5	F5	340	340	1	16	200	95	96	.	4.5
59	9	Mi5b5	E5b5	331	331	3	32	300	95	96	.	4.59375
60	9	Re5	D5	327	327	1	32	100	95	96	.	4.625
61	9	Do5	C5	318	318	1	16	200	95	96	.	4.6875
62	9	Re5	D5	327	327	1	16	200	95	96	.	4.75
63	9	Si4b5	B4b5	309	309	1	4	800	95	96	.	5
64	53			0	0	0	0	0	0	0		5
65	9			-1	-1	1	8	400	100	0	.	5.125
66	9	Re5	D5	327	327	1	16	200	95	96	.	5.1875
67	9	Mi5b4	E5b4	332	332	1	16	200	95	96	.	5.25
68	9	Fa5	F5	340	340	3	32	300	95	96	.	5.34375
69	9	La5b5	A5b5	353	353	1	32	100	95	96	.	5.375
70	9	Sol5	G5	349	349	1	16	200	95	96	.	5.4375
71	9	Fa5	F5	340	340	1	16	200	95	96	.	5.5
72	9	Mi5b5	E5b5	331	331	3	32	300	95	96	.	5.59375
73	9	Re5	D5	327	327	1	32	100	95	96	.	5.625
74	9	Do5	C5	318	318	1	16	200	95	96	.	5.6875
75	9	Re5	D5	327	327	1	16	200	95	96	.	5.75
76	9	Sol5	G5	349	349	1	4	800	95	96	.	6
77	53			0	0	0	0	0	0	0		6
78	9			-1	-1	1	8	400	100	0	.	6.125
79	9	Re5	D5	327	327	1	16	200	95	96	.	6.1875
80	9	Mi5b4	E5b4	332	332	1	16	200	95	96	.	6.25
81	9	Fa5	F5	340	340	3	32	300	95	96	.	6.34375
82	9	La5b5	A5b5	353	353	1	32	100	95	96	.	6.375
83	9	Sol5	G5	349	349	1	16	200	95	96	.	6.4375
84	9	Fa5	F5	340	340	1	16	200	95	96	.	6.5
85	9	Mi5b5	E5b5	331	331	3	32	300	95	96	.	6.59375
86	9	Re5	D5	327	327	1	32	100	95	96	.	6.625
87	9	Do5	C5	318	318	1	16	200	95	96	.	6.6875
88	9	Re5	D5	327	327	1	16	200	95	96	.	6.75
89	9	Si4b5	B4b5	309	309	1	8	400	95	96	.	6.875
90	9	La4b4	A4b4	301	301	1	16	200	95	96	.	6.9375
91	9	Sol4	G4	296	296	1	16	200	95	96	.	7
92	9	Sol4	G4	296	296	1	8	400	95	96	.	7.125
93	53			0	0	0	0	0	0	0		7.125
94	9	Mi5b5	E5b5	331	331	1	4	800	95	96	.	7.375
95	9	Re5	D5	327	327	1	16	200	95	96	.	7.4375
96	9	Do5	C5	318	318	1	16	200	95	96	.	7.5
97	9	Si4b5	B4b5	309	309	3	32	300	95	96	.	7.59375
98	9	La4b4	A4b4	301	301	1	32	100	95	96	.	7.625
99	9	La4b4	A4b4	301	301	1	16	200	95	96	.	7.6875
100	9	Sol4	G4	296	296	1	16	200	95	96	.	7.75
101	9	Sol4	G4	296	296	1	4	800	95	96	.	8
102	53			0	0	0	0	0	0	0		8
103	9	Fa5	F5	340	340	1	8	400	95	96	Hey 	8.125
104	9	Sol5	G5	349	349	7	8	2800	95	96	hey 	9
105	53			0	0	0	0	0	0	0		9
106	9			-1	-1	1	4	800	100	0		9.25
107	9	Fa5	F5	340	340	1	8	400	95	96	Ba	9.375
108	9	Sol5	G5	349	349	1	8	400	95	96	ða 	9.5
109	9	Sol5	G5	349	349	1	4	800	95	96	gir	9.75
110	9	Sol5	G5	349	349	1	4	800	100	96	dim 	10
111	9	Sol5	G5	349	349	3	16	600	99	96		10.1875
112	9	Fa5	F5	340	340	1	16	200	95	96		10.25
113	9	Sol5	G5	349	349	1	8	400	95	96	ka	10.375
114	9	La5b1	A5b1	357	357	1	8	400	95	96	mý	10.5
115	9	Si5b5	B5b5	362	362	1	8	400	99	96	þa 	10.625
116	9	La5b1	A5b1	357	357	1	8	400	99	96		10.75
117	9	Sol5	G5	349	349	1	8	400	99	96		10.875
118	9	Fa5	F5	340	340	1	8	400	99	96		11
119	9	Mi5b3	E5b4	333	332	1	8	400	99	96		11.125
120	9	Re5	D5	327	327	1	8	400	95	96		11.25
121	53			0	0	0	0	0	0	0		11.25
122	9	Si5b5	B5b5	362	362	1	8	400	95	96	Su 	11.375
123	8	Do6	C6	371	371	0	0	0	95	96		11.375
124	9	Si5b5	B5b5	362	362	1	16	200	99	96	ne 	11.4375
125	9	La5	A5	358	358	1	16	200	95	96		11.5
126	9	La5	A5	358	358	1	8	400	99	96	yap	11.625
127	9	Sol5	G5	349	349	1	8	400	99	96		11.75
128	9	Fa5	F5	340	340	1	8	400	99	96	sýn 	11.875
129	9	Mi5b3	E5b4	333	332	1	8	400	99	96		12
130	9	Re5	D5	327	327	1	8	400	95	96		12.125
131	53			0	0	0	0	0	0	0		12.125
132	9	La5	A5	358	358	1	8	400	99	96	yan	12.25
133	9	Sol5	G5	349	349	1	8	400	99	96		12.375
134	9	Fa5	F5	340	340	1	8	400	95	96		12.5
135	9	Sol5	G5	349	349	1	24	133	99	96	mý	12.54167
136	9	Fa5	F5	340	340	1	24	133	99	96		12.58333
137	9	Mi5b3	E5b4	333	332	1	24	133	99	96		12.625
138	9	Mi5b3	E5b4	333	332	1	16	200	99	96		12.6875
139	9	Re5	D5	327	327	1	16	200	95	96		12.75
140	9	Re5	D5	327	327	1	4	800	95	96	þa 	13
141	53			0	0	0	0	0	0	0		13
142	9	Si5b5	B5b5	362	362	3	32	300	95	96	SAZ	13.09375
143	9	La5	A5	358	358	1	32	100	95	96	.	13.125
144	9	Sol5	G5	349	349	1	16	200	95	96	.	13.1875
145	9	La5	A5	358	358	1	16	200	95	96	.	13.25
146	9	Fa5	F5	340	340	1	8	400	95	96	.	13.375
147	9	Sol5	G5	349	349	1	8	400	95	96	.	13.5
148	9	Fa5	F5	340	340	3	32	300	95	96	.	13.59375
149	9	Mi5b3	E5b4	333	332	1	32	100	95	96	.	13.625
150	9	Re5	D5	327	327	1	16	200	95	96	.	13.6875
151	9	Do5	C5	318	318	1	16	200	95	96	.	13.75
152	9	Re5	D5	327	327	1	16	200	95	96	.	13.8125
153	9	Mi5b3	E5b4	333	332	1	16	200	95	96	.	13.875
154	9	Fa5	F5	340	340	1	16	200	95	96	.	13.9375
155	9	Sol5	G5	349	349	1	16	200	95	96	.	14
156	53			0	0	0	0	0	0	0		14
157	9	Si5b5	B5b5	362	362	3	32	300	95	96	.	14.09375
158	9	La5	A5	358	358	1	32	100	95	96	.	14.125
159	9	Sol5	G5	349	349	1	16	200	95	96	.	14.1875
160	9	La5	A5	358	358	1	16	200	95	96	.	14.25
161	9	Fa5	F5	340	340	1	8	400	95	96	.	14.375
162	9	Sol5	G5	349	349	1	8	400	95	96	.	14.5
163	9	Fa5	F5	340	340	3	32	300	95	96	.	14.59375
164	9	Mi5b4	E5b4	332	332	1	32	100	95	96	.	14.625
165	9	Mi5b3	E5b4	333	332	1	16	200	95	96	.	14.6875
166	9	Re5	D5	327	327	1	16	200	95	96	.	14.75
167	9	Re5	D5	327	327	1	8	400	95	96	.	14.875
168	9	Mi5b2	E5b1	334	335	1	16	200	95	96	.	14.9375
169	9	Fa5	F5	340	340	1	16	200	95	96	.	15
170	9	Sol5	G5	349	349	1	4	800	95	96	.	15.25
171	53			0	0	0	0	0	0	0		15.25
172	9	Fa5	F5	340	340	1	8	400	95	96	Mev	15.375
173	9	Sol5	G5	349	349	1	8	400	95	96	lam 	15.5
174	9	Sol5	G5	349	349	1	4	800	95	96	sa	15.75
175	9	Sol5	G5	349	349	3	32	300	99	96	býr	15.84375
176	9	Fa5	F5	340	340	1	32	100	99	96		15.875
177	9	Mi5b5	E5b5	331	331	1	16	200	99	96		15.9375
178	9	Re5	D5	327	327	1	16	200	99	96		16
179	9	Do5	C5	318	318	1	8	400	95	96		16.125
180	53			0	0	0	0	0	0	0		16.125
181	9	Re5	D5	327	327	1	16	200	99	96	lar 	16.1875
182	9	Mi5b3	E5b4	333	332	1	16	200	99	96		16.25
183	9	Fa5	F5	340	340	1	8	400	95	96		16.375
184	9	Sol5	G5	349	349	1	8	400	95	96	ver	16.5
185	9	Fa5	F5	340	340	3	32	300	99	96	sin 	16.59375
186	9	Mi5b5	E5b5	331	331	1	32	100	99	96		16.625
187	9	Mi5b5	E5b5	331	331	3	32	300	99	96		16.71875
188	9	Re5	D5	327	327	1	32	100	99	96		16.75
189	9	Re5	D5	327	327	3	32	300	99	96		16.84375
190	9	Do5	C5	318	318	1	32	100	99	96		16.875
191	9	Do5	C5	318	318	3	32	300	99	96		16.96875
192	9	Si4b5	B4b5	309	309	1	32	100	99	96		17
193	9	Si4b5	B4b5	309	309	1	8	400	95	96		17.125
194	9			-1	-1	1	8	400	100	0		17.25
195	53			0	0	0	0	0	0	0		17.25
196	9	Mi5b5	E5b5	331	331	1	8	400	95	96	Ya	17.375
197	8	Fa5	F5	340	340	0	0	0	95	96		17.375
198	9	Mi5b5	E5b5	331	331	1	16	200	95	96	rin	17.4375
199	9	Re5	D5	327	327	1	16	200	99	96	den 	17.5
200	9	Re5	D5	327	327	3	32	300	99	96		17.59375
201	9	Do5	C5	318	318	1	32	100	99	96		17.625
202	9	Do5	C5	318	318	1	16	200	99	96		17.6875
203	9	Si4b5	B4b5	309	309	1	16	200	95	96		17.75
204	9	Si4b5	B4b5	309	309	3	32	300	99	96	ay	17.84375
205	9	La4b4	A4b4	301	301	1	32	100	99	96		17.875
206	9	La4b4	A4b4	301	301	1	16	200	99	96		17.9375
207	9	Sol4	G4	296	296	1	16	200	99	96		18
208	9	Sol4	G4	296	296	1	8	400	95	96		18.125
209	9	Re5	D5	327	327	1	8	400	99	96	rýl	18.25
210	9	Do5	C5	318	318	1	8	400	99	96		18.375
211	9	Si4b5	B4b5	309	309	1	8	400	95	96		18.5
212	9	Si4b5	B4b5	309	309	1	16	200	99	96	mý	18.5625
213	9	La4b4	A4b4	301	301	1	16	200	99	96		18.625
214	9	La4b4	A4b4	301	301	1	16	200	99	96		18.6875
215	9	Sol4	G4	296	296	1	16	200	95	96		18.75
216	9	Sol5	G5	349	349	1	24	133	99	96	þa 	18.79167
217	9	Fa5	F5	340	340	1	24	133	99	96		18.83333
218	9	Mi5b4	E5b4	332	332	1	24	133	99	96		18.875
219	9	Mi5b4	E5b4	332	332	1	16	200	99	96		18.9375
220	9	Re5	D5	327	327	1	16	200	99	96		19
221	9	Re5	D5	327	327	1	8	400	95	96		19.125
222	9			-1	-1	1	8	400	100	0		19.25
223	53			0	0	0	0	0	0	0		19.25
224	9	Do5	C5	318	318	1	8	400	95	96	Mev	19.375
225	9	Re5	D5	327	327	1	8	400	95	96	lam 	19.5
226	9	Re5	D5	327	327	1	4	800	95	96	sa	19.75
227	9	Re5	D5	327	327	3	32	300	99	96	býr	19.84375
228	9	Mi5b4	E5b4	332	332	1	32	100	99	96		19.875
229	9	Re5	D5	327	327	1	16	200	99	96		19.9375
230	9	Mi5b4	E5b4	332	332	1	16	200	99	96		20
231	9	Do5	C5	318	318	1	8	400	95	96		20.125
232	53			0	0	0	0	0	0	0		20.125
233	9	Re5	D5	327	327	1	16	200	99	96	lar 	20.1875
234	9	Mi5b3	E5b4	333	332	1	16	200	99	96		20.25
235	9	Fa5	F5	340	340	1	8	400	95	96		20.375
236	9	Sol5	G5	349	349	1	8	400	95	96	ver	20.5
237	9	Fa5	F5	340	340	3	32	300	99	96	sin 	20.59375
238	9	Mi5b4	E5b4	332	332	1	32	100	99	96		20.625
239	9	Mi5b4	E5b4	332	332	1	16	200	99	96		20.6875
240	9	Re5	D5	327	327	1	16	200	99	96		20.75
241	9	Re5	D5	327	327	3	32	300	99	96		20.84375
242	9	Do5	C5	318	318	1	32	100	99	96		20.875
243	9	Do5	C5	318	318	1	16	200	99	96		20.9375
244	9	Si4b5	B4b5	309	309	1	16	200	95	96		21
245	9	Si4b5	B4b5	309	309	1	8	400	95	96		21.125
246	53			0	0	0	0	0	0	0		21.125
247	9			-1	-1	1	8	400	100	0		21.25
248	9	Mi5b5	E5b5	331	331	1	8	400	95	96	Ya	21.375
249	8	Fa5	F5	340	340	0	0	0	95	96		21.375
250	9	Mi5b5	E5b5	331	331	1	16	200	95	96	rin	21.4375
251	9	Re5	D5	327	327	1	16	200	99	96	den 	21.5
252	9	Re5	D5	327	327	1	8	400	99	96		21.625
253	9	Do5	C5	318	318	1	8	400	95	96		21.75
254	9	Si4b5	B4b5	309	309	1	8	400	99	96	ay	21.875
255	9	La4b4	A4b4	301	301	1	8	400	99	96		22
256	9	Sol4	G4	296	296	1	8	400	95	96		22.125
257	9	Re5	D5	327	327	1	8	400	99	96	rýl	22.25
258	9	Do5	C5	318	318	1	8	400	99	96		22.375
259	9	Si4b5	B4b5	309	309	1	8	400	95	96		22.5
260	9	Do5	C5	318	318	1	24	133	99	96	mý	22.54167
261	9	Si4b5	B4b5	309	309	1	24	133	99	96		22.58333
262	9	La4b4	A4b4	301	301	1	24	133	99	96		22.625
263	9	La4b4	A4b4	301	301	1	16	200	99	96		22.6875
264	9	Sol4	G4	296	296	1	16	200	95	96		22.75
265	9	Sol4	G4	296	296	1	4	800	95	96	þa 	23
266	53			0	0	0	0	0	0	0		23
267	9			-1	-1	1	8	400	100	0		23.125
268	9	Re5	D5	327	327	1	16	200	95	96	ARANAÐME	23.1875
269	9	Mi5b4	E5b4	332	332	1	16	200	95	96	.	23.25
270	9	Fa5	F5	340	340	3	32	300	95	96	.	23.34375
271	9	La5b5	A5b5	353	353	1	32	100	95	96	.	23.375
272	9	Sol5	G5	349	349	1	16	200	95	96	.	23.4375
273	9	Fa5	F5	340	340	1	16	200	95	96	.	23.5
274	9	Mi5b5	E5b5	331	331	3	32	300	95	96	.	23.59375
275	9	Re5	D5	327	327	1	32	100	95	96	.	23.625
276	9	Do5	C5	318	318	1	16	200	95	96	.	23.6875
277	9	Re5	D5	327	327	1	16	200	95	96	.	23.75
278	9	Si4b5	B4b5	309	309	1	4	800	95	96	.	24
279	53			0	0	0	0	0	0	0		24
280	9			-1	-1	1	8	400	100	0	.	24.125
281	9	Re5	D5	327	327	1	16	200	95	96	.	24.1875
282	9	Mi5b4	E5b4	332	332	1	16	200	95	96	.	24.25
283	9	Fa5	F5	340	340	3	32	300	95	96	.	24.34375
284	9	La5b5	A5b5	353	353	1	32	100	95	96	.	24.375
285	9	Sol5	G5	349	349	1	16	200	95	96	.	24.4375
286	9	Fa5	F5	340	340	1	16	200	95	96	.	24.5
287	9	Mi5b5	E5b5	331	331	3	32	300	95	96	.	24.59375
288	9	Re5	D5	327	327	1	32	100	95	96	.	24.625
289	9	Do5	C5	318	318	1	16	200	95	96	.	24.6875
290	9	Re5	D5	327	327	1	16	200	95	96	.	24.75
291	9	Sol5	G5	349	349	1	4	800	95	96	.	25
292	53			0	0	0	0	0	0	0		25
293	9			-1	-1	1	8	400	100	0	.	25.125
294	9	Re5	D5	327	327	1	16	200	95	96	.	25.1875
295	9	Mi5b4	E5b4	332	332	1	16	200	95	96	.	25.25
296	9	Fa5	F5	340	340	3	32	300	95	96	.	25.34375
297	9	La5b5	A5b5	353	353	1	32	100	95	96	.	25.375
298	9	Sol5	G5	349	349	1	16	200	95	96	.	25.4375
299	9	Fa5	F5	340	340	1	16	200	95	96	.	25.5
300	9	Mi5b5	E5b5	331	331	3	32	300	95	96	.	25.59375
301	9	Re5	D5	327	327	1	32	100	95	96	.	25.625
302	9	Do5	C5	318	318	1	16	200	95	96	.	25.6875
303	9	Re5	D5	327	327	1	16	200	95	96	.	25.75
304	9	Si4b5	B4b5	309	309	1	8	400	95	96	.	25.875
305	9	La4b4	A4b4	301	301	1	16	200	95	96	.	25.9375
306	9	Sol4	G4	296	296	1	16	200	95	96	.	26
307	9	Sol4	G4	296	296	1	8	400	95	96	.	26.125
308	53			0	0	0	0	0	0	0		26.125
309	9	Mi5b5	E5b5	331	331	1	4	800	95	96	.	26.375
310	9	Re5	D5	327	327	1	16	200	95	96	.	26.4375
311	9	Do5	C5	318	318	1	16	200	95	96	.	26.5
312	9	Si4b5	B4b5	309	309	3	32	300	95	96	.	26.59375
313	9	La4b4	A4b4	301	301	1	32	100	95	96	.	26.625
314	9	La4b4	A4b4	301	301	1	16	200	95	96	.	26.6875
315	9	Sol4	G4	296	296	1	16	200	95	96	.	26.75
316	9	Sol4	G4	296	296	1	4	800	95	96	.	27
317	53			0	0	0	0	0	0	0		27
318	9			-1	-1	1	8	400	100	0		27.125
319	9	Re5	D5	327	327	1	16	200	95	96	ARANAÐME	27.1875
320	9	Mi5b4	E5b4	332	332	1	16	200	95	96	.	27.25
321	9	Fa5	F5	340	340	3	32	300	95	96	.	27.34375
322	9	La5b5	A5b5	353	353	1	32	100	95	96	.	27.375
323	9	Sol5	G5	349	349	1	16	200	95	96	.	27.4375
324	9	Fa5	F5	340	340	1	16	200	95	96	.	27.5
325	9	Mi5b5	E5b5	331	331	3	32	300	95	96	.	27.59375
326	9	Re5	D5	327	327	1	32	100	95	96	.	27.625
327	9	Do5	C5	318	318	1	16	200	95	96	.	27.6875
328	9	Re5	D5	327	327	1	16	200	95	96	.	27.75
329	9	Si4b5	B4b5	309	309	1	4	800	95	96	.	28
330	53			0	0	0	0	0	0	0		28
331	9			-1	-1	1	8	400	100	0	.	28.125
332	9	Re5	D5	327	327	1	16	200	95	96	.	28.1875
333	9	Mi5b4	E5b4	332	332	1	16	200	95	96	.	28.25
334	9	Fa5	F5	340	340	3	32	300	95	96	.	28.34375
335	9	La5b5	A5b5	353	353	1	32	100	95	96	.	28.375
336	9	Sol5	G5	349	349	1	16	200	95	96	.	28.4375
337	9	Fa5	F5	340	340	1	16	200	95	96	.	28.5
338	9	Mi5b5	E5b5	331	331	3	32	300	95	96	.	28.59375
339	9	Re5	D5	327	327	1	32	100	95	96	.	28.625
340	9	Do5	C5	318	318	1	16	200	95	96	.	28.6875
341	9	Re5	D5	327	327	1	16	200	95	96	.	28.75
342	9	Sol5	G5	349	349	1	4	800	95	96	.	29
343	53			0	0	0	0	0	0	0		29
344	9			-1	-1	1	8	400	100	0	.	29.125
345	9	Re5	D5	327	327	1	16	200	95	96	.	29.1875
346	9	Mi5b4	E5b4	332	332	1	16	200	95	96	.	29.25
347	9	Fa5	F5	340	340	3	32	300	95	96	.	29.34375
348	9	La5b5	A5b5	353	353	1	32	100	95	96	.	29.375
349	9	Sol5	G5	349	349	1	16	200	95	96	.	29.4375
350	9	Fa5	F5	340	340	1	16	200	95	96	.	29.5
351	9	Mi5b5	E5b5	331	331	3	32	300	95	96	.	29.59375
352	9	Re5	D5	327	327	1	32	100	95	96	.	29.625
353	9	Do5	C5	318	318	1	16	200	95	96	.	29.6875
354	9	Re5	D5	327	327	1	16	200	95	96	.	29.75
355	9	Si4b5	B4b5	309	309	1	8	400	95	96	.	29.875
356	9	La4b4	A4b4	301	301	1	16	200	95	96	.	29.9375
357	9	Sol4	G4	296	296	1	16	200	95	96	.	30
358	9	Sol4	G4	296	296	1	8	400	95	96	.	30.125
359	53			0	0	0	0	0	0	0		30.125
360	9	Mi5b5	E5b5	331	331	1	4	800	95	96	.	30.375
361	9	Re5	D5	327	327	1	16	200	95	96	.	30.4375
362	9	Do5	C5	318	318	1	16	200	95	96	.	30.5
363	9	Si4b5	B4b5	309	309	3	32	300	95	96	.	30.59375
364	9	La4b4	A4b4	301	301	1	32	100	95	96	.	30.625
365	9	La4b4	A4b4	301	301	1	16	200	95	96	.	30.6875
366	9	Sol4	G4	296	296	1	16	200	95	96	.	30.75
367	9	Sol4	G4	296	296	1	4	800	95	96	.	31
368	53			0	0	0	0	0	0	0		31
369	9	Fa5	F5	340	340	1	8	400	95	96	Hey 	31.125
370	9	Sol5	G5	349	349	7	8	2800	95	96	hey 	32
371	53			0	0	0	0	0	0	0		32
372	9			-1	-1	1	4	800	100	0		32.25
373	9	Fa5	F5	340	340	1	8	400	95	96	Ba	32.375
374	9	Sol5	G5	349	349	1	8	400	95	96	ða 	32.5
375	9	Sol5	G5	349	349	1	4	800	95	96	gir	32.75
376	9	Sol5	G5	349	349	1	4	800	100	96	dim 	33
377	9	Sol5	G5	349	349	3	16	600	99	96		33.1875
378	9	Fa5	F5	340	340	1	16	200	95	96		33.25
379	9	Sol5	G5	349	349	1	8	400	95	96	ka	33.375
380	9	La5b1	A5b1	357	357	1	8	400	95	96	mý	33.5
381	9	Si5b5	B5b5	362	362	1	8	400	99	96	þa 	33.625
382	9	La5b1	A5b1	357	357	1	8	400	99	96		33.75
383	9	Sol5	G5	349	349	1	8	400	99	96		33.875
384	9	Fa5	F5	340	340	1	8	400	99	96		34
385	9	Mi5b3	E5b4	333	332	1	8	400	99	96		34.125
386	9	Re5	D5	327	327	1	8	400	95	96		34.25
387	53			0	0	0	0	0	0	0		34.25
388	9	Si5b5	B5b5	362	362	1	8	400	95	96	Su 	34.375
389	8	Do6	C6	371	371	0	0	0	95	96		34.375
390	9	Si5b5	B5b5	362	362	1	16	200	99	96	ne 	34.4375
391	9	La5	A5	358	358	1	16	200	95	96		34.5
392	9	La5	A5	358	358	1	8	400	99	96	yap	34.625
393	9	Sol5	G5	349	349	1	8	400	99	96		34.75
394	9	Fa5	F5	340	340	1	8	400	99	96	sýn 	34.875
395	9	Mi5b3	E5b4	333	332	1	8	400	99	96		35
396	9	Re5	D5	327	327	1	8	400	95	96		35.125
397	53			0	0	0	0	0	0	0		35.125
398	9	La5	A5	358	358	1	8	400	99	96	yan	35.25
399	9	Sol5	G5	349	349	1	8	400	99	96		35.375
400	9	Fa5	F5	340	340	1	8	400	95	96		35.5
401	9	Sol5	G5	349	349	1	24	133	99	96	mý	35.54167
402	9	Fa5	F5	340	340	1	24	133	99	96		35.58333
403	9	Mi5b3	E5b4	333	332	1	24	133	99	96		35.625
404	9	Mi5b3	E5b4	333	332	1	16	200	99	96		35.6875
405	9	Re5	D5	327	327	1	16	200	95	96		35.75
406	9	Re5	D5	327	327	1	4	800	95	96	þa 	36
407	53			0	0	0	0	0	0	0		36
408	9	Si5b5	B5b5	362	362	3	32	300	95	96	SAZ	36.09375
409	9	La5	A5	358	358	1	32	100	95	96	.	36.125
410	9	Sol5	G5	349	349	1	16	200	95	96	.	36.1875
411	9	La5	A5	358	358	1	16	200	95	96	.	36.25
412	9	Fa5	F5	340	340	1	8	400	95	96	.	36.375
413	9	Sol5	G5	349	349	1	8	400	95	96	.	36.5
414	9	Fa5	F5	340	340	3	32	300	95	96	.	36.59375
415	9	Mi5b3	E5b4	333	332	1	32	100	95	96	.	36.625
416	9	Re5	D5	327	327	1	16	200	95	96	.	36.6875
417	9	Do5	C5	318	318	1	16	200	95	96	.	36.75
418	9	Re5	D5	327	327	1	16	200	95	96	.	36.8125
419	9	Mi5b3	E5b4	333	332	1	16	200	95	96	.	36.875
420	9	Fa5	F5	340	340	1	16	200	95	96	.	36.9375
421	9	Sol5	G5	349	349	1	16	200	95	96	.	37
422	53			0	0	0	0	0	0	0		37
423	9	Si5b5	B5b5	362	362	3	32	300	95	96	.	37.09375
424	9	La5	A5	358	358	1	32	100	95	96	.	37.125
425	9	Sol5	G5	349	349	1	16	200	95	96	.	37.1875
426	9	La5	A5	358	358	1	16	200	95	96	.	37.25
427	9	Fa5	F5	340	340	1	8	400	95	96	.	37.375
428	9	Sol5	G5	349	349	1	8	400	95	96	.	37.5
429	9	Fa5	F5	340	340	3	32	300	95	96	.	37.59375
430	9	Mi5b4	E5b4	332	332	1	32	100	95	96	.	37.625
431	9	Mi5b3	E5b4	333	332	1	16	200	95	96	.	37.6875
432	9	Re5	D5	327	327	1	16	200	95	96	.	37.75
433	9	Re5	D5	327	327	1	8	400	95	96	.	37.875
434	9	Mi5b2	E5b1	334	335	1	16	200	95	96	.	37.9375
435	9	Fa5	F5	340	340	1	16	200	95	96	.	38
436	9	Sol5	G5	349	349	1	4	800	95	96	.	38.25
437	53			0	0	0	0	0	0	0		38.25
438	9	Fa5	F5	340	340	1	8	400	95	96	Mev	38.375
439	9	Sol5	G5	349	349	1	8	400	95	96	lam 	38.5
440	9	Sol5	G5	349	349	1	4	800	95	96	sa	38.75
441	9	Sol5	G5	349	349	3	32	300	99	96	býr	38.84375
442	9	Fa5	F5	340	340	1	32	100	99	96		38.875
443	9	Mi5b5	E5b5	331	331	1	16	200	99	96		38.9375
444	9	Re5	D5	327	327	1	16	200	99	96		39
445	9	Do5	C5	318	318	1	8	400	95	96		39.125
446	53			0	0	0	0	0	0	0		39.125
447	9	Re5	D5	327	327	1	16	200	99	96	lar 	39.1875
448	9	Mi5b3	E5b4	333	332	1	16	200	99	96		39.25
449	9	Fa5	F5	340	340	1	8	400	95	96		39.375
450	9	Sol5	G5	349	349	1	8	400	95	96	ver	39.5
451	9	Fa5	F5	340	340	3	32	300	99	96	sin 	39.59375
452	9	Mi5b5	E5b5	331	331	1	32	100	99	96		39.625
453	9	Mi5b5	E5b5	331	331	3	32	300	99	96		39.71875
454	9	Re5	D5	327	327	1	32	100	99	96		39.75
455	9	Re5	D5	327	327	3	32	300	99	96		39.84375
456	9	Do5	C5	318	318	1	32	100	99	96		39.875
457	9	Do5	C5	318	318	3	32	300	99	96		39.96875
458	9	Si4b5	B4b5	309	309	1	32	100	99	96		40
459	9	Si4b5	B4b5	309	309	1	8	400	95	96		40.125
460	9			-1	-1	1	8	400	100	0		40.25
461	53			0	0	0	0	0	0	0		40.25
462	9	Mi5b5	E5b5	331	331	1	8	400	95	96	Ya	40.375
463	8	Fa5	F5	340	340	0	0	0	95	96		40.375
464	9	Mi5b5	E5b5	331	331	1	16	200	95	96	rin	40.4375
465	9	Re5	D5	327	327	1	16	200	99	96	den 	40.5
466	9	Re5	D5	327	327	3	32	300	99	96		40.59375
467	9	Do5	C5	318	318	1	32	100	99	96		40.625
468	9	Do5	C5	318	318	1	16	200	99	96		40.6875
469	9	Si4b5	B4b5	309	309	1	16	200	95	96		40.75
470	9	Si4b5	B4b5	309	309	3	32	300	99	96	ay	40.84375
471	9	La4b4	A4b4	301	301	1	32	100	99	96		40.875
472	9	La4b4	A4b4	301	301	1	16	200	99	96		40.9375
473	9	Sol4	G4	296	296	1	16	200	99	96		41
474	9	Sol4	G4	296	296	1	8	400	95	96		41.125
475	9	Re5	D5	327	327	1	8	400	99	96	rýl	41.25
476	9	Do5	C5	318	318	1	8	400	99	96		41.375
477	9	Si4b5	B4b5	309	309	1	8	400	95	96		41.5
478	9	Si4b5	B4b5	309	309	1	16	200	99	96	mý	41.5625
479	9	La4b4	A4b4	301	301	1	16	200	99	96		41.625
480	9	La4b4	A4b4	301	301	1	16	200	99	96		41.6875
481	9	Sol4	G4	296	296	1	16	200	95	96		41.75
482	9	Sol5	G5	349	349	1	24	133	99	96	þa 	41.79167
483	9	Fa5	F5	340	340	1	24	133	99	96		41.83333
484	9	Mi5b4	E5b4	332	332	1	24	133	99	96		41.875
485	9	Mi5b4	E5b4	332	332	1	16	200	99	96		41.9375
486	9	Re5	D5	327	327	1	16	200	99	96		42
487	9	Re5	D5	327	327	1	8	400	95	96		42.125
488	9			-1	-1	1	8	400	100	0		42.25
489	53			0	0	0	0	0	0	0		42.25
490	9	Do5	C5	318	318	1	8	400	95	96	Mev	42.375
491	9	Re5	D5	327	327	1	8	400	95	96	lam 	42.5
492	9	Re5	D5	327	327	1	4	800	95	96	sa	42.75
493	9	Re5	D5	327	327	3	32	300	99	96	býr	42.84375
494	9	Mi5b4	E5b4	332	332	1	32	100	99	96		42.875
495	9	Re5	D5	327	327	1	16	200	99	96		42.9375
496	9	Mi5b4	E5b4	332	332	1	16	200	99	96		43
497	9	Do5	C5	318	318	1	8	400	95	96		43.125
498	53			0	0	0	0	0	0	0		43.125
499	9	Re5	D5	327	327	1	16	200	99	96	lar 	43.1875
500	9	Mi5b3	E5b4	333	332	1	16	200	99	96		43.25
501	9	Fa5	F5	340	340	1	8	400	95	96		43.375
502	9	Sol5	G5	349	349	1	8	400	95	96	ver	43.5
503	9	Fa5	F5	340	340	3	32	300	99	96	sin 	43.59375
504	9	Mi5b4	E5b4	332	332	1	32	100	99	96		43.625
505	9	Mi5b4	E5b4	332	332	1	16	200	99	96		43.6875
506	9	Re5	D5	327	327	1	16	200	99	96		43.75
507	9	Re5	D5	327	327	3	32	300	99	96		43.84375
508	9	Do5	C5	318	318	1	32	100	99	96		43.875
509	9	Do5	C5	318	318	1	16	200	99	96		43.9375
510	9	Si4b5	B4b5	309	309	1	16	200	95	96		44
511	9	Si4b5	B4b5	309	309	1	8	400	95	96		44.125
512	53			0	0	0	0	0	0	0		44.125
513	9			-1	-1	1	8	400	100	0		44.25
514	9	Mi5b5	E5b5	331	331	1	8	400	95	96	Ya	44.375
515	8	Fa5	F5	340	340	0	0	0	95	96		44.375
516	9	Mi5b5	E5b5	331	331	1	16	200	95	96	rin	44.4375
517	9	Re5	D5	327	327	1	16	200	99	96	den 	44.5
518	9	Re5	D5	327	327	1	8	400	99	96		44.625
519	9	Do5	C5	318	318	1	8	400	95	96		44.75
520	9	Si4b5	B4b5	309	309	1	8	400	99	96	ay	44.875
521	9	La4b4	A4b4	301	301	1	8	400	99	96		45
522	9	Sol4	G4	296	296	1	8	400	95	96		45.125
523	9	Re5	D5	327	327	1	8	400	99	96	rýl	45.25
524	9	Do5	C5	318	318	1	8	400	99	96		45.375
525	9	Si4b5	B4b5	309	309	1	8	400	95	96		45.5
526	9	Do5	C5	318	318	1	24	133	99	96	mý	45.54167
527	9	Si4b5	B4b5	309	309	1	24	133	99	96		45.58333
528	9	La4b4	A4b4	301	301	1	24	133	99	96		45.625
529	9	La4b4	A4b4	301	301	1	16	200	99	96		45.6875
530	9	Sol4	G4	296	296	1	16	200	95	96		45.75
531	9	Sol4	G4	296	296	1	4	800	95	96	þa 	46
532	53			0	0	0	0	0	0	0		46
