Sýra	Kod	Nota53	NotaAE	Koma53	KomaAE	Pay	Payda	Ms	LNS	Bas	Soz1	Offset
1	9	Fa5	F5	340	340	1	4	833	95	96	1. HANE	0.125
2	9	Sol5	G5	349	349	1	4	833	95	96		0.25
3	9	Sol5	G5	349	349	1	8	417	95	96		0.3125
4	9	La5b5	A5b5	353	353	1	8	417	95	96		0.375
5	9	Sol5	G5	349	349	1	8	417	95	96		0.4375
6	9	Fa5	F5	340	340	1	8	417	95	96		0.5
7	9	Sol5	G5	349	349	3	16	625	95	96		0.59375
8	9	Fa5	F5	340	340	1	16	208	95	96		0.625
9	9	Mi5b5	E5b5	331	331	1	8	417	95	96		0.6875
10	9	Fa5	F5	340	340	1	8	417	95	96		0.75
11	9	Sol5	G5	349	349	3	32	312	95	96		0.796875
12	9	Si5b5	B5b5	362	362	1	32	104	95	96		0.8125
13	9	La5b5	A5b5	353	353	1	16	208	95	96		0.84375
14	9	Sol5	G5	349	349	1	16	208	95	96		0.875
15	9	Sol5	G5	349	349	1	4	833	95	96		1
16	53			0	0	0	0	0	0	0		1
17	9			-1	-1	1	8	417	100	0		1.0625
18	9	Sol5	G5	349	349	1	16	208	95	96		1.09375
19	9	La5b5	A5b5	353	353	1	16	208	95	96		1.125
20	9	Do6	C6	371	371	1	8	417	95	96		1.1875
21	9	Si5b5	B5b5	362	362	1	8	417	95	96		1.25
22	9	La5b5	A5b5	353	353	1	8	417	95	96		1.3125
23	9	Sol5	G5	349	349	1	8	417	95	96		1.375
24	9	Fa5	F5	340	340	1	8	417	95	96		1.4375
25	9	Mi5b5	E5b5	331	331	1	8	417	95	96		1.5
26	9	Fa5	F5	340	340	1	8	417	95	96		1.5625
27	9	Sol5	G5	349	349	1	4	833	95	96		1.6875
28	9	Sol5	G5	349	349	1	16	208	95	96		1.71875
29	9	Fa5	F5	340	340	1	16	208	95	96		1.75
30	9	Fa5	F5	340	340	1	16	208	95	96		1.78125
31	9	Mi5b5	E5b5	331	331	1	16	208	95	96		1.8125
32	9	Mi5b5	E5b5	331	331	1	16	208	95	96		1.84375
33	9	Re5	D5	327	327	1	16	208	95	96		1.875
34	9	Mi5b5	E5b5	331	331	1	8	417	99	96		1.9375
35	9	Fa5	F5	340	340	1	8	417	95	96		2
36	9	Mi5b5	E5b5	331	331	1	4	833	95	96		2.125
37	53			0	0	0	0	0	0	0		2.125
38	9	Fa5	F5	340	340	1	8	417	95	96		2.1875
39	9	Sol5	G5	349	349	1	8	417	95	96		2.25
40	9	La5b5	A5b5	353	353	1	16	208	95	96		2.28125
41	9	Sol5	G5	349	349	1	16	208	95	96		2.3125
42	9	La5b5	A5b5	353	353	1	16	208	95	96		2.34375
43	9	Si5b5	B5b5	362	362	1	16	208	95	96		2.375
44	9	Sol5	G5	349	349	1	8	417	95	96		2.4375
45	9	Fa5	F5	340	340	1	8	417	95	96		2.5
46	9	Fa5	F5	340	340	1	8	417	95	96		2.5625
47	9	Sol5	G5	349	349	1	16	208	95	96		2.59375
48	9	Fa5	F5	340	340	1	16	208	95	96		2.625
49	9	Mi5b5	E5b5	331	331	1	8	417	95	96		2.6875
50	9	Re5	D5	327	327	1	8	417	95	96		2.75
51	9	Fa5	F5	340	340	1	16	208	95	96		2.78125
52	9	Mi5b5	E5b5	331	331	1	16	208	95	96		2.8125
53	9	Re5	D5	327	327	1	16	208	95	96		2.84375
54	9	Do5	C5	318	318	1	16	208	95	96		2.875
55	9	Re5	D5	327	327	1	4	833	95	96		3
56	53			0	0	0	0	0	0	0		3
57	9			-1	-1	1	8	417	100	0		3.0625
58	9	Sol5	G5	349	349	1	8	417	95	96		3.125
59	9	Fa5	F5	340	340	1	8	417	95	96		3.1875
60	9	Mi5b5	E5b5	331	331	1	8	417	95	96		3.25
61	9	Re5	D5	327	327	3	16	625	95	96		3.34375
62	9	Do5	C5	318	318	1	16	208	95	96		3.375
63	9	Do5	C5	318	318	3	32	312	95	96		3.421875
64	9	Mi5b5	E5b5	331	331	1	32	104	95	96		3.4375
65	9	Re5	D5	327	327	1	16	208	95	96		3.46875
66	9	Do5	C5	318	318	1	16	208	95	96		3.5
67	9	Do5	C5	318	318	3	32	312	95	96		3.546875
68	9	Si4b5	B4b5	309	309	1	32	104	95	96		3.5625
69	9	Do5	C5	318	318	1	16	208	95	96		3.59375
70	9	Re5	D5	327	327	1	16	208	95	96		3.625
71	9	Si4b5	B4b5	309	309	1	8	417	95	96		3.6875
72	9	La4b5	A4b5	300	300	1	8	417	95	96		3.75
73	9	Sol4	G4	296	296	1	8	417	95	96		3.8125
74	9	Fa4	F4	287	287	1	8	417	95	96		3.875
75	9	Do5	C5	318	318	1	4	833	100	96		4
76	9	Do5	C5	318	318	1	4	833	95	96		4.125
77	53			0	0	0	0	0	0	0		4.125
78	9	Re5	D5	327	327	3	16	625	95	96		4.21875
79	9	Mi5b5	E5b5	331	331	1	16	208	95	96		4.25
80	9	Fa5	F5	340	340	1	8	417	95	96		4.3125
81	9	Sol5	G5	349	349	1	8	417	95	96		4.375
82	9	La5b5	A5b5	353	353	1	8	417	95	96		4.4375
83	9	Sol5	G5	349	349	1	8	417	95	96		4.5
84	9	Fa5	F5	340	340	1	8	417	95	96		4.5625
85	9	Mi5b5	E5b5	331	331	1	8	417	95	96		4.625
86	9	Re5	D5	327	327	1	8	417	95	96		4.6875
87	9	Do5	C5	318	318	1	8	417	95	96		4.75
88	9	Fa5	F5	340	340	1	16	208	95	96		4.78125
89	9	Mi5b5	E5b5	331	331	1	16	208	95	96		4.8125
90	9	Re5	D5	327	327	1	16	208	95	96		4.84375
91	9	Do5	C5	318	318	1	16	208	95	96		4.875
92	9	Si4b5	B4b5	309	309	1	4	833	95	96		5
93	53			0	0	0	0	0	0	0		5
94	9	Do5	C5	318	318	1	16	208	95	96		5.03125
95	9	Re5	D5	327	327	1	16	208	95	96		5.0625
96	9	Mi5b5	E5b5	331	331	1	4	833	95	96		5.1875
97	9	Mi5b5	E5b5	331	331	1	16	208	95	96		5.21875
98	9	Re5	D5	327	327	1	16	208	95	96		5.25
99	9	Re5	D5	327	327	3	16	625	95	96		5.34375
100	9	Do5	C5	318	318	1	16	208	95	96		5.375
101	9	Sol5	G5	349	349	1	16	208	95	96		5.40625
102	9	Fa5	F5	340	340	1	16	208	95	96		5.4375
103	9	Mi5b5	E5b5	331	331	1	16	208	95	96		5.46875
104	9	Re5	D5	327	327	1	16	208	95	96		5.5
105	9	Re5	D5	327	327	1	8	417	95	96		5.5625
106	9	Do5	C5	318	318	1	16	208	95	96		5.59375
107	9	Re5	D5	327	327	1	16	208	95	96		5.625
108	9	Do5	C5	318	318	1	8	417	95	96		5.6875
109	9	Si4b5	B4b5	309	309	1	8	417	95	96		5.75
110	9	Do5	C5	318	318	3	32	312	95	96		5.796875
111	9	Mi5b5	E5b5	331	331	1	32	104	95	96		5.8125
112	9	Re5	D5	327	327	1	16	208	95	96		5.84375
113	9	Do5	C5	318	318	1	16	208	95	96		5.875
114	9	Do5	C5	318	318	1	4	833	95	96		6
115	53			0	0	0	0	0	0	0		6
116	9	Si4b5	B4b5	309	309	1	16	208	95	96		6.03125
117	9	Re5	D5	327	327	1	16	208	95	96	TESLÝM	6.0625
118	9	Do5	C5	318	318	1	16	208	95	96		6.09375
119	9	Re5	D5	327	327	1	16	208	95	96		6.125
120	9	Si4b5	B4b5	309	309	1	16	208	95	96		6.15625
121	9	La4b5	A4b5	300	300	1	16	208	95	96		6.1875
122	9	Sol4	G4	296	296	1	16	208	95	96		6.21875
123	9	Fa4	F4	287	287	1	16	208	95	96		6.25
124	9	Sol4	G4	296	296	3	16	625	95	96		6.34375
125	9	La4b5	A4b5	300	300	1	16	208	95	96		6.375
126	9	Si4b5	B4b5	309	309	1	8	417	95	96		6.4375
127	9	Do5	C5	318	318	1	8	417	95	96		6.5
128	9	Re5	D5	327	327	1	16	208	95	96		6.53125
129	9	Mi5b5	E5b5	331	331	1	16	208	95	96		6.5625
130	9	Fa5	F5	340	340	1	16	208	95	96		6.59375
131	9	Sol5	G5	349	349	1	16	208	95	96		6.625
132	9	Fa5	F5	340	340	1	16	208	95	96		6.65625
133	9	Mi5b5	E5b5	331	331	1	16	208	95	96		6.6875
134	9	Re5	D5	327	327	1	16	208	95	96		6.71875
135	9	Do5	C5	318	318	1	16	208	95	96		6.75
136	9	Do5	C5	318	318	1	16	208	95	96		6.78125
137	9	Si4b5	B4b5	309	309	1	16	208	95	96		6.8125
138	9	Si4b5	B4b5	309	309	1	16	208	95	96		6.84375
139	9	La4	A4	305	305	1	16	208	95	96		6.875
140	9	Si4b5	B4b5	309	309	1	4	833	95	96		7
141	53			0	0	0	0	0	0	0		7
142	9			-1	-1	1	8	417	100	0		7.0625
143	9	Fa5	F5	340	340	1	16	208	95	96		7.09375
144	9	Mi5b5	E5b5	331	331	1	16	208	95	96		7.125
145	9	Mi5b5	E5b5	331	331	1	16	208	95	96		7.15625
146	9	Re5	D5	327	327	1	16	208	95	96		7.1875
147	9	Re5	D5	327	327	1	16	208	95	96		7.21875
148	9	Do5	C5	318	318	1	16	208	95	96		7.25
149	9	Do5	C5	318	318	1	16	208	95	96		7.28125
150	9	Si4b5	B4b5	309	309	1	16	208	95	96		7.3125
151	9	Si4b5	B4b5	309	309	1	16	208	95	96		7.34375
152	9	La4b5	A4b5	300	300	1	16	208	95	96		7.375
153	9	La4b5	A4b5	300	300	1	16	208	95	96		7.40625
154	9	Sol4	G4	296	296	1	16	208	95	96		7.4375
155	9	Sol4	G4	296	296	1	16	208	95	96		7.46875
156	9	Fa4	F4	287	287	1	16	208	95	96		7.5
157	9	Sol4	G4	296	296	1	16	208	95	96		7.53125
158	9	La4b5	A4b5	300	300	1	16	208	95	96		7.5625
159	9	Si4b5	B4b5	309	309	1	16	208	95	96		7.59375
160	9	Do5	C5	318	318	1	16	208	95	96		7.625
161	54			0	0	0	0	0	0	0	nikriz@la4#4	7.625
162	9	Fa5	F5	340	340	1	16	208	95	96		7.65625
163	9	Mi5b1	E5b1	335	335	1	16	208	95	96		7.6875
164	9	Re5b4	D5b4	323	323	1	16	208	95	96		7.71875
165	9	Do5	C5	318	318	1	16	208	95	96		7.75
166	9	Do5	C5	318	318	1	16	208	95	96		7.78125
167	9	Si4b5	B4b5	309	309	1	16	208	95	96		7.8125
168	9	Si4b5	B4b5	309	309	1	16	208	95	96		7.84375
169	9	La4	A4	305	305	1	16	208	95	96		7.875
170	55			0	0	0	0	0	0	0		7.875
171	9	Si4b5	B4b5	309	309	1	16	208	95	96		7.90625
172	9	Re5	D5	327	327	1	8	417	95	96		7.96875
173	9	Do5	C5	318	318	1	16	208	95	96		8
174	9	Si4b5	B4b5	309	309	1	4	833	95	96		8.125
175	53			0	0	0	0	0	0	0		8.125
176	9	Do5	C5	318	318	1	8	417	95	96		8.1875
177	9	Re5	D5	327	327	1	8	417	95	96		8.25
178	9	Mi5b5	E5b5	331	331	1	8	417	95	96		8.3125
179	9	Sol5	G5	349	349	1	8	417	95	96		8.375
180	9	Fa5	F5	340	340	1	8	417	95	96		8.4375
181	9	Mi5b5	E5b5	331	331	1	8	417	95	96		8.5
182	9	Re5	D5	327	327	1	8	417	95	96		8.5625
183	9	Do5	C5	318	318	1	8	417	95	96		8.625
184	9	Do5	C5	318	318	1	8	417	95	96		8.6875
185	9	Re5	D5	327	327	1	8	417	95	96		8.75
186	9	Si4b5	B4b5	309	309	1	8	417	95	96		8.8125
187	9	Do5	C5	318	318	1	16	208	95	96		8.84375
188	9	Si4b5	B4b5	309	309	1	16	208	95	96		8.875
189	9	La4b5	A4b5	300	300	1	16	208	95	96		8.90625
190	9	Sol4	G4	296	296	1	16	208	95	96		8.9375
191	9	Fa4	F4	287	287	1	8	417	95	96		9
192	53			0	0	0	0	0	0	0		9
193	9	Mi5b5	E5b5	331	331	1	16	208	95	96	2. Haneye	9.03125
194	9	Re5	D5	327	327	1	16	208	95	96		9.0625
195	9	Do5	C5	318	318	1	4	833	95	96		9.1875
196	9	Si4b5	B4b5	309	309	1	16	208	95	96		9.21875
197	9	La4b5	A4b5	300	300	1	16	208	95	96		9.25
198	9	Sol4	G4	296	296	1	16	208	95	96		9.28125
199	9	La4b5	A4b5	300	300	1	16	208	95	96		9.3125
200	9	Si4b5	B4b5	309	309	1	4	833	95	96		9.4375
201	9	La4b5	A4b5	300	300	1	16	208	95	96		9.46875
202	9	Sol4	G4	296	296	1	16	208	95	96		9.5
203	53			0	0	0	0	0	0	0		9.5
204	54			0	0	0	0	0	0	0	hicaz@re5	9.5
205	9	Sol4	G4	296	296	3	8	1250	95	96		9.6875
206	9	La5	A5	358	358	1	16	208	95	96		9.71875
207	9	Si5b5	B5b5	362	362	1	16	208	95	96		9.75
208	9	La5	A5	358	358	1	16	208	95	96		9.78125
209	9	Sol5	G5	349	349	1	16	208	95	96		9.8125
210	9	Fa5#4	F5#4	344	344	1	16	208	95	96		9.84375
211	9	Sol5	G5	349	349	1	16	208	95	96		9.875
212	9	La5	A5	358	358	1	4	833	95	96		10
213	53			0	0	0	0	0	0	0		10
214	9			-1	-1	1	4	833	100	0		10.125
215	9	Si5b5	B5b5	362	362	1	16	208	95	96	2. HANE	10.15625
216	9	La5	A5	358	358	1	16	208	95	96		10.1875
217	9	Sol5	G5	349	349	1	16	208	95	96		10.21875
218	9	Fa5#4	F5#4	344	344	1	16	208	95	96		10.25
219	9	Sol5	G5	349	349	1	4	833	95	96		10.375
220	9	La5	A5	358	358	1	4	833	95	96		10.5
221	53			0	0	0	0	0	0	0		10.5
222	9	Si5b5	B5b5	362	362	1	16	208	95	96		10.53125
223	9	La5	A5	358	358	1	16	208	95	96		10.5625
224	9	Si5b5	B5b5	362	362	1	16	208	95	96		10.59375
225	9	Do6	C6	371	371	1	16	208	95	96		10.625
226	9	La5	A5	358	358	1	8	417	95	96		10.6875
227	9	Sol5	G5	349	349	1	8	417	95	96		10.75
228	9	Fa5#4	F5#4	344	344	3	16	625	95	96		10.84375
229	9	Mi5b5	E5b5	331	331	1	16	208	95	96		10.875
230	9	Re5	D5	327	327	1	4	833	95	96		11
231	53			0	0	0	0	0	0	0		11
232	9			-1	-1	1	4	833	100	0		11.125
233	9	Mi5b5	E5b5	331	331	1	16	208	95	96		11.15625
234	9	Re5	D5	327	327	1	16	208	95	96		11.1875
235	9	Do5	C5	318	318	1	16	208	95	96		11.21875
236	9	Si4b1	B4b1	313	313	1	16	208	95	96		11.25
237	9	Do5	C5	318	318	1	8	417	95	96		11.3125
238	9	Re5	D5	327	327	1	8	417	95	96		11.375
239	9	Mi5b5	E5b5	331	331	1	8	417	95	96		11.4375
240	9	Fa5#4	F5#4	344	344	1	8	417	95	96		11.5
241	9	Sol5	G5	349	349	1	8	417	95	96		11.5625
242	9	La5	A5	358	358	1	16	208	95	96		11.59375
243	9	Si5b1	B5b1	366	366	1	16	208	95	96		11.625
244	9	Do6	C6	371	371	1	8	417	95	96		11.6875
245	9	Si5b5	B5b5	362	362	1	16	208	95	96		11.71875
246	9	La5	A5	358	358	1	16	208	95	96		11.75
247	9	La5	A5	358	358	1	16	208	95	96		11.78125
248	9	Sol5	G5	349	349	1	16	208	95	96		11.8125
249	9	Sol5	G5	349	349	1	16	208	95	96		11.84375
250	9	Fa5#4	F5#4	344	344	1	16	208	95	96		11.875
251	9	Sol5	G5	349	349	1	4	833	95	96		12
252	55			0	0	0	0	0	0	0		12
253	53			0	0	0	0	0	0	0		12
254	9			-1	-1	1	4	833	100	0		12.125
255	9	Fa5	F5	340	340	1	8	417	95	96		12.1875
256	9	Sol5	G5	349	349	1	16	208	95	96		12.21875
257	9	Fa5	F5	340	340	1	16	208	95	96		12.25
258	9	Mi5b5	E5b5	331	331	3	16	625	95	96		12.34375
259	9	Fa5	F5	340	340	1	16	208	95	96		12.375
260	9	Sol5	G5	349	349	3	16	625	95	96		12.46875
261	9	La5b5	A5b5	353	353	1	16	208	95	96		12.5
262	9	Si5b5	B5b5	362	362	3	16	625	95	96		12.59375
263	9	La5b5	A5b5	353	353	1	16	208	95	96		12.625
264	9	Sol5	G5	349	349	1	8	417	95	96		12.6875
265	9	Fa5	F5	340	340	1	8	417	95	96		12.75
266	9	Sol5	G5	349	349	1	16	208	95	96		12.78125
267	9	Fa5	F5	340	340	1	16	208	95	96		12.8125
268	9	Mi5b5	E5b5	331	331	1	16	208	95	96		12.84375
269	9	Re5	D5	327	327	1	16	208	95	96		12.875
270	9	Do5	C5	318	318	1	4	833	95	96		13
271	53			0	0	0	0	0	0	0		13
272	9	Re5	D5	327	327	1	8	417	95	96		13.0625
273	9	Mi5b5	E5b5	331	331	1	16	208	95	96		13.09375
274	9	Fa5	F5	340	340	1	16	208	95	96		13.125
275	9	Mi5b5	E5b5	331	331	1	16	208	95	96		13.15625
276	9	Re5	D5	327	327	1	16	208	95	96		13.1875
277	9	Do5	C5	318	318	1	8	417	95	96		13.25
278	9	Re5	D5	327	327	1	16	208	95	96		13.28125
279	9	Do5	C5	318	318	1	16	208	95	96		13.3125
280	9	Si4b5	B4b5	309	309	1	16	208	95	96		13.34375
281	9	Do5	C5	318	318	1	16	208	95	96		13.375
282	9	Re5	D5	327	327	1	16	208	95	96		13.40625
283	9	Mi5b5	E5b5	331	331	1	16	208	95	96		13.4375
284	9	Re5	D5	327	327	1	16	208	95	96		13.46875
285	9	Do5	C5	318	318	1	16	208	95	96		13.5
286	9	Do5	C5	318	318	3	16	625	95	96		13.59375
287	53			0	0	0	0	0	0	0		13.59375
288	9	Re5	D5	327	327	1	16	208	95	96		13.625
289	9	Mi5b5	E5b5	331	331	1	8	417	95	96		13.6875
290	9	Fa5	F5	340	340	1	8	417	95	96		13.75
291	9	Sol5	G5	349	349	3	16	625	95	96		13.84375
292	9	Fa5	F5	340	340	1	16	208	95	96		13.875
293	9	Mi5b5	E5b5	331	331	1	8	417	95	96		13.9375
294	9	Sol5	G5	349	349	1	8	417	95	96		14
295	9	Fa5	F5	340	340	1	8	417	95	96		14.0625
296	9	Mi5b5	E5b5	331	331	1	8	417	95	96		14.125
297	9	Re5	D5	327	327	1	8	417	95	96		14.1875
298	9	Do5	C5	318	318	1	8	417	95	96		14.25
299	9	Re5	D5	327	327	1	16	208	95	96		14.28125
300	9	Do5	C5	318	318	1	16	208	95	96		14.3125
301	9	Si4b5	B4b5	309	309	1	16	208	95	96		14.34375
302	9	La4	A4	305	305	1	16	208	95	96		14.375
303	9	Si4b5	B4b5	309	309	1	4	833	95	96		14.5
304	53			0	0	0	0	0	0	0		14.5
305	9	Fa4	F4	287	287	1	8	417	95	96		14.5625
306	9	Si4b5	B4b5	309	309	1	8	417	95	96		14.625
307	9	Do5	C5	318	318	1	16	208	95	96		14.65625
308	9	Si4b5	B4b5	309	309	1	16	208	95	96		14.6875
309	9	Do5	C5	318	318	1	8	417	95	96		14.75
310	9	Re5	D5	327	327	1	8	417	95	96		14.8125
311	9	Mi5b1	E5b1	335	335	1	8	417	95	96		14.875
312	9	Fa5	F5	340	340	1	8	417	95	96		14.9375
313	9	Sol5	G5	349	349	1	8	417	95	96		15
314	9	Si5b5	B5b5	362	362	1	16	208	95	96		15.03125
315	9	La5b5	A5b5	353	353	1	16	208	95	96		15.0625
316	9	Sol5	G5	349	349	1	16	208	95	96		15.09375
317	9	Fa5	F5	340	340	1	16	208	95	96		15.125
318	9	Fa5	F5	340	340	1	16	208	95	96		15.15625
319	9	Mi5b5	E5b5	331	331	1	16	208	95	96		15.1875
320	9	Re5	D5	327	327	1	16	208	95	96		15.21875
321	9	Do5	C5	318	318	1	16	208	95	96		15.25
322	9	Do5	C5	318	318	1	16	208	95	96		15.28125
323	9	Si4b5	B4b5	309	309	1	16	208	95	96		15.3125
324	9	La4b5	A4b5	300	300	1	16	208	95	96		15.34375
325	9	Sol4	G4	296	296	1	16	208	95	96		15.375
326	9	Fa4	F4	287	287	1	16	208	95	96		15.40625
327	9	Sol4	G4	296	296	1	16	208	95	96		15.4375
328	9	La4b5	A4b5	300	300	1	16	208	95	96		15.46875
329	9	Si4b5	B4b5	309	309	1	16	208	95	96		15.5
330	9	Do5	C5	318	318	3	8	1250	95	96		15.6875
331	53			0	0	0	0	0	0	0		15.6875
332	9	Si4b5	B4b5	309	309	1	8	417	95	96		15.75
333	9	Do5	C5	318	318	1	8	417	95	96		15.8125
334	9	Re5	D5	327	327	1	16	208	95	96		15.84375
335	9	Do5	C5	318	318	1	16	208	95	96		15.875
336	9	Do5	C5	318	318	1	4	833	95	96		16
337	53			0	0	0	0	0	0	0		16
338	9	Si4b5	B4b5	309	309	1	16	208	95	96		16.03125
339	9	Re5	D5	327	327	1	16	208	95	96	TESLÝM	16.0625
340	9	Do5	C5	318	318	1	16	208	95	96		16.09375
341	9	Re5	D5	327	327	1	16	208	95	96		16.125
342	9	Si4b5	B4b5	309	309	1	16	208	95	96		16.15625
343	9	La4b5	A4b5	300	300	1	16	208	95	96		16.1875
344	9	Sol4	G4	296	296	1	16	208	95	96		16.21875
345	9	Fa4	F4	287	287	1	16	208	95	96		16.25
346	9	Sol4	G4	296	296	3	16	625	95	96		16.34375
347	9	La4b5	A4b5	300	300	1	16	208	95	96		16.375
348	9	Si4b5	B4b5	309	309	1	8	417	95	96		16.4375
349	9	Do5	C5	318	318	1	8	417	95	96		16.5
350	9	Re5	D5	327	327	1	16	208	95	96		16.53125
351	9	Mi5b5	E5b5	331	331	1	16	208	95	96		16.5625
352	9	Fa5	F5	340	340	1	16	208	95	96		16.59375
353	9	Sol5	G5	349	349	1	16	208	95	96		16.625
354	9	Fa5	F5	340	340	1	16	208	95	96		16.65625
355	9	Mi5b5	E5b5	331	331	1	16	208	95	96		16.6875
356	9	Re5	D5	327	327	1	16	208	95	96		16.71875
357	9	Do5	C5	318	318	1	16	208	95	96		16.75
358	9	Do5	C5	318	318	1	16	208	95	96		16.78125
359	9	Si4b5	B4b5	309	309	1	16	208	95	96		16.8125
360	9	Si4b5	B4b5	309	309	1	16	208	95	96		16.84375
361	9	La4	A4	305	305	1	16	208	95	96		16.875
362	9	Si4b5	B4b5	309	309	1	4	833	95	96		17
363	53			0	0	0	0	0	0	0		17
364	9			-1	-1	1	8	417	100	0		17.0625
365	9	Fa5	F5	340	340	1	16	208	95	96		17.09375
366	9	Mi5b5	E5b5	331	331	1	16	208	95	96		17.125
367	9	Mi5b5	E5b5	331	331	1	16	208	95	96		17.15625
368	9	Re5	D5	327	327	1	16	208	95	96		17.1875
369	9	Re5	D5	327	327	1	16	208	95	96		17.21875
370	9	Do5	C5	318	318	1	16	208	95	96		17.25
371	9	Do5	C5	318	318	1	16	208	95	96		17.28125
372	9	Si4b5	B4b5	309	309	1	16	208	95	96		17.3125
373	9	Si4b5	B4b5	309	309	1	16	208	95	96		17.34375
374	9	La4b5	A4b5	300	300	1	16	208	95	96		17.375
375	9	La4b5	A4b5	300	300	1	16	208	95	96		17.40625
376	9	Sol4	G4	296	296	1	16	208	95	96		17.4375
377	9	Sol4	G4	296	296	1	16	208	95	96		17.46875
378	9	Fa4	F4	287	287	1	16	208	95	96		17.5
379	9	Sol4	G4	296	296	1	16	208	95	96		17.53125
380	9	La4b5	A4b5	300	300	1	16	208	95	96		17.5625
381	9	Si4b5	B4b5	309	309	1	16	208	95	96		17.59375
382	9	Do5	C5	318	318	1	16	208	95	96		17.625
383	54			0	0	0	0	0	0	0	nikriz@la4#4	17.625
384	9	Fa5	F5	340	340	1	16	208	95	96		17.65625
385	9	Mi5b1	E5b1	335	335	1	16	208	95	96		17.6875
386	9	Re5b4	D5b4	323	323	1	16	208	95	96		17.71875
387	9	Do5	C5	318	318	1	16	208	95	96		17.75
388	9	Do5	C5	318	318	1	16	208	95	96		17.78125
389	9	Si4b5	B4b5	309	309	1	16	208	95	96		17.8125
390	9	Si4b5	B4b5	309	309	1	16	208	95	96		17.84375
391	9	La4	A4	305	305	1	16	208	95	96		17.875
392	55			0	0	0	0	0	0	0		17.875
393	9	Si4b5	B4b5	309	309	1	16	208	95	96		17.90625
394	9	Re5	D5	327	327	1	8	417	95	96		17.96875
395	9	Do5	C5	318	318	1	16	208	95	96		18
396	9	Si4b5	B4b5	309	309	1	4	833	95	96		18.125
397	53			0	0	0	0	0	0	0		18.125
398	9	Do5	C5	318	318	1	8	417	95	96		18.1875
399	9	Re5	D5	327	327	1	8	417	95	96		18.25
400	9	Mi5b5	E5b5	331	331	1	8	417	95	96		18.3125
401	9	Sol5	G5	349	349	1	8	417	95	96		18.375
402	9	Fa5	F5	340	340	1	8	417	95	96		18.4375
403	9	Mi5b5	E5b5	331	331	1	8	417	95	96		18.5
404	9	Re5	D5	327	327	1	8	417	95	96		18.5625
405	9	Do5	C5	318	318	1	8	417	95	96		18.625
406	9	Do5	C5	318	318	1	8	417	95	96		18.6875
407	9	Re5	D5	327	327	1	8	417	95	96		18.75
408	9	Si4b5	B4b5	309	309	1	8	417	95	96		18.8125
409	9	Do5	C5	318	318	1	16	208	95	96		18.84375
410	9	Si4b5	B4b5	309	309	1	16	208	95	96		18.875
411	9	La4b5	A4b5	300	300	1	16	208	95	96		18.90625
412	9	Sol4	G4	296	296	1	16	208	95	96		18.9375
413	9	Fa4	F4	287	287	1	8	417	95	96		19
414	53			0	0	0	0	0	0	0		19
415	9	La4b5	A4b5	300	300	1	16	208	95	96	3. Haneye	19.03125
416	9	Si4b5	B4b5	309	309	1	16	208	95	96		19.0625
417	9	Do5	C5	318	318	1	4	833	95	96		19.1875
418	9	Si4b5	B4b5	309	309	1	16	208	95	96		19.21875
419	9	La4b5	A4b5	300	300	1	16	208	95	96		19.25
420	9	La4b5	A4b5	300	300	1	24	139	95	96		19.27083
421	9	Sol4	G4	296	296	1	24	139	95	96		19.29167
422	9	La4b5	A4b5	300	300	1	24	139	95	96		19.3125
423	9	Si4b5	B4b5	309	309	1	4	833	95	96		19.4375
424	9	La4b5	A4b5	300	300	1	16	208	95	96		19.46875
425	9	Sol4	G4	296	296	1	16	208	95	96		19.5
426	53			0	0	0	0	0	0	0		19.5
427	54			0	0	0	0	0	0	0	neveser@sol4	19.5
428	9	Sol4	G4	296	296	3	8	1250	95	96		19.6875
429	9	Fa5#4	F5#4	344	344	1	16	208	95	96		19.71875
430	9	Mi5b5	E5b5	331	331	1	16	208	95	96		19.75
431	9	Re5	D5	327	327	1	16	208	95	96		19.78125
432	9	Do5#4	C5#4	322	322	1	16	208	95	96		19.8125
433	9	Si4b5	B4b5	309	309	1	16	208	95	96		19.84375
434	9	Do5#4	C5#4	322	322	1	16	208	95	96		19.875
435	9	Re5	D5	327	327	1	4	833	95	96		20
436	9	Re5	D5	327	327	1	4	833	95	96	3. HANE	20.125
437	9	Do5#4	C5#4	322	322	1	8	417	95	96		20.1875
438	9	Re5	D5	327	327	1	8	417	95	96		20.25
439	9	Mi5b5	E5b5	331	331	1	16	208	95	96		20.28125
440	9	Fa5#4	F5#4	344	344	1	16	208	95	96		20.3125
441	9	Mi5b5	E5b5	331	331	1	8	417	95	96		20.375
442	9	Re5	D5	327	327	1	8	417	95	96		20.4375
443	9	Do5	C5	318	318	1	8	417	95	96		20.5
444	55			0	0	0	0	0	0	0		20.5
445	9	Si4b5	B4b5	309	309	1	8	417	95	96		20.5625
446	9	Do5	C5	318	318	1	8	417	95	96		20.625
447	9	Si4b5	B4b5	309	309	1	8	417	95	96		20.6875
448	9	La4b5	A4b5	300	300	1	8	417	95	96		20.75
449	9	Si4b5	B4b5	309	309	3	16	625	95	96		20.84375
450	9	La4b5	A4b5	300	300	1	16	208	95	96		20.875
451	9	Sol4	G4	296	296	1	4	833	95	96		21
452	53			0	0	0	0	0	0	0		21
453	9			-1	-1	1	8	417	100	0		21.0625
454	9	Fa5	F5	340	340	1	8	417	95	96		21.125
455	9	Mi5	E5	336	336	1	8	417	95	96		21.1875
456	9	Re5#4	D5#4	331	331	1	8	417	95	96		21.25
457	9	Do5	C5	318	318	1	8	417	95	96		21.3125
458	9	Re5#4	D5#4	331	331	1	8	417	95	96		21.375
459	9	Mi5	E5	336	336	1	8	417	95	96		21.4375
460	9	Fa5	F5	340	340	1	8	417	95	96		21.5
461	9	Sol5	G5	349	349	1	8	417	95	96		21.5625
462	9	La5b5	A5b5	353	353	1	8	417	95	96		21.625
463	9	Sol5	G5	349	349	1	16	208	95	96		21.65625
464	9	Fa5	F5	340	340	1	16	208	95	96		21.6875
465	9	Mi5	E5	336	336	1	16	208	95	96		21.71875
466	9	Fa5	F5	340	340	1	16	208	95	96		21.75
467	9	Sol5	G5	349	349	1	8	417	95	96		21.8125
468	9	La5b5	A5b5	353	353	1	16	208	95	96		21.84375
469	9	Sol5	G5	349	349	1	16	208	95	96		21.875
470	9	Sol5	G5	349	349	1	4	833	95	96		22
471	53			0	0	0	0	0	0	0		22
472	9			-1	-1	1	4	833	100	0		22.125
473	9	Sol5	G5	349	349	1	12	278	95	96		22.16667
474	9	La5b5	A5b5	353	353	1	12	278	95	96		22.20833
475	9	La5	A5	358	358	1	12	278	95	96		22.25
476	9	Si5b5	B5b5	362	362	3	16	625	95	96		22.34375
477	9	La5b5	A5b5	353	353	1	16	208	95	96		22.375
478	9	Sol5	G5	349	349	1	8	417	95	96		22.4375
479	54			0	0	0	0	0	0	0	segah@la4	22.4375
480	9	Fa5	F5	340	340	1	8	417	95	96		22.5
481	9	La5b5	A5b5	353	353	1	12	278	95	96		22.54167
482	9	Sol5	G5	349	349	1	12	278	95	96		22.58333
483	9	Fa5	F5	340	340	1	12	278	95	96		22.625
484	9	Mi5b5	E5b5	331	331	1	12	278	95	96		22.66667
485	9	Re5	D5	327	327	1	12	278	95	96		22.70833
486	9	Do5	C5	318	318	1	12	278	95	96		22.75
487	9	Mi5b5	E5b5	331	331	1	16	208	95	96		22.78125
488	9	Re5	D5	327	327	1	16	208	95	96		22.8125
489	9	Do5	C5	318	318	1	16	208	95	96		22.84375
490	9	Si4b5	B4b5	309	309	1	16	208	95	96		22.875
491	9	La4	A4	305	305	1	16	208	95	96		22.90625
492	9	Sol4#4	G4#4	300	300	1	16	208	95	96		22.9375
493	9	La4	A4	305	305	1	8	417	95	96		23
494	55			0	0	0	0	0	0	0		23
495	53			0	0	0	0	0	0	0		23
496	9			-1	-1	1	8	417	100	0		23.0625
497	9	Fa5	F5	340	340	1	16	208	95	96		23.09375
498	9	Mi5b5	E5b5	331	331	1	16	208	95	96		23.125
499	9	Mi5b5	E5b5	331	331	1	16	208	95	96		23.15625
500	9	Re5	D5	327	327	1	16	208	95	96		23.1875
501	9	Re5	D5	327	327	1	16	208	95	96		23.21875
502	9	Do5	C5	318	318	1	16	208	95	96		23.25
503	9	Do5	C5	318	318	1	16	208	95	96		23.28125
504	9	Si4b5	B4b5	309	309	1	16	208	95	96		23.3125
505	9	Do5	C5	318	318	1	16	208	95	96		23.34375
506	9	Re5	D5	327	327	1	16	208	95	96		23.375
507	9	Mi5b5	E5b5	331	331	1	16	208	95	96		23.40625
508	9	Fa5	F5	340	340	1	16	208	95	96		23.4375
509	9	Re5	D5	327	327	1	16	208	95	96		23.46875
510	9	Do5	C5	318	318	1	16	208	95	96		23.5
511	54			0	0	0	0	0	0	0	saba@la4	23.5
512	9	Mi5	E5	336	336	1	16	208	95	96		23.53125
513	9	Fa5	F5	340	340	1	16	208	95	96		23.5625
514	9	Sol5	G5	349	349	1	16	208	95	96		23.59375
515	9	La5b5	A5b5	353	353	1	16	208	95	96		23.625
516	9	Sol5	G5	349	349	1	16	208	95	96		23.65625
517	9	Fa5	F5	340	340	1	16	208	95	96		23.6875
518	9	Mi5	E5	336	336	1	16	208	95	96		23.71875
519	9	Re5b4	D5b4	323	323	1	16	208	95	96		23.75
520	9	Mi5	E5	336	336	1	16	208	95	96		23.78125
521	9	Re5b4	D5b4	323	323	1	16	208	95	96		23.8125
522	9	Do5	C5	318	318	1	16	208	95	96		23.84375
523	9	Si4b1	B4b1	313	313	1	16	208	95	96		23.875
524	9	Do5	C5	318	318	1	4	833	95	96		24
525	55			0	0	0	0	0	0	0		24
526	53			0	0	0	0	0	0	0		24
527	9			-1	-1	1	4	833	100	0		24.125
528	9	Re5	D5	327	327	1	8	417	95	96		24.1875
529	9	Mi5b5	E5b5	331	331	1	8	417	95	96		24.25
530	9	Mi5b5	E5b5	331	331	1	8	417	95	96		24.3125
531	9	Mi5b5	E5b5	331	331	1	16	208	95	96		24.34375
532	9	Re5	D5	327	327	1	16	208	95	96		24.375
533	9	Mi5b5	E5b5	331	331	1	8	417	95	96		24.4375
534	9	Fa5	F5	340	340	1	8	417	95	96		24.5
535	9	Sol5	G5	349	349	3	16	625	95	96		24.59375
536	9	Fa5	F5	340	340	1	16	208	95	96		24.625
537	9	Mi5b5	E5b5	331	331	1	8	417	95	96		24.6875
538	9	Re5	D5	327	327	1	8	417	95	96		24.75
539	9	Sol5	G5	349	349	1	16	208	95	96		24.78125
540	9	Fa5	F5	340	340	1	16	208	95	96		24.8125
541	9	Mi5b5	E5b5	331	331	1	16	208	95	96		24.84375
542	9	Re5	D5	327	327	1	16	208	95	96		24.875
543	9	Do5	C5	318	318	1	4	833	95	96		25
544	53			0	0	0	0	0	0	0		25
545	9	Si4b5	B4b5	309	309	1	16	208	95	96		25.03125
546	9	Do5	C5	318	318	1	16	208	95	96		25.0625
547	9	Re5	D5	327	327	1	4	833	95	96		25.1875
548	9	Do5	C5	318	318	1	16	208	95	96		25.21875
549	9	Si4b5	B4b5	309	309	1	16	208	95	96		25.25
550	9	Do5	C5	318	318	1	8	417	95	96		25.3125
551	9	Re5	D5	327	327	1	16	208	95	96		25.34375
552	9	Mi5b5	E5b5	331	331	1	16	208	95	96		25.375
553	9	Sol5	G5	349	349	1	16	208	95	96		25.40625
554	9	Fa5	F5	340	340	1	16	208	95	96		25.4375
555	9	Mi5b5	E5b5	331	331	1	16	208	95	96		25.46875
556	9	Re5	D5	327	327	1	16	208	95	96		25.5
557	9	Re5	D5	327	327	1	8	417	95	96		25.5625
558	9	Do5	C5	318	318	1	16	208	95	96		25.59375
559	9	Re5	D5	327	327	1	16	208	95	96		25.625
560	9	Do5	C5	318	318	1	8	417	95	96		25.6875
561	9	Si4b5	B4b5	309	309	1	8	417	95	96		25.75
562	9	Do5	C5	318	318	1	8	417	95	96		25.8125
563	9	Re5	D5	327	327	1	16	208	95	96		25.84375
564	9	Do5	C5	318	318	1	16	208	95	96		25.875
565	9	Do5	C5	318	318	1	4	833	95	96		26
566	53			0	0	0	0	0	0	0		26
567	9	Si4b5	B4b5	309	309	1	16	208	95	96		26.03125
568	9	Re5	D5	327	327	1	16	208	95	96	TESLÝM	26.0625
569	9	Do5	C5	318	318	1	16	208	95	96		26.09375
570	9	Re5	D5	327	327	1	16	208	95	96		26.125
571	9	Si4b5	B4b5	309	309	1	16	208	95	96		26.15625
572	9	La4b5	A4b5	300	300	1	16	208	95	96		26.1875
573	9	Sol4	G4	296	296	1	16	208	95	96		26.21875
574	9	Fa4	F4	287	287	1	16	208	95	96		26.25
575	9	Sol4	G4	296	296	3	16	625	95	96		26.34375
576	9	La4b5	A4b5	300	300	1	16	208	95	96		26.375
577	9	Si4b5	B4b5	309	309	1	8	417	95	96		26.4375
578	9	Do5	C5	318	318	1	8	417	95	96		26.5
579	9	Re5	D5	327	327	1	16	208	95	96		26.53125
580	9	Mi5b5	E5b5	331	331	1	16	208	95	96		26.5625
581	9	Fa5	F5	340	340	1	16	208	95	96		26.59375
582	9	Sol5	G5	349	349	1	16	208	95	96		26.625
583	9	Fa5	F5	340	340	1	16	208	95	96		26.65625
584	9	Mi5b5	E5b5	331	331	1	16	208	95	96		26.6875
585	9	Re5	D5	327	327	1	16	208	95	96		26.71875
586	9	Do5	C5	318	318	1	16	208	95	96		26.75
587	9	Do5	C5	318	318	1	16	208	95	96		26.78125
588	9	Si4b5	B4b5	309	309	1	16	208	95	96		26.8125
589	9	Si4b5	B4b5	309	309	1	16	208	95	96		26.84375
590	9	La4	A4	305	305	1	16	208	95	96		26.875
591	9	Si4b5	B4b5	309	309	1	4	833	95	96		27
592	53			0	0	0	0	0	0	0		27
593	9			-1	-1	1	8	417	100	0		27.0625
594	9	Fa5	F5	340	340	1	16	208	95	96		27.09375
595	9	Mi5b5	E5b5	331	331	1	16	208	95	96		27.125
596	9	Mi5b5	E5b5	331	331	1	16	208	95	96		27.15625
597	9	Re5	D5	327	327	1	16	208	95	96		27.1875
598	9	Re5	D5	327	327	1	16	208	95	96		27.21875
599	9	Do5	C5	318	318	1	16	208	95	96		27.25
600	9	Do5	C5	318	318	1	16	208	95	96		27.28125
601	9	Si4b5	B4b5	309	309	1	16	208	95	96		27.3125
602	9	Si4b5	B4b5	309	309	1	16	208	95	96		27.34375
603	9	La4b5	A4b5	300	300	1	16	208	95	96		27.375
604	9	La4b5	A4b5	300	300	1	16	208	95	96		27.40625
605	9	Sol4	G4	296	296	1	16	208	95	96		27.4375
606	9	Sol4	G4	296	296	1	16	208	95	96		27.46875
607	9	Fa4	F4	287	287	1	16	208	95	96		27.5
608	9	Sol4	G4	296	296	1	16	208	95	96		27.53125
609	9	La4b5	A4b5	300	300	1	16	208	95	96		27.5625
610	9	Si4b5	B4b5	309	309	1	16	208	95	96		27.59375
611	9	Do5	C5	318	318	1	16	208	95	96		27.625
612	54			0	0	0	0	0	0	0	nikriz@la4#4	27.625
613	9	Fa5	F5	340	340	1	16	208	95	96		27.65625
614	9	Mi5b1	E5b1	335	335	1	16	208	95	96		27.6875
615	9	Re5b4	D5b4	323	323	1	16	208	95	96		27.71875
616	9	Do5	C5	318	318	1	16	208	95	96		27.75
617	9	Do5	C5	318	318	1	16	208	95	96		27.78125
618	9	Si4b5	B4b5	309	309	1	16	208	95	96		27.8125
619	9	Si4b5	B4b5	309	309	1	16	208	95	96		27.84375
620	9	La4	A4	305	305	1	16	208	95	96		27.875
621	55			0	0	0	0	0	0	0		27.875
622	9	Si4b5	B4b5	309	309	1	16	208	95	96		27.90625
623	9	Re5	D5	327	327	1	8	417	95	96		27.96875
624	9	Do5	C5	318	318	1	16	208	95	96		28
625	9	Si4b5	B4b5	309	309	1	4	833	95	96		28.125
626	53			0	0	0	0	0	0	0		28.125
627	9	Do5	C5	318	318	1	8	417	95	96		28.1875
628	9	Re5	D5	327	327	1	8	417	95	96		28.25
629	9	Mi5b5	E5b5	331	331	1	8	417	95	96		28.3125
630	9	Sol5	G5	349	349	1	8	417	95	96		28.375
631	9	Fa5	F5	340	340	1	8	417	95	96		28.4375
632	9	Mi5b5	E5b5	331	331	1	8	417	95	96		28.5
633	9	Re5	D5	327	327	1	8	417	95	96		28.5625
634	9	Do5	C5	318	318	1	8	417	95	96		28.625
635	9	Do5	C5	318	318	1	8	417	95	96		28.6875
636	9	Re5	D5	327	327	1	8	417	95	96		28.75
637	9	Si4b5	B4b5	309	309	1	8	417	95	96		28.8125
638	9	Do5	C5	318	318	1	16	208	95	96		28.84375
639	9	Si4b5	B4b5	309	309	1	16	208	95	96		28.875
640	9	La4b5	A4b5	300	300	1	16	208	95	96		28.90625
641	9	Sol4	G4	296	296	1	16	208	95	96		28.9375
642	9	Fa4	F4	287	287	1	8	417	95	96		29
643	53			0	0	0	0	0	0	0		29
644	9	La4b5	A4b5	300	300	1	16	208	95	96	4. Haneye	29.03125
645	9	Si4b5	B4b5	309	309	1	16	208	95	96		29.0625
646	9	Do5	C5	318	318	1	4	833	95	96		29.1875
647	9	Si4b5	B4b5	309	309	1	16	208	95	96		29.21875
648	9	La4b5	A4b5	300	300	1	16	208	95	96		29.25
649	9	La4b5	A4b5	300	300	1	24	139	95	96		29.27083
650	9	Sol4	G4	296	296	1	24	139	95	96		29.29167
651	9	La4b5	A4b5	300	300	1	24	139	95	96		29.3125
652	9	Si4b5	B4b5	309	309	1	4	833	95	96		29.4375
653	9	La4b5	A4b5	300	300	1	16	208	95	96		29.46875
654	9	Sol4	G4	296	296	1	16	208	95	96		29.5
655	9	Sol4	G4	296	296	3	8	1250	95	96		29.6875
656	53			0	0	0	0	0	0	0		29.6875
657	9	Si5b5	B5b5	362	362	1	8	417	95	96		29.75
658	9	La5	A5	358	358	1	16	208	95	96		29.78125
659	9	Si5b5	B5b5	362	362	1	16	208	95	96		29.8125
660	9	Do6	C6	371	371	1	16	208	95	96		29.84375
661	9	La5	A5	358	358	1	16	208	95	96		29.875
662	9	Si5b5	B5b5	362	362	1	4	833	95	96		30
663	53			0	0	0	0	0	0	0		30
664	9			-1	-1	1	4	833	100	0		30.125
665	54			0	0	0	0	0	0	0	hicaz@re5	30.125
666	9	Si5b5	B5b5	362	362	1	12	278	95	96	4. HANE	30.16667
667	9	La5	A5	358	358	1	12	278	95	96		30.20833
668	9	Sol5#4	G5#4	353	353	1	12	278	95	96		30.25
669	9	La5	A5	358	358	3	16	625	95	96		30.34375
670	9	Si5b5	B5b5	362	362	1	16	208	95	96		30.375
671	9	Do6	C6	371	371	3	16	625	95	96		30.46875
672	9	Si5b5	B5b5	362	362	1	16	208	95	96		30.5
673	9	La5	A5	358	358	3	16	625	95	96		30.59375
674	9	Sol5	G5	349	349	1	16	208	95	96		30.625
675	9	Fa5#4	F5#4	344	344	3	16	625	95	96		30.71875
676	9	Mi5b5	E5b5	331	331	1	16	208	95	96		30.75
677	9	La5	A5	358	358	1	16	208	95	96		30.78125
678	9	Sol5	G5	349	349	1	16	208	95	96		30.8125
679	9	Fa5#4	F5#4	344	344	1	16	208	95	96		30.84375
680	9	Mi5b5	E5b5	331	331	1	16	208	95	96		30.875
681	9	Re5	D5	327	327	1	4	833	95	96		31
682	53			0	0	0	0	0	0	0		31
683	9			-1	-1	1	4	833	100	0		31.125
684	9	Re5	D5	327	327	1	8	417	95	96		31.1875
685	9	Sol5	G5	349	349	1	4	833	95	96		31.3125
686	9	La5	A5	358	358	1	8	417	95	96		31.375
687	9	Si5b5	B5b5	362	362	3	16	625	95	96		31.46875
688	9	La5	A5	358	358	1	16	208	95	96		31.5
689	9	Sol5	G5	349	349	1	8	417	95	96		31.5625
690	9	La5	A5	358	358	1	8	417	95	96		31.625
691	9	Si5b5	B5b5	362	362	1	8	417	95	96		31.6875
692	9	Do6	C6	371	371	1	8	417	95	96		31.75
693	9	Re6	D6	380	380	1	8	417	95	96		31.8125
694	9	Do6	C6	371	371	1	16	208	95	96		31.84375
695	9	Si5b5	B5b5	362	362	1	16	208	95	96		31.875
696	9	Si5b5	B5b5	362	362	1	4	833	95	96		32
697	55			0	0	0	0	0	0	0		32
698	53			0	0	0	0	0	0	0		32
699	9			-1	-1	1	4	833	100	0		32.125
700	9	Si5b5	B5b5	362	362	1	8	417	95	96		32.1875
701	9	La5b5	A5b5	353	353	1	8	417	95	96		32.25
702	9	Sol5	G5	349	349	1	8	417	95	96		32.3125
703	9	Fa5	F5	340	340	1	8	417	95	96		32.375
704	9	Mi5b5	E5b5	331	331	1	8	417	95	96		32.4375
705	9	Re5	D5	327	327	1	8	417	95	96		32.5
706	9	La5b5	A5b5	353	353	1	12	278	95	96		32.54167
707	9	Sol5	G5	349	349	1	12	278	95	96		32.58333
708	9	Fa5	F5	340	340	1	12	278	95	96		32.625
709	9	Mi5b5	E5b5	331	331	1	12	278	95	96		32.66667
710	9	Re5	D5	327	327	1	12	278	95	96		32.70833
711	9	Do5	C5	318	318	1	12	278	95	96		32.75
712	9	Fa5	F5	340	340	1	16	208	95	96		32.78125
713	9	Mi5b5	E5b5	331	331	1	16	208	95	96		32.8125
714	9	Re5	D5	327	327	1	16	208	95	96		32.84375
715	9	Do5	C5	318	318	1	16	208	95	96		32.875
716	9	Si4b5	B4b5	309	309	1	4	833	95	96		33
717	53			0	0	0	0	0	0	0		33
718	9			-1	-1	1	8	417	100	0		33.0625
719	9	Fa5	F5	340	340	1	4	833	95	96		33.1875
720	9	Mi5b5	E5b5	331	331	1	16	208	95	96		33.21875
721	9	Re5	D5	327	327	1	16	208	95	96		33.25
722	9	Mi5b5	E5b5	331	331	3	16	625	95	96		33.34375
723	9	Fa5	F5	340	340	1	16	208	95	96		33.375
724	9	Sol5	G5	349	349	3	16	625	95	96		33.46875
725	9	Fa5	F5	340	340	1	16	208	95	96		33.5
726	9	La5b5	A5b5	353	353	1	12	278	95	96		33.54167
727	9	Sol5	G5	349	349	1	12	278	95	96		33.58333
728	9	Fa5	F5	340	340	1	12	278	95	96		33.625
729	9	Mi5b5	E5b5	331	331	1	16	208	95	96		33.65625
730	9	Re5	D5	327	327	1	16	208	95	96		33.6875
731	9	Mi5b5	E5b5	331	331	1	16	208	95	96		33.71875
732	9	Sol5	G5	349	349	1	16	208	95	96		33.75
733	9	Fa5	F5	340	340	1	16	208	95	96		33.78125
734	9	Mi5b5	E5b5	331	331	1	16	208	95	96		33.8125
735	9	Re5	D5	327	327	1	16	208	95	96		33.84375
736	9	Do5#4	C5#4	322	322	1	16	208	95	96		33.875
737	9	Re5	D5	327	327	1	4	833	95	96		34
738	53			0	0	0	0	0	0	0		34
739	9			-1	-1	1	8	417	100	0		34.0625
740	9	Mi5b5	E5b5	331	331	1	4	833	95	96		34.1875
741	9	Mi5b5	E5b5	331	331	1	16	208	95	96		34.21875
742	9	Re5	D5	327	327	1	16	208	95	96		34.25
743	9	Re5	D5	327	327	3	16	625	95	96		34.34375
744	9	Do5	C5	318	318	1	16	208	95	96		34.375
745	9	Do5	C5	318	318	1	4	833	95	96		34.5
746	53			0	0	0	0	0	0	0		34.5
747	9			-1	-1	1	8	417	100	0		34.5625
748	9	Fa5	F5	340	340	1	4	833	95	96		34.6875
749	9	La5b5	A5b5	353	353	1	16	208	95	96		34.71875
750	9	Sol5	G5	349	349	1	16	208	95	96		34.75
751	9	Fa5	F5	340	340	1	16	208	95	96		34.78125
752	9	Mi5b5	E5b5	331	331	1	16	208	95	96		34.8125
753	9	Re5	D5	327	327	1	16	208	95	96		34.84375
754	9	Do5	C5	318	318	1	16	208	95	96		34.875
755	9	Si4b5	B4b5	309	309	1	4	833	95	96		35
756	53			0	0	0	0	0	0	0		35
757	9			-1	-1	1	8	417	100	0		35.0625
758	9	Sol5	G5	349	349	1	8	417	95	96		35.125
759	9	Fa5	F5	340	340	1	8	417	95	96		35.1875
760	9	Mi5b5	E5b5	331	331	1	8	417	95	96		35.25
761	9	Re5	D5	327	327	3	16	625	95	96		35.34375
762	9	Do5	C5	318	318	1	16	208	95	96		35.375
763	9	Do5	C5	318	318	1	8	417	95	96		35.4375
764	9	Re5	D5	327	327	1	16	208	95	96		35.46875
765	9	Do5	C5	318	318	1	16	208	95	96		35.5
766	9	Do5	C5	318	318	3	8	1250	95	96		35.6875
767	53			0	0	0	0	0	0	0		35.6875
768	9	Si4b5	B4b5	309	309	1	8	417	95	96		35.75
769	9	Do5	C5	318	318	1	8	417	95	96		35.8125
770	9	Re5	D5	327	327	1	16	208	95	96		35.84375
771	9	Do5	C5	318	318	1	16	208	95	96		35.875
772	9	Do5	C5	318	318	1	4	833	95	96		36
773	53			0	0	0	0	0	0	0		36
774	9	Si4b5	B4b5	309	309	1	16	208	95	96		36.03125
775	9	Re5	D5	327	327	1	16	208	95	96	TESLÝM	36.0625
776	9	Do5	C5	318	318	1	16	208	95	96		36.09375
777	9	Re5	D5	327	327	1	16	208	95	96		36.125
778	9	Si4b5	B4b5	309	309	1	16	208	95	96		36.15625
779	9	La4b5	A4b5	300	300	1	16	208	95	96		36.1875
780	9	Sol4	G4	296	296	1	16	208	95	96		36.21875
781	9	Fa4	F4	287	287	1	16	208	95	96		36.25
782	9	Sol4	G4	296	296	3	16	625	95	96		36.34375
783	9	La4b5	A4b5	300	300	1	16	208	95	96		36.375
784	9	Si4b5	B4b5	309	309	1	8	417	95	96		36.4375
785	9	Do5	C5	318	318	1	8	417	95	96		36.5
786	9	Re5	D5	327	327	1	16	208	95	96		36.53125
787	9	Mi5b5	E5b5	331	331	1	16	208	95	96		36.5625
788	9	Fa5	F5	340	340	1	16	208	95	96		36.59375
789	9	Sol5	G5	349	349	1	16	208	95	96		36.625
790	9	Fa5	F5	340	340	1	16	208	95	96		36.65625
791	9	Mi5b5	E5b5	331	331	1	16	208	95	96		36.6875
792	9	Re5	D5	327	327	1	16	208	95	96		36.71875
793	9	Do5	C5	318	318	1	16	208	95	96		36.75
794	9	Do5	C5	318	318	1	16	208	95	96		36.78125
795	9	Si4b5	B4b5	309	309	1	16	208	95	96		36.8125
796	9	Si4b5	B4b5	309	309	1	16	208	95	96		36.84375
797	9	La4	A4	305	305	1	16	208	95	96		36.875
798	9	Si4b5	B4b5	309	309	1	4	833	95	96		37
799	53			0	0	0	0	0	0	0		37
800	9			-1	-1	1	8	417	100	0		37.0625
801	9	Fa5	F5	340	340	1	16	208	95	96		37.09375
802	9	Mi5b5	E5b5	331	331	1	16	208	95	96		37.125
803	9	Mi5b5	E5b5	331	331	1	16	208	95	96		37.15625
804	9	Re5	D5	327	327	1	16	208	95	96		37.1875
805	9	Re5	D5	327	327	1	16	208	95	96		37.21875
806	9	Do5	C5	318	318	1	16	208	95	96		37.25
807	9	Do5	C5	318	318	1	16	208	95	96		37.28125
808	9	Si4b5	B4b5	309	309	1	16	208	95	96		37.3125
809	9	Si4b5	B4b5	309	309	1	16	208	95	96		37.34375
810	9	La4b5	A4b5	300	300	1	16	208	95	96		37.375
811	9	La4b5	A4b5	300	300	1	16	208	95	96		37.40625
812	9	Sol4	G4	296	296	1	16	208	95	96		37.4375
813	9	Sol4	G4	296	296	1	16	208	95	96		37.46875
814	9	Fa4	F4	287	287	1	16	208	95	96		37.5
815	9	Sol4	G4	296	296	1	16	208	95	96		37.53125
816	9	La4b5	A4b5	300	300	1	16	208	95	96		37.5625
817	9	Si4b5	B4b5	309	309	1	16	208	95	96		37.59375
818	9	Do5	C5	318	318	1	16	208	95	96		37.625
819	54			0	0	0	0	0	0	0	nikriz@la4#4	37.625
820	9	Fa5	F5	340	340	1	16	208	95	96		37.65625
821	9	Mi5b1	E5b1	335	335	1	16	208	95	96		37.6875
822	9	Re5b4	D5b4	323	323	1	16	208	95	96		37.71875
823	9	Do5	C5	318	318	1	16	208	95	96		37.75
824	9	Do5	C5	318	318	1	16	208	95	96		37.78125
825	9	Si4b5	B4b5	309	309	1	16	208	95	96		37.8125
826	9	Si4b5	B4b5	309	309	1	16	208	95	96		37.84375
827	9	La4	A4	305	305	1	16	208	95	96		37.875
828	55			0	0	0	0	0	0	0		37.875
829	9	Si4b5	B4b5	309	309	1	16	208	95	96		37.90625
830	9	Re5	D5	327	327	1	8	417	95	96		37.96875
831	9	Do5	C5	318	318	1	16	208	95	96		38
832	9	Si4b5	B4b5	309	309	1	4	833	95	96		38.125
833	53			0	0	0	0	0	0	0		38.125
834	9	Do5	C5	318	318	1	8	417	95	96		38.1875
835	9	Re5	D5	327	327	1	8	417	95	96		38.25
836	9	Mi5b5	E5b5	331	331	1	8	417	95	96		38.3125
837	9	Sol5	G5	349	349	1	8	417	95	96		38.375
838	9	Fa5	F5	340	340	1	8	417	95	96		38.4375
839	9	Mi5b5	E5b5	331	331	1	8	417	95	96		38.5
840	9	Re5	D5	327	327	1	8	417	95	96		38.5625
841	9	Do5	C5	318	318	1	8	417	95	96		38.625
842	9	Do5	C5	318	318	1	8	417	95	96		38.6875
843	9	Re5	D5	327	327	1	8	417	95	96		38.75
844	9	Si4b5	B4b5	309	309	1	8	417	95	96		38.8125
845	9	Do5	C5	318	318	1	16	208	95	96		38.84375
846	9	Si4b5	B4b5	309	309	1	16	208	95	96		38.875
847	9	La4b5	A4b5	300	300	1	16	208	95	96		38.90625
848	9	Sol4	G4	296	296	1	16	208	95	96		38.9375
849	9	Fa4	F4	287	287	1	8	417	95	96		39
850	53			0	0	0	0	0	0	0		39
851	9	La4b5	A4b5	300	300	1	16	208	95	96		39.03125
852	9	Si4b5	B4b5	309	309	1	16	208	95	96		39.0625
853	9	Do5	C5	318	318	1	4	833	95	96	KARAR	39.1875
854	9	Si4b5	B4b5	309	309	1	16	208	95	96		39.21875
855	9	La4b5	A4b5	300	300	1	16	208	95	96		39.25
856	9	La4b5	A4b5	300	300	1	24	139	95	96		39.27083
857	9	Sol4	G4	296	296	1	24	139	95	96		39.29167
858	9	La4b5	A4b5	300	300	1	24	139	95	96		39.3125
859	9	Si4b5	B4b5	309	309	1	4	833	95	96		39.4375
860	9	La4b5	A4b5	300	300	1	16	208	95	96		39.46875
861	9	Sol4	G4	296	296	1	16	208	95	96		39.5
862	9	Sol4	G4	296	296	3	4	2500	95	96		39.875
863	9			-1	-1	1	4	833	100	0		40
864	53			0	0	0	0	0	0	0		40
