Sýra	Kod	Nota53	NotaAE	Koma53	KomaAE	Pay	Payda	Ms	LNS	Bas	Soz1	Offset
1	9	Re5	D5	327	327	1	8	455	95	96	ARANAÐME	8.333334E-02
2	9	Mi5	E5	336	336	1	16	227	95	96	.	0.125
3	9	Fa5#5	F5#5	345	345	1	16	227	95	96	.	0.1666667
4	9	Sol5	G5	349	349	1	16	227	95	96	.	0.2083333
5	9	Sol5	G5	349	349	1	32	114	95	96	.	0.2291667
6	9	Fa5#5	F5#5	345	345	1	32	114	95	96	.	0.25
7	9	Sol5	G5	349	349	1	16	227	95	96	.	0.2916667
8	9	Mi5	E5	336	336	1	16	227	95	96	.	0.3333333
9	9	Re5	D5	327	327	1	16	227	95	96	.	0.375
10	9	Si4	B4	314	314	1	16	227	95	96	.	0.4166667
11	9	Do5	C5	318	318	1	16	227	95	96	.	0.4583333
12	9	Mi5	E5	336	336	1	16	227	95	96	.	0.5
13	9	Re5	D5	327	327	1	16	227	95	96	.	0.5416667
14	9	Si4	B4	314	314	1	16	227	95	96	.	0.5833333
15	9	Do5	C5	318	318	1	16	227	95	96	.	0.625
16	9	La4	A4	305	305	1	16	227	95	96	.	0.6666667
17	9	Sol4	G4	296	296	3	8	1364	95	96	.	0.9166667
18	9			-1	-1	1	8	455	100	0	.	1
19	53			0	0	0	0	0	0	0		1
20	9	Re5	D5	327	327	1	8	455	95	96	.	1.083333
21	9	Mi5	E5	336	336	1	16	227	95	96	.	1.125
22	9	Fa5#5	F5#5	345	345	1	16	227	95	96	.	1.166667
23	9	Sol5	G5	349	349	1	16	227	95	96	.	1.208333
24	9	Sol5	G5	349	349	1	32	114	95	96	.	1.229167
25	9	Fa5#5	F5#5	345	345	1	32	114	95	96	.	1.25
26	9	Sol5	G5	349	349	1	16	227	95	96	.	1.291667
27	9	Mi5	E5	336	336	1	16	227	95	96	.	1.333333
28	9	Re5	D5	327	327	1	16	227	95	96	.	1.375
29	9	Si4	B4	314	314	1	16	227	95	96	.	1.416667
30	9	La4	A4	305	305	1	16	227	95	96	.	1.458333
31	9	Fa4#5	F4#5	292	292	1	16	227	95	96	.	1.5
32	9	Sol4	G4	296	296	1	16	227	95	96	.	1.541667
33	9	Si4	B4	314	314	1	16	227	95	96	.	1.583333
34	9	Re5	D5	327	327	1	16	227	95	96	.	1.625
35	9	Sol5	G5	349	349	1	16	227	95	96	.	1.666667
36	9	Si5	B5	367	367	3	8	1364	95	96	.	1.916667
37	9			-1	-1	1	8	455	100	0	.	2
38	53			0	0	0	0	0	0	0		2
39	9	La5	A5	358	358	3	16	682	95	96	.	2.125
40	9	Si5	B5	367	367	1	16	227	95	96	.	2.166667
41	9	Do6	C6	371	371	3	16	682	95	96	.	2.291667
42	9	Si5	B5	367	367	1	16	227	95	96	.	2.333333
43	9	La5	A5	358	358	3	16	682	95	96	.	2.458333
44	9	Sol5	G5	349	349	1	16	227	95	96	.	2.5
45	9	Fa5#5	F5#5	345	345	1	8	455	95	96	.	2.583333
46	9	Sol5	G5	349	349	1	24	152	95	96	.	2.611111
47	9	Fa5#5	F5#5	345	345	1	24	152	95	96	.	2.638889
48	9	Sol5	G5	349	349	1	24	152	95	66	.	2.666667
49	9	Mi5	E5	336	336	3	8	1364	95	114	.	2.916667
50	9	Re5	D5	327	327	1	8	455	95	66	.	3
51	9	Sol5	G5	349	349	3	8	1364	95	114	.	3.25
52	9	Mi5	E5	336	336	1	8	455	95	96	.	3.333333
53	9	Re5	D5	327	327	1	24	152	95	96	.	3.361111
54	9	Mi5	E5	336	336	1	24	152	95	96	.	3.388889
55	9	Re5	D5	327	327	1	24	152	95	96	.	3.416667
56	9	Do5	C5	318	318	1	24	152	95	96	.	3.444444
57	9	Re5	D5	327	327	1	24	152	95	96	.	3.472222
58	9	Do5	C5	318	318	1	24	152	95	96	.	3.5
59	9	Si4	B4	314	314	1	24	152	95	96	.	3.527778
60	9	Do5	C5	318	318	1	24	152	95	96	.	3.555556
61	9	Si4	B4	314	314	1	24	152	95	96	.	3.583333
62	9	La4	A4	305	305	1	24	152	95	96	.	3.611111
63	9	Si4	B4	314	314	1	24	152	95	96	.	3.638889
64	9	La4	A4	305	305	1	24	152	95	96	.	3.666667
65	9	Sol4	G4	296	296	3	8	1364	95	96	.	3.916667
66	9			-1	-1	1	8	455	100	0		4
67	53			0	0	0	0	0	0	0		4
68	9	Re5	D5	327	327	1	8	455	95	96	ARANAÐME	4.083333
69	9	Mi5	E5	336	336	1	16	227	95	96	.	4.125
70	9	Fa5#5	F5#5	345	345	1	16	227	95	96	.	4.166667
71	9	Sol5	G5	349	349	1	16	227	95	96	.	4.208333
72	9	Sol5	G5	349	349	1	32	114	95	96	.	4.229167
73	9	Fa5#5	F5#5	345	345	1	32	114	95	96	.	4.25
74	9	Sol5	G5	349	349	1	16	227	95	96	.	4.291667
75	9	Mi5	E5	336	336	1	16	227	95	96	.	4.333333
76	9	Re5	D5	327	327	1	16	227	95	96	.	4.375
77	9	Si4	B4	314	314	1	16	227	95	96	.	4.416667
78	9	Do5	C5	318	318	1	16	227	95	96	.	4.458333
79	9	Mi5	E5	336	336	1	16	227	95	96	.	4.5
80	9	Re5	D5	327	327	1	16	227	95	96	.	4.541667
81	9	Si4	B4	314	314	1	16	227	95	96	.	4.583333
82	9	Do5	C5	318	318	1	16	227	95	96	.	4.625
83	9	La4	A4	305	305	1	16	227	95	96	.	4.666667
84	9	Sol4	G4	296	296	3	8	1364	95	96	.	4.916667
85	9			-1	-1	1	8	455	100	0	.	5
86	53			0	0	0	0	0	0	0		5
87	9	Re5	D5	327	327	1	8	455	95	96	.	5.083333
88	9	Mi5	E5	336	336	1	16	227	95	96	.	5.125
89	9	Fa5#5	F5#5	345	345	1	16	227	95	96	.	5.166667
90	9	Sol5	G5	349	349	1	16	227	95	96	.	5.208333
91	9	Sol5	G5	349	349	1	32	114	95	96	.	5.229167
92	9	Fa5#5	F5#5	345	345	1	32	114	95	96	.	5.25
93	9	Sol5	G5	349	349	1	16	227	95	96	.	5.291667
94	9	Mi5	E5	336	336	1	16	227	95	96	.	5.333333
95	9	Re5	D5	327	327	1	16	227	95	96	.	5.375
96	9	Si4	B4	314	314	1	16	227	95	96	.	5.416667
97	9	La4	A4	305	305	1	16	227	95	96	.	5.458333
98	9	Fa4#5	F4#5	292	292	1	16	227	95	96	.	5.5
99	9	Sol4	G4	296	296	1	16	227	95	96	.	5.541667
100	9	Si4	B4	314	314	1	16	227	95	96	.	5.583333
101	9	Re5	D5	327	327	1	16	227	95	96	.	5.625
102	9	Sol5	G5	349	349	1	16	227	95	96	.	5.666667
103	9	Si5	B5	367	367	3	8	1364	95	96	.	5.916667
104	9			-1	-1	1	8	455	100	0	.	6
105	53			0	0	0	0	0	0	0		6
106	9	La5	A5	358	358	3	16	682	95	96	.	6.125
107	9	Si5	B5	367	367	1	16	227	95	96	.	6.166667
108	9	Do6	C6	371	371	3	16	682	95	96	.	6.291667
109	9	Si5	B5	367	367	1	16	227	95	96	.	6.333333
110	9	La5	A5	358	358	3	16	682	95	96	.	6.458333
111	9	Sol5	G5	349	349	1	16	227	95	96	.	6.5
112	9	Fa5#5	F5#5	345	345	1	8	455	95	96	.	6.583333
113	9	Sol5	G5	349	349	1	24	152	95	96	.	6.611111
114	9	Fa5#5	F5#5	345	345	1	24	152	95	96	.	6.638889
115	9	Sol5	G5	349	349	1	24	152	95	66	.	6.666667
116	9	Mi5	E5	336	336	3	8	1364	95	114	.	6.916667
117	9	Re5	D5	327	327	1	8	455	95	66	.	7
118	9	Sol5	G5	349	349	3	8	1364	95	114	.	7.25
119	9	Mi5	E5	336	336	1	8	455	95	96	.	7.333333
120	9	Re5	D5	327	327	1	24	152	95	96	.	7.361111
121	9	Mi5	E5	336	336	1	24	152	95	96	.	7.388889
122	9	Re5	D5	327	327	1	24	152	95	96	.	7.416667
123	9	Do5	C5	318	318	1	24	152	95	96	.	7.444445
124	9	Re5	D5	327	327	1	24	152	95	96	.	7.472222
125	9	Do5	C5	318	318	1	24	152	95	96	.	7.5
126	9	Si4	B4	314	314	1	24	152	95	96	.	7.527778
127	9	Do5	C5	318	318	1	24	152	95	96	.	7.555555
128	9	Si4	B4	314	314	1	24	152	95	96	.	7.583333
129	9	La4	A4	305	305	1	24	152	95	96	.	7.611111
130	9	Si4	B4	314	314	1	24	152	95	96	.	7.638889
131	9	La4	A4	305	305	1	24	152	95	96	.	7.666667
132	9	Sol4	G4	296	296	3	8	1364	95	96	.	7.916667
133	9			-1	-1	1	8	455	100	66		8
134	53			0	0	0	0	0	0	68		8
135	9	Sol5	G5	349	349	1	8	455	99	69	Hâ	8.083333
136	9	Fa5#5	F5#5	345	345	1	16	227	99	70		8.125
137	9	Mi5	E5	336	336	1	16	227	95	72		8.166667
138	9	Re5	D5	327	327	1	8	455	99	74	lâ 	8.25
139	9	Mi5	E5	336	336	1	16	227	99	75		8.291667
140	9	Fa5#5	F5#5	345	345	1	16	227	95	76		8.333333
141	9	Sol5	G5	349	349	1	8	455	99	78	ka	8.416667
142	9	La5	A5	358	358	1	8	455	95	96		8.5
143	9	Si5	B5	367	367	1	24	152	99	96	na	8.527778
144	9	La5	A5	358	358	1	24	152	99	96		8.555555
145	9	Si5	B5	367	367	1	24	152	99	96		8.583333
146	9	Do6	C6	371	371	1	24	152	99	96		8.611111
147	9	Si5	B5	367	367	1	24	152	99	96		8.638889
148	9	La5	A5	358	358	1	24	152	95	96		8.666667
149	9	Sol5	G5	349	349	3	8	1364	95	96	yan 	8.916667
150	9			-1	-1	1	8	455	100	0		9
151	53			0	0	0	0	0	0	0		9
152	9	Sol5	G5	349	349	1	16	227	99	96	kal	9.041667
153	8	Si5	B5	367	367	0	0	0	99	96		9.041667
154	9	La5	A5	358	358	1	32	114	99	96		9.0625
155	9	Sol5	G5	349	349	1	32	114	99	96		9.083333
156	9	Fa5	F5	340	340	1	32	114	99	96		9.104167
157	9	Mi5	E5	336	336	1	32	114	99	96		9.125
158	9	Re5	D5	327	327	1	16	227	95	96		9.166667
159	9	Do5	C5	318	318	1	16	227	99	96	bi	9.208333
160	9	Si4	B4	314	314	1	32	114	99	96		9.229167
161	9	La4	A4	305	305	1	32	114	99	96		9.25
162	9	Si4	B4	314	314	1	16	227	99	96		9.291667
163	9	Do5	C5	318	318	1	16	227	95	96		9.333333
164	9	Re5	D5	327	327	1	16	227	99	96	mi 	9.375
165	9	Mi5	E5	336	336	1	16	227	99	96		9.416667
166	9	Fa5	F5	340	340	1	16	227	99	96		9.458333
167	9	Mi5	E5	336	336	1	16	227	99	96		9.5
168	9	Re5	D5	327	327	1	16	227	99	96		9.541667
169	9	Do5	C5	318	318	1	16	227	99	96		9.583333
170	9	Si4	B4	314	314	1	16	227	99	96		9.625
171	9	La4	A4	305	305	1	16	227	95	96		9.666667
172	9	Sol4	G4	296	296	3	8	1364	95	96	aþk 	9.916667
173	9			-1	-1	1	8	455	100	0		10
174	53			0	0	0	0	0	0	0		10
175	9	Re5	D5	327	327	1	8	455	99	96	a	10.08333
176	9	Sol5	G5	349	349	1	4	909	99	96		10.25
177	8	Sol5	G5	349	349	0	0	0	99	96		10.25
178	9	Fa5#4	F5#4	344	344	1	16	227	99	96		10.29167
179	9	Mi5	E5	336	336	1	16	227	95	96		10.33333
180	9	Re5	D5	327	327	1	4	909	95	96	te	10.5
181	9	Si5	B5	367	367	1	4	909	95	96	þi 	10.66667
182	9	La5	A5	358	358	1	4	909	99	96	dað	10.83333
183	9	La5	A5	358	358	1	16	227	99	96		10.875
184	9	Do6	C6	371	371	1	16	227	99	96		10.91667
185	9	Si5	B5	367	367	1	16	227	99	96		10.95833
186	9	La5	A5	358	358	1	16	227	95	96		11
187	9	Sol5	G5	349	349	3	8	1364	95	96	lar  	11.25
188	53			0	0	0	0	0	0	0		11.25
189	9	Fa5	F5	340	340	1	16	227	95	96	SAZ	11.29167
190	9	Mi5	E5	336	336	1	16	227	95	96	.	11.33333
191	9	Re5	D5	327	327	1	8	455	95	96	.	11.41667
192	8	Mi5	E5	336	336	0	0	0	95	96	.	11.41667
193	9	Re5	D5	327	327	1	16	227	95	96	.	11.45833
194	9	Do5	C5	318	318	1	16	227	95	96	.	11.5
195	9	Si4	B4	314	314	1	24	152	95	96	.	11.52778
196	9	La4	A4	305	305	1	24	152	95	96	.	11.55556
197	9	Si4	B4	314	314	1	24	152	95	96	.	11.58333
198	9	Do5	C5	318	318	1	16	227	95	96	.	11.625
199	9	La4	A4	305	305	1	16	227	95	96	.	11.66667
200	9	Sol4	G4	296	296	3	8	1364	95	96	.	11.91667
201	9			-1	-1	1	8	455	100	66		12
202	53			0	0	0	0	0	0	68		12
203	9	Sol5	G5	349	349	1	8	455	99	69	Hâ	12.08333
204	9	Fa5#5	F5#5	345	345	1	16	227	99	70		12.125
205	9	Mi5	E5	336	336	1	16	227	95	72		12.16667
206	9	Re5	D5	327	327	1	8	455	99	74	lâ 	12.25
207	9	Mi5	E5	336	336	1	16	227	99	75		12.29167
208	9	Fa5#5	F5#5	345	345	1	16	227	95	76		12.33333
209	9	Sol5	G5	349	349	1	8	455	99	78	ka	12.41667
210	9	La5	A5	358	358	1	8	455	95	96		12.5
211	9	Si5	B5	367	367	1	24	152	99	96	na	12.52778
212	9	La5	A5	358	358	1	24	152	99	96		12.55556
213	9	Si5	B5	367	367	1	24	152	99	96		12.58333
214	9	Do6	C6	371	371	1	24	152	99	96		12.61111
215	9	Si5	B5	367	367	1	24	152	99	96		12.63889
216	9	La5	A5	358	358	1	24	152	95	96		12.66667
217	9	Sol5	G5	349	349	3	8	1364	95	96	yan 	12.91667
218	9			-1	-1	1	8	455	100	0		13
219	53			0	0	0	0	0	0	0		13
220	9	Sol5	G5	349	349	1	16	227	99	96	kal	13.04167
221	8	Si5	B5	367	367	0	0	0	99	96		13.04167
222	9	La5	A5	358	358	1	32	114	99	96		13.0625
223	9	Sol5	G5	349	349	1	32	114	99	96		13.08333
224	9	Fa5	F5	340	340	1	32	114	99	96		13.10417
225	9	Mi5	E5	336	336	1	32	114	99	96		13.125
226	9	Re5	D5	327	327	1	16	227	95	96		13.16667
227	9	Do5	C5	318	318	1	16	227	99	96	bi	13.20833
228	9	Si4	B4	314	314	1	32	114	99	96		13.22917
229	9	La4	A4	305	305	1	32	114	99	96		13.25
230	9	Si4	B4	314	314	1	16	227	99	96		13.29167
231	9	Do5	C5	318	318	1	16	227	95	96		13.33333
232	9	Re5	D5	327	327	1	16	227	99	96	mi 	13.375
233	9	Mi5	E5	336	336	1	16	227	99	96		13.41667
234	9	Fa5	F5	340	340	1	16	227	99	96		13.45833
235	9	Mi5	E5	336	336	1	16	227	99	96		13.5
236	9	Re5	D5	327	327	1	16	227	99	96		13.54167
237	9	Do5	C5	318	318	1	16	227	99	96		13.58333
238	9	Si4	B4	314	314	1	16	227	99	96		13.625
239	9	La4	A4	305	305	1	16	227	95	96		13.66667
240	9	Sol4	G4	296	296	3	8	1364	95	96	aþk 	13.91667
241	9			-1	-1	1	8	455	100	0		14
242	53			0	0	0	0	0	0	0		14
243	9	Re5	D5	327	327	1	8	455	99	96	a	14.08333
244	9	Sol5	G5	349	349	1	4	909	99	96		14.25
245	8	Sol5	G5	349	349	0	0	0	99	96		14.25
246	9	Fa5#4	F5#4	344	344	1	16	227	99	96		14.29167
247	9	Mi5	E5	336	336	1	16	227	95	96		14.33333
248	9	Re5	D5	327	327	1	4	909	95	96	te	14.5
249	9	Si5	B5	367	367	1	4	909	95	96	þi 	14.66667
250	9	La5	A5	358	358	1	4	909	99	96	dað	14.83333
251	9	La5	A5	358	358	1	16	227	99	96		14.875
252	9	Do6	C6	371	371	1	16	227	99	96		14.91667
253	9	Si5	B5	367	367	1	16	227	99	96		14.95833
254	9	La5	A5	358	358	1	16	227	95	96		15
255	9	Sol5	G5	349	349	3	8	1364	95	96	lar  	15.25
256	53			0	0	0	0	0	0	0		15.25
257	9	Fa5	F5	340	340	1	16	227	95	96	SAZ	15.29167
258	9	Mi5	E5	336	336	1	16	227	95	96	.	15.33333
259	9	Re5	D5	327	327	1	4	909	95	96	.	15.5
260	9	Mi5	E5	336	336	1	8	455	95	96	.	15.58333
261	9	Fa5#5	F5#5	345	345	1	8	455	95	96	.	15.66667
262	9	Sol5	G5	349	349	3	8	1364	95	96	.	15.91667
263	9			-1	-1	1	8	455	100	66		16
264	53			0	0	0	0	0	0	73		16
265	9	Re5	D5	327	327	1	4	909	95	80	Üm	16.16667
266	9	Sol5	G5	349	349	3	16	682	99	87	mî	16.29167
267	9	La5	A5	358	358	1	16	227	95	93		16.33333
268	9	Si5	B5	367	367	3	16	682	99	100	di 	16.45833
269	9	La5	A5	358	358	1	16	227	95	107		16.5
270	9	Sol5	G5	349	349	1	16	227	99	114	ký	16.54167
271	8	La5	A5	358	358	0	0	0	99	96		16.54167
272	9	Sol5	G5	349	349	1	32	114	99	96		16.5625
273	9	Fa5#5	F5#5	345	345	1	32	114	99	96		16.58333
274	9	Sol5	G5	349	349	1	16	227	99	96		16.625
275	9	Mi5	E5	336	336	1	16	227	95	96		16.66667
276	9	Re5	D5	327	327	1	2	1818	95	96	rýl	17
277	53			0	0	0	0	0	0	0		17
278	9	Re5	D5	327	327	1	8	455	99	96	mýþ 	17.08333
279	9	Mi5	E5	336	336	1	8	455	99	96		17.16667
280	9	Fa5	F5	340	340	1	8	455	99	96		17.25
281	9	Mi5	E5	336	336	1	8	455	50	96		17.33333
282	9	Re5	D5	327	327	1	8	455	99	96	be	17.41667
283	9	Do5	C5	318	318	1	8	455	95	96		17.5
284	9	Si4b1	B4b1	313	313	1	8	455	99	96	ni 	17.58333
285	9	La4	A4	305	305	1	8	455	95	96		17.66667
286	9	Re5	D5	327	327	3	8	1364	99	96	â	17.91667
287	9	Mi5	E5	336	336	1	16	227	99	96		17.95833
288	9	Fa5#5	F5#5	345	345	1	16	227	95	96		18
289	12	Sol5	G5	349	349	3	8	1364	99	96	ti	18.25
290	9	Fa5	F5	340	340	1	16	227	99	96		18.29167
291	9	Mi5	E5	336	336	1	16	227	95	96		18.33333
292	9	Re5	D5	327	327	3	16	682	99	96	ye 	18.45833
293	9	Do5	C5	318	318	1	16	227	95	96		18.5
294	9	Si4	B4	314	314	1	4	909	95	96	ne 	18.66667
295	9	La4	A4	305	305	3	16	682	99	96	bað	18.79167
296	9	Si4	B4	314	314	1	16	227	99	96		18.83333
297	9	Do5	C5	318	318	1	16	227	99	96		18.875
298	8	Re5	D5	327	327	0	0	0	99	96		18.875
299	9	Do5	C5	318	318	1	32	114	99	96		18.89583
300	9	Si4	B4	314	314	1	32	114	99	96		18.91667
301	9	Do5	C5	318	318	1	16	227	99	96		18.95833
302	9	La4	A4	305	305	1	16	227	95	96		19
303	9	Sol4	G4	296	296	1	4	909	99	96	lar  	19.16667
304	53			0	0	0	0	0	0	0		19.16667
305	9	Sol4	G4	296	296	1	16	227	95	96		19.20833
306	9	Sol5	G5	349	349	1	16	227	95	96	SAZ	19.25
307	9	Fa5	F5	340	340	1	16	227	95	96	.	19.29167
308	9	Mi5	E5	336	336	1	16	227	95	96	.	19.33333
309	9	Re5	D5	327	327	1	4	909	95	96	.	19.5
310	9	Mi5	E5	336	336	1	8	455	95	96	.	19.58333
311	9	Fa5#5	F5#5	345	345	1	8	455	95	96	.	19.66667
312	9	Sol5	G5	349	349	3	8	1364	95	96	.	19.91667
313	9			-1	-1	1	8	455	100	66		20
314	53			0	0	0	0	0	0	73		20
315	9	Re5	D5	327	327	1	4	909	95	80	Üm	20.16667
316	9	Sol5	G5	349	349	3	16	682	99	87	mî	20.29167
317	9	La5	A5	358	358	1	16	227	95	93		20.33333
318	9	Si5	B5	367	367	3	16	682	99	100	di 	20.45833
319	9	La5	A5	358	358	1	16	227	95	107		20.5
320	9	Sol5	G5	349	349	1	16	227	99	114	ký	20.54167
321	8	La5	A5	358	358	0	0	0	99	96		20.54167
322	9	Sol5	G5	349	349	1	32	114	99	96		20.5625
323	9	Fa5#5	F5#5	345	345	1	32	114	99	96		20.58333
324	9	Sol5	G5	349	349	1	16	227	99	96		20.625
325	9	Mi5	E5	336	336	1	16	227	95	96		20.66667
326	9	Re5	D5	327	327	1	2	1818	95	96	rýl	21
327	53			0	0	0	0	0	0	0		21
328	9	Re5	D5	327	327	1	8	455	99	96	mýþ 	21.08333
329	9	Mi5	E5	336	336	1	8	455	99	96		21.16667
330	9	Fa5	F5	340	340	1	8	455	99	96		21.25
331	9	Mi5	E5	336	336	1	8	455	50	96		21.33333
332	9	Re5	D5	327	327	1	8	455	99	96	be	21.41667
333	9	Do5	C5	318	318	1	8	455	95	96		21.5
334	9	Si4b1	B4b1	313	313	1	8	455	99	96	ni 	21.58333
335	9	La4	A4	305	305	1	8	455	95	96		21.66667
336	9	Re5	D5	327	327	3	8	1364	99	96	â	21.91667
337	9	Mi5	E5	336	336	1	16	227	99	96		21.95833
338	9	Fa5#5	F5#5	345	345	1	16	227	95	96		22
339	12	Sol5	G5	349	349	3	8	1364	99	96	ti	22.25
340	9	Fa5	F5	340	340	1	16	227	99	96		22.29167
341	9	Mi5	E5	336	336	1	16	227	95	96		22.33333
342	9	Re5	D5	327	327	3	16	682	99	96	ye 	22.45833
343	9	Do5	C5	318	318	1	16	227	95	96		22.5
344	9	Si4	B4	314	314	1	4	909	95	96	ne 	22.66667
345	9	La4	A4	305	305	3	16	682	99	96	bað	22.79167
346	9	Si4	B4	314	314	1	16	227	99	96		22.83333
347	9	Do5	C5	318	318	1	16	227	99	96		22.875
348	8	Re5	D5	327	327	0	0	0	99	96		22.875
349	9	Do5	C5	318	318	1	32	114	99	96		22.89583
350	9	Si4	B4	314	314	1	32	114	99	96		22.91667
351	9	Do5	C5	318	318	1	16	227	99	96		22.95833
352	9	La4	A4	305	305	1	16	227	95	96		23
353	9	Sol4	G4	296	296	1	2	1818	95	96	lar  	23.33333
354	53			0	0	0	0	0	0	0		23.33333
355	54			0	0	0	0	0	0	0	segah@si5b1	23.33333
356	9	Si5	B5	367	367	1	4	909	95	96	SAZ	23.5
357	9	La5#3	A5#4	361	362	1	16	227	95	96	.	23.54167
358	9	Si5	B5	367	367	1	16	227	95	96	.	23.58333
359	9	Do6	C6	371	371	1	16	227	95	96	.	23.625
360	9	Si5	B5	367	367	1	16	227	95	96	.	23.66667
361	1	Si5	B5	367	367	1	24	152	95	96	.	23.69444
362	1	La5#3	A5#4	361	362	1	24	152	95	96	.	23.72222
363	1	Sol5	G5	349	349	1	24	152	95	96	.	23.75
364	1	Fa5#5	F5#5	345	345	1	24	152	95	96	.	23.77778
365	1	Mi5	E5	336	336	1	24	152	95	96	.	23.80556
366	1	Re5#4	D5#4	331	331	1	24	152	95	96	.	23.83333
367	1	Do6	C6	371	371	1	24	152	95	96	.	23.86111
368	1	Si5	B5	367	367	1	24	152	95	96	.	23.88889
369	1	La5#3	A5#4	361	362	1	24	152	95	96	.	23.91667
370	9	Si5	B5	367	367	1	8	455	95	96	.	24
371	53			0	0	0	0	0	0	0		24
372	9	Si5	B5	367	367	3	16	682	99	96	Gön	24.125
373	9	La5#3	A5#4	361	362	1	16	227	95	96		24.16667
374	9	Sol5	G5	349	349	3	16	682	99	96	lüm	24.29167
375	9	Fa5#5	F5#5	345	345	1	16	227	95	96		24.33333
376	9	Sol5	G5	349	349	3	32	341	99	96	de	24.39583
377	9	Fa5#5	F5#5	345	345	1	32	114	99	96		24.41667
378	9	Mi5	E5	336	336	1	16	227	99	96		24.45833
379	9	Re5#4	D5#4	331	331	1	16	227	95	96		24.5
380	9	Mi5	E5	336	336	1	16	227	99	96	ki 	24.54167
381	9	Fa5#5	F5#5	345	345	1	16	227	99	96		24.58333
382	9	Sol5	G5	349	349	1	16	227	99	96		24.625
383	9	La5#3	A5#4	361	362	1	16	227	95	96		24.66667
384	9	Si5	B5	367	367	3	8	1364	99	84	ök	24.91667
385	9	La5#3	A5#4	361	362	1	8	455	95	84		25
386	12	Sol5	G5	349	349	3	8	1364	99	84	süz	25.25
387	9	Fa5#5	F5#5	345	345	1	8	455	95	84		25.33333
388	9	Mi5	E5	336	336	1	8	455	99	84	lü	25.41667
389	9	Re5#4	D5#4	331	331	1	8	455	95	84		25.5
390	9	Mi5	E5	336	336	1	8	455	99	84	ðe 	25.58333
391	8	La5	A5	358	358	0	0	0	99	84		25.58333
392	9	Sol5	G5	349	349	1	16	227	99	84		25.625
393	9	Fa5#5	F5#5	345	345	1	16	227	95	84		25.66667
394	9	Fa5#5	F5#5	345	345	3	8	1364	99	96	hat	25.91667
395	9	Mi5	E5	336	336	1	8	455	95	96		26
396	55			0	0	0	0	0	0	0		26
397	53			0	0	0	0	0	0	66		26
398	9	Mi5	E5	336	336	1	24	152	99	68	tâ 	26.02778
399	9	Mi5	E5	336	336	1	24	152	99	69		26.05556
400	9	Re5	D5	327	327	1	24	152	99	71		26.08333
401	9	Re5	D5	327	327	1	4	909	99	73		26.25
402	9	Mi5	E5	336	336	1	16	227	99	75		26.29167
403	9	Fa5#5	F5#5	345	345	1	16	227	95	76		26.33333
404	9	Sol5	G5	349	349	1	16	227	99	78	gü	26.375
405	8	La5	A5	358	358	0	0	0	99	96		26.375
406	9	Sol5	G5	349	349	1	32	114	99	96		26.39583
407	9	Fa5#5	F5#5	345	345	1	32	114	99	96		26.41667
408	9	Sol5	G5	349	349	1	16	227	99	66		26.45833
409	9	Mi5	E5	336	336	1	16	227	95	78		26.5
410	9	Re5	D5	327	327	1	8	455	99	90	len 	26.58333
411	9	Si5	B5	367	367	1	8	455	95	102		26.66667
412	9	La5	A5	358	358	1	4	909	99	114	að	26.83333
413	9	La5	A5	358	358	1	16	227	99	96		26.875
414	9	Do6	C6	371	371	1	16	227	99	96		26.91667
415	9	Si5	B5	367	367	1	16	227	99	96		26.95833
416	9	La5	A5	358	358	1	16	227	95	96		27
417	9	Sol5	G5	349	349	1	2	1818	95	84	lar  	27.33333
418	53			0	0	0	0	0	0	0		27.33333
419	54			0	0	0	0	0	0	0	segah@si5b1	27.33333
420	9	Si5	B5	367	367	1	4	909	95	96	SAZ	27.5
421	9	La5#3	A5#4	361	362	1	16	227	95	96	.	27.54167
422	9	Si5	B5	367	367	1	16	227	95	96	.	27.58333
423	9	Do6	C6	371	371	1	16	227	95	96	.	27.625
424	9	Si5	B5	367	367	1	16	227	95	96	.	27.66667
425	1	Si5	B5	367	367	1	24	152	95	96	.	27.69444
426	1	La5#3	A5#4	361	362	1	24	152	95	96	.	27.72222
427	1	Sol5	G5	349	349	1	24	152	95	96	.	27.75
428	1	Fa5#5	F5#5	345	345	1	24	152	95	96	.	27.77778
429	1	Mi5	E5	336	336	1	24	152	95	96	.	27.80556
430	1	Re5#4	D5#4	331	331	1	24	152	95	96	.	27.83333
431	1	Do6	C6	371	371	1	24	152	95	96	.	27.86111
432	1	Si5	B5	367	367	1	24	152	95	96	.	27.88889
433	1	La5#3	A5#4	361	362	1	24	152	95	96	.	27.91667
434	9	Si5	B5	367	367	1	8	455	95	96	.	28
435	53			0	0	0	0	0	0	0		28
436	9	Si5	B5	367	367	3	16	682	99	96	Gön	28.125
437	9	La5#3	A5#4	361	362	1	16	227	95	96		28.16667
438	9	Sol5	G5	349	349	3	16	682	99	96	lüm	28.29167
439	9	Fa5#5	F5#5	345	345	1	16	227	95	96		28.33333
440	9	Sol5	G5	349	349	3	32	341	99	96	de	28.39583
441	9	Fa5#5	F5#5	345	345	1	32	114	99	96		28.41667
442	9	Mi5	E5	336	336	1	16	227	99	96		28.45833
443	9	Re5#4	D5#4	331	331	1	16	227	95	96		28.5
444	9	Mi5	E5	336	336	1	16	227	99	96	ki 	28.54167
445	9	Fa5#5	F5#5	345	345	1	16	227	99	96		28.58333
446	9	Sol5	G5	349	349	1	16	227	99	96		28.625
447	9	La5#3	A5#4	361	362	1	16	227	95	96		28.66667
448	9	Si5	B5	367	367	3	8	1364	99	84	ök	28.91667
449	9	La5#3	A5#4	361	362	1	8	455	95	84		29
450	12	Sol5	G5	349	349	3	8	1364	99	84	süz	29.25
451	9	Fa5#5	F5#5	345	345	1	8	455	95	84		29.33333
452	9	Mi5	E5	336	336	1	8	455	99	84	lü	29.41667
453	9	Re5#4	D5#4	331	331	1	8	455	95	84		29.5
454	9	Mi5	E5	336	336	1	8	455	99	84	ðe 	29.58333
455	8	La5	A5	358	358	0	0	0	99	84		29.58333
456	9	Sol5	G5	349	349	1	16	227	99	84		29.625
457	9	Fa5#5	F5#5	345	345	1	16	227	95	84		29.66667
458	9	Fa5#5	F5#5	345	345	3	8	1364	99	96	hat	29.91667
459	9	Mi5	E5	336	336	1	8	455	95	96		30
460	55			0	0	0	0	0	0	0		30
461	53			0	0	0	0	0	0	66		30
462	9	Mi5	E5	336	336	1	24	152	99	68	tâ 	30.02778
463	9	Mi5	E5	336	336	1	24	152	99	69		30.05556
464	9	Re5	D5	327	327	1	24	152	99	71		30.08333
465	9	Re5	D5	327	327	1	4	909	99	73		30.25
466	9	Mi5	E5	336	336	1	16	227	99	75		30.29167
467	9	Fa5#5	F5#5	345	345	1	16	227	95	76		30.33333
468	9	Sol5	G5	349	349	1	16	227	99	78	gü	30.375
469	8	La5	A5	358	358	0	0	0	99	96		30.375
470	9	Sol5	G5	349	349	1	32	114	99	96		30.39583
471	9	Fa5#5	F5#5	345	345	1	32	114	99	96		30.41667
472	9	Sol5	G5	349	349	1	16	227	99	66		30.45833
473	9	Mi5	E5	336	336	1	16	227	95	78		30.5
474	9	Re5	D5	327	327	1	8	455	99	90	len 	30.58333
475	9	Si5	B5	367	367	1	8	455	95	102		30.66667
476	9	La5	A5	358	358	1	4	909	99	114	að	30.83333
477	9	La5	A5	358	358	1	16	227	99	96		30.875
478	9	Do6	C6	371	371	1	16	227	99	96		30.91667
479	9	Si5	B5	367	367	1	16	227	99	96		30.95833
480	9	La5	A5	358	358	1	16	227	95	96		31
481	9	Sol5	G5	349	349	3	8	1364	95	84	lar  	31.25
482	53			0	0	0	0	0	0	0		31.25
483	9	Fa5	F5	340	340	1	16	227	95	96	SAZ	31.29167
484	9	Mi5	E5	336	336	1	16	227	95	96	.	31.33333
485	9	Re5	D5	327	327	1	4	909	95	96	.	31.5
486	9	Mi5	E5	336	336	1	8	455	95	96	.	31.58333
487	9	Fa5#5	F5#5	345	345	1	8	455	95	96	.	31.66667
488	9	Sol5	G5	349	349	3	8	1364	95	96	.	31.91667
489	9			-1	-1	1	8	455	100	66		32
490	53			0	0	0	0	0	0	73		32
491	9	Re5	D5	327	327	1	4	909	95	80	Üm	32.16667
492	9	Sol5	G5	349	349	3	16	682	99	87	mî	32.29167
493	9	La5	A5	358	358	1	16	227	95	93		32.33333
494	9	Si5	B5	367	367	3	16	682	99	100	di 	32.45833
495	9	La5	A5	358	358	1	16	227	95	107		32.5
496	9	Sol5	G5	349	349	1	16	227	99	114	ký	32.54167
497	8	La5	A5	358	358	0	0	0	99	96		32.54167
498	9	Sol5	G5	349	349	1	32	114	99	96		32.5625
499	9	Fa5#5	F5#5	345	345	1	32	114	99	96		32.58333
500	9	Sol5	G5	349	349	1	16	227	99	96		32.625
501	9	Mi5	E5	336	336	1	16	227	95	96		32.66667
502	9	Re5	D5	327	327	1	2	1818	95	96	rýl	33
503	53			0	0	0	0	0	0	0		33
504	9	Re5	D5	327	327	1	8	455	99	96	mýþ 	33.08333
505	9	Mi5	E5	336	336	1	8	455	99	96		33.16667
506	9	Fa5	F5	340	340	1	8	455	99	96		33.25
507	9	Mi5	E5	336	336	1	8	455	50	96		33.33333
508	9	Re5	D5	327	327	1	8	455	99	96	be	33.41667
509	9	Do5	C5	318	318	1	8	455	95	96		33.5
510	9	Si4b1	B4b1	313	313	1	8	455	99	96	ni 	33.58333
511	9	La4	A4	305	305	1	8	455	95	96		33.66667
512	9	Re5	D5	327	327	3	8	1364	99	96	â	33.91667
513	9	Mi5	E5	336	336	1	16	227	99	96		33.95833
514	9	Fa5#5	F5#5	345	345	1	16	227	95	96		34
515	12	Sol5	G5	349	349	3	8	1364	99	96	ti	34.25
516	9	Fa5	F5	340	340	1	16	227	99	96		34.29167
517	9	Mi5	E5	336	336	1	16	227	95	96		34.33333
518	9	Re5	D5	327	327	3	16	682	99	96	ye 	34.45833
519	9	Do5	C5	318	318	1	16	227	95	96		34.5
520	9	Si4	B4	314	314	1	4	909	95	96	ne 	34.66667
521	9	La4	A4	305	305	3	16	682	99	96	bað	34.79167
522	9	Si4	B4	314	314	1	16	227	99	96		34.83333
523	9	Do5	C5	318	318	1	16	227	99	96		34.875
524	8	Re5	D5	327	327	0	0	0	99	96		34.875
525	9	Do5	C5	318	318	1	32	114	99	96		34.89583
526	9	Si4	B4	314	314	1	32	114	99	96		34.91667
527	9	Do5	C5	318	318	1	16	227	99	96		34.95833
528	9	La4	A4	305	305	1	16	227	95	96		35
529	9	Sol4	G4	296	296	1	4	909	99	96	lar  	35.16667
530	53			0	0	0	0	0	0	0		35.16667
531	9	Sol4	G4	296	296	1	16	227	95	96		35.20833
532	9	Sol5	G5	349	349	1	16	227	95	96	SAZ	35.25
533	9	Fa5	F5	340	340	1	16	227	95	96	.	35.29167
534	9	Mi5	E5	336	336	1	16	227	95	96	.	35.33333
535	9	Re5	D5	327	327	1	4	909	95	96	.	35.5
536	9	Mi5	E5	336	336	1	8	455	95	96	.	35.58333
537	9	Fa5#5	F5#5	345	345	1	8	455	95	96	.	35.66667
538	9	Sol5	G5	349	349	3	8	1364	95	96	.	35.91667
539	9			-1	-1	1	8	455	100	66		36
540	53			0	0	0	0	0	0	73		36
541	9	Re5	D5	327	327	1	4	909	95	80	Üm	36.16667
542	9	Sol5	G5	349	349	3	16	682	99	87	mî	36.29167
543	9	La5	A5	358	358	1	16	227	95	93		36.33333
544	9	Si5	B5	367	367	3	16	682	99	100	di 	36.45833
545	9	La5	A5	358	358	1	16	227	95	107		36.5
546	9	Sol5	G5	349	349	1	16	227	99	114	ký	36.54167
547	8	La5	A5	358	358	0	0	0	99	96		36.54167
548	9	Sol5	G5	349	349	1	32	114	99	96		36.5625
549	9	Fa5#5	F5#5	345	345	1	32	114	99	96		36.58333
550	9	Sol5	G5	349	349	1	16	227	99	96		36.625
551	9	Mi5	E5	336	336	1	16	227	95	96		36.66667
552	9	Re5	D5	327	327	1	2	1818	95	96	rýl	37
553	53			0	0	0	0	0	0	0		37
554	9	Re5	D5	327	327	1	8	455	99	96	mýþ 	37.08333
555	9	Mi5	E5	336	336	1	8	455	99	96		37.16667
556	9	Fa5	F5	340	340	1	8	455	99	96		37.25
557	9	Mi5	E5	336	336	1	8	455	50	96		37.33333
558	9	Re5	D5	327	327	1	8	455	99	96	be	37.41667
559	9	Do5	C5	318	318	1	8	455	95	96		37.5
560	9	Si4b1	B4b1	313	313	1	8	455	99	96	ni 	37.58333
561	9	La4	A4	305	305	1	8	455	95	96		37.66667
562	9	Re5	D5	327	327	3	8	1364	99	96	â	37.91667
563	9	Mi5	E5	336	336	1	16	227	99	96		37.95833
564	9	Fa5#5	F5#5	345	345	1	16	227	95	96		38
565	12	Sol5	G5	349	349	3	8	1364	99	96	ti	38.25
566	9	Fa5	F5	340	340	1	16	227	99	96		38.29167
567	9	Mi5	E5	336	336	1	16	227	95	96		38.33333
568	9	Re5	D5	327	327	3	16	682	99	96	ye 	38.45833
569	9	Do5	C5	318	318	1	16	227	95	96		38.5
570	9	Si4	B4	314	314	1	4	909	95	96	ne 	38.66667
571	9	La4	A4	305	305	3	16	682	99	96	bað	38.79167
572	9	Si4	B4	314	314	1	16	227	99	96		38.83333
573	9	Do5	C5	318	318	1	16	227	99	96		38.875
574	8	Re5	D5	327	327	0	0	0	99	96		38.875
575	9	Do5	C5	318	318	1	32	114	99	96		38.89583
576	9	Si4	B4	314	314	1	32	114	99	96		38.91667
577	9	Do5	C5	318	318	1	16	227	99	96		38.95833
578	9	La4	A4	305	305	1	16	227	95	96		39
579	9	Sol4	G4	296	296	1	4	909	99	96		39.16667
580	53			0	0	0	0	0	0	0		39.16667
581	9	Sol4	G4	296	296	1	16	227	95	96	KARAR	39.20833
582	9	Sol5	G5	349	349	1	16	227	95	96		39.25
583	9	Fa5#5	F5#5	345	345	1	16	227	95	96		39.29167
584	9	Mi5	E5	336	336	1	16	227	95	96		39.33333
585	9	Re5	D5	327	327	3	16	682	95	96		39.45833
586	9	Do5	C5	318	318	1	16	227	95	96		39.5
587	9	Si4	B4	314	314	1	24	152	95	96		39.52778
588	9	La4	A4	305	305	1	24	152	95	96		39.55556
589	9	Si4	B4	314	314	1	24	152	95	96		39.58333
590	9	Do5	C5	318	318	1	16	227	95	96		39.625
591	9	La4	A4	305	305	1	16	227	95	96		39.66667
592	9	Sol4	G4	296	296	3	8	1364	95	96		39.91667
593	9			-1	-1	1	8	455	100	0		40
594	53			0	0	0	0	0	0	0		40
