Sýra	Kod	Nota53	NotaAE	Koma53	KomaAE	Pay	Payda	Ms	LNS	Bas	Soz1	Offset
1	9	Sol5	G5	349	349	1	8	303	95	96	ARANAÐME 	0.1111111
2	9	La5	A5	358	358	1	8	303	95	96	.	0.2222222
3	9	Si5	B5	367	367	1	4	606	95	96	.	0.4444444
4	9			-1	-1	1	4	606	100	0		0.6666667
5	9	Si5	B5	367	367	1	8	303	95	96	.	0.7777778
6	9	La5	A5	358	358	1	8	303	95	96	.	0.8888889
7	9	Sol5	G5	349	349	1	8	303	95	96	.	1
8	9	Do6	C6	371	371	3	16	455	95	96	.	1.166667
9	9	Si5	B5	367	367	1	16	152	95	96	.	1.222222
10	9	Do6	C6	371	371	1	8	303	95	96	.	1.333333
11	9	Re6	D6	380	380	1	8	303	95	96	.	1.444444
12	9	Do6	C6	371	371	1	8	303	95	96	.	1.555556
13	9	Si5	B5	367	367	1	8	303	95	96	.	1.666667
14	9	La5	A5	358	358	1	4	606	95	96	.	1.888889
15	9			-1	-1	1	8	303	100	0	.	2
16	53			0	0	0	0	0	0	0		2
17	9	Fa5#5	F5#5	345	345	1	8	303	95	96	.	2.111111
18	9	Sol5	G5	349	349	1	8	303	95	96	.	2.222222
19	9	La5	A5	358	358	1	4	606	95	96	.	2.444444
20	9			-1	-1	1	4	606	100	0	.	2.666667
21	9	Si5	B5	367	367	1	8	303	95	96	.	2.777778
22	9	La5	A5	358	358	1	8	303	95	96	.	2.888889
23	9	Sol5	G5	349	349	1	8	303	95	96	.	3
24	9	Fa5#5	F5#5	345	345	3	16	455	95	96	.	3.166667
25	9	Mi5	E5	336	336	1	16	152	95	96	.	3.222222
26	9	Fa5#5	F5#5	345	345	1	8	303	95	96	.	3.333333
27	9	Sol5	G5	349	349	1	8	303	95	96	.	3.444444
28	9	Fa5#5	F5#5	345	345	1	8	303	95	96	.	3.555556
29	9	Mi5	E5	336	336	1	8	303	95	96	.	3.666667
30	9	Re5	D5	327	327	1	8	303	95	96	.	3.777778
31	9	Mi5	E5	336	336	1	8	303	95	96	.	3.888889
32	9	Fa5#5	F5#5	345	345	1	8	303	95	96	.	4
33	9	Sol5	G5	349	349	1	4	606	95	96	.	4.222222
34	9	Fa5	F5	340	340	1	8	303	95	96	.	4.333333
35	9	Mi5	E5	336	336	1	8	303	95	96	.	4.444445
36	9	Re5	D5	327	327	1	4	606	95	96	.	4.666667
37	9	Mi5	E5	336	336	1	8	303	95	96	.	4.777778
38	9	Re5	D5	327	327	1	8	303	95	96	.	4.888889
39	9	Do5	C5	318	318	1	8	303	95	96	.	5
40	9	Si4	B4	314	314	3	16	455	95	96	.	5.166667
41	9	La4	A4	305	305	1	16	152	95	96	.	5.222222
42	9	Si4	B4	314	314	1	8	303	95	96	.	5.333333
43	9	Do5	C5	318	318	1	8	303	95	96	.	5.444445
44	9	Si4	B4	314	314	1	8	303	95	96	.	5.555555
45	9	La4	A4	305	305	1	8	303	95	96	.	5.666667
46	9	Sol4	G4	296	296	1	4	606	95	96	.	5.888889
47	9			-1	-1	1	8	303	100	0	.	6
48	53			0	0	0	0	0	0	0		6
49	9	La4	A4	305	305	3	16	455	95	96	.	6.166667
50	9	Sol4	G4	296	296	1	16	152	95	96	.	6.222222
51	9	La4	A4	305	305	1	8	303	95	96	.	6.333333
52	9	Do5	C5	318	318	1	8	303	95	96	.	6.444445
53	9	Si4	B4	314	314	1	4	606	95	96	.	6.666667
54	9	La4	A4	305	305	1	8	303	95	96	.	6.777778
55	9	Sol4	G4	296	296	1	8	303	95	96	.	6.888889
56	9	Fa4#5	F4#5	292	292	1	8	303	95	96	.	7
57	9	Sol4	G4	296	296	3	8	909	95	96	.	7.333333
58	53			0	0	0	0	0	0	0		7.333333
59	9	Re4	D4	274	274	1	8	303	95	96	.	7.444445
60	9	Mi4	E4	283	283	1	8	303	95	96	.	7.555555
61	9	Fa4#5	F4#5	292	292	1	8	303	95	96	.	7.666667
62	9	Sol4	G4	296	296	1	4	606	95	96	.	7.888889
63	9			-1	-1	1	8	303	100	0	.	8
64	53			0	0	0	0	0	0	0		8
65	9	Sol5	G5	349	349	1	8	303	95	96	ARANAÐME 	8.111111
66	9	La5	A5	358	358	1	8	303	95	96	.	8.222222
67	9	Si5	B5	367	367	1	4	606	95	96	.	8.444445
68	9			-1	-1	1	4	606	100	0		8.666667
69	9	Si5	B5	367	367	1	8	303	95	96	.	8.777778
70	9	La5	A5	358	358	1	8	303	95	96	.	8.888889
71	9	Sol5	G5	349	349	1	8	303	95	96	.	9
72	9	Do6	C6	371	371	3	16	455	95	96	.	9.166667
73	9	Si5	B5	367	367	1	16	152	95	96	.	9.222222
74	9	Do6	C6	371	371	1	8	303	95	96	.	9.333333
75	9	Re6	D6	380	380	1	8	303	95	96	.	9.444445
76	9	Do6	C6	371	371	1	8	303	95	96	.	9.555555
77	9	Si5	B5	367	367	1	8	303	95	96	.	9.666667
78	9	La5	A5	358	358	1	4	606	95	96	.	9.888889
79	9			-1	-1	1	8	303	100	0	.	10
80	53			0	0	0	0	0	0	0		10
81	9	Fa5#5	F5#5	345	345	1	8	303	95	96	.	10.11111
82	9	Sol5	G5	349	349	1	8	303	95	96	.	10.22222
83	9	La5	A5	358	358	1	4	606	95	96	.	10.44444
84	9			-1	-1	1	4	606	100	0	.	10.66667
85	9	Si5	B5	367	367	1	8	303	95	96	.	10.77778
86	9	La5	A5	358	358	1	8	303	95	96	.	10.88889
87	9	Sol5	G5	349	349	1	8	303	95	96	.	11
88	9	Fa5#5	F5#5	345	345	3	16	455	95	96	.	11.16667
89	9	Mi5	E5	336	336	1	16	152	95	96	.	11.22222
90	9	Fa5#5	F5#5	345	345	1	8	303	95	96	.	11.33333
91	9	Sol5	G5	349	349	1	8	303	95	96	.	11.44444
92	9	Fa5#5	F5#5	345	345	1	8	303	95	96	.	11.55556
93	9	Mi5	E5	336	336	1	8	303	95	96	.	11.66667
94	9	Re5	D5	327	327	1	8	303	95	96	.	11.77778
95	9	Mi5	E5	336	336	1	8	303	95	96	.	11.88889
96	9	Fa5#5	F5#5	345	345	1	8	303	95	96	.	12
97	9	Sol5	G5	349	349	1	4	606	95	96	.	12.22222
98	9	Fa5	F5	340	340	1	8	303	95	96	.	12.33333
99	9	Mi5	E5	336	336	1	8	303	95	96	.	12.44444
100	9	Re5	D5	327	327	1	4	606	95	96	.	12.66667
101	9	Mi5	E5	336	336	1	8	303	95	96	.	12.77778
102	9	Re5	D5	327	327	1	8	303	95	96	.	12.88889
103	9	Do5	C5	318	318	1	8	303	95	96	.	13
104	9	Si4	B4	314	314	3	16	455	95	96	.	13.16667
105	9	La4	A4	305	305	1	16	152	95	96	.	13.22222
106	9	Si4	B4	314	314	1	8	303	95	96	.	13.33333
107	9	Do5	C5	318	318	1	8	303	95	96	.	13.44444
108	9	Si4	B4	314	314	1	8	303	95	96	.	13.55556
109	9	La4	A4	305	305	1	8	303	95	96	.	13.66667
110	9	Sol4	G4	296	296	1	4	606	95	96	.	13.88889
111	9			-1	-1	1	8	303	100	0	.	14
112	53			0	0	0	0	0	0	0		14
113	9	La4	A4	305	305	3	16	455	95	96	.	14.16667
114	9	Sol4	G4	296	296	1	16	152	95	96	.	14.22222
115	9	La4	A4	305	305	1	8	303	95	96	.	14.33333
116	9	Do5	C5	318	318	1	8	303	95	96	.	14.44444
117	9	Si4	B4	314	314	1	4	606	95	96	.	14.66667
118	9	La4	A4	305	305	1	8	303	95	96	.	14.77778
119	9	Sol4	G4	296	296	1	8	303	95	96	.	14.88889
120	9	Fa4#5	F4#5	292	292	1	8	303	95	96	.	15
121	9	Sol4	G4	296	296	3	8	909	95	96	.	15.33333
122	53			0	0	0	0	0	0	0		15.33333
123	9	Re4	D4	274	274	1	8	303	95	96	.	15.44444
124	9	Mi4	E4	283	283	1	8	303	95	96	.	15.55556
125	9	Fa4#5	F4#5	292	292	1	8	303	95	96	.	15.66667
126	9	Sol4	G4	296	296	1	4	606	95	96	.	15.88889
127	9			-1	-1	1	8	303	100	0	.	16
128	53			0	0	0	0	0	0	0		16
129	9	Si5	B5	367	367	3	16	455	99	96	Þu 	16.16667
130	9	La5	A5	358	358	1	16	152	95	96		16.22222
131	9	Sol5	G5	349	349	1	8	303	99	96	gü	16.33333
132	9	Fa5#5	F5#5	345	345	1	8	303	95	96		16.44444
133	9	Mi5	E5	336	336	1	8	303	99	96	ze	16.55556
134	9	Fa5#5	F5#5	345	345	1	8	303	95	96		16.66667
135	9	Sol5	G5	349	349	1	4	606	95	96	le 	16.88889
136	9			-1	-1	1	8	303	100	0		17
137	53			0	0	0	0	0	0	0		17
138	9	Sol5	G5	349	349	1	4	606	95	96	bir 	17.22222
139	9	Sol5	G5	349	349	1	8	303	99	96	ba	17.33333
140	9	Do6	C6	371	371	1	8	303	95	96		17.44444
141	9	Si5	B5	367	367	1	8	303	99	96	kýn 	17.55556
142	9	La5#4	A5#4	362	362	1	8	303	99	96		17.66667
143	9	Si5	B5	367	367	1	4	606	95	96		17.88889
144	9			-1	-1	1	8	303	100	0		18
145	53			0	0	0	0	0	0	0		18
146	9	La5	A5	358	358	1	4	606	95	96	ba	18.22222
147	9	Si5	B5	367	367	1	4	606	95	96	ký	18.44444
148	9	Do6	C6	371	371	1	8	303	99	96	þý 	18.55556
149	9	Re6	D6	380	380	1	8	303	95	96		18.66667
150	9	Si5	B5	367	367	1	8	303	99	96	nur 	18.77778
151	9	La5	A5	358	358	1	8	303	99	96		18.88889
152	9	Sol5	G5	349	349	1	8	303	95	96		19
153	9	Si5	B5	367	367	3	16	455	99	96	sa	19.16667
154	9	La5	A5	358	358	1	16	152	95	96		19.22222
155	9	Sol5	G5	349	349	1	8	303	99	96	çý	19.33333
156	9	Fa5#5	F5#5	345	345	1	8	303	95	96		19.44444
157	9	Sol5	G5	349	349	1	4	606	95	96	yor  	19.66667
158	53			0	0	0	0	0	0	0		19.66667
159	9	Re5	D5	327	327	3	8	909	95	96	SAZ	20
160	9	Si5	B5	367	367	3	16	455	99	96	Þu 	20.16667
161	9	La5	A5	358	358	1	16	152	95	96		20.22222
162	9	Sol5	G5	349	349	1	8	303	99	96	gü	20.33333
163	9	Fa5#5	F5#5	345	345	1	8	303	95	96		20.44444
164	9	Mi5	E5	336	336	1	8	303	99	96	ze	20.55556
165	9	Fa5#5	F5#5	345	345	1	8	303	95	96		20.66667
166	9	Sol5	G5	349	349	1	4	606	95	96	le 	20.88889
167	9			-1	-1	1	8	303	100	0		21
168	53			0	0	0	0	0	0	0		21
169	9	Sol5	G5	349	349	1	4	606	95	96	bir 	21.22222
170	9	Sol5	G5	349	349	1	8	303	99	96	ba	21.33333
171	9	Do6	C6	371	371	1	8	303	95	96		21.44444
172	9	Si5	B5	367	367	1	8	303	99	96	kýn 	21.55556
173	9	La5#4	A5#4	362	362	1	8	303	99	96		21.66667
174	9	Si5	B5	367	367	1	4	606	95	96		21.88889
175	9			-1	-1	1	8	303	100	0		22
176	53			0	0	0	0	0	0	0		22
177	9	La5	A5	358	358	1	4	606	95	96	ba	22.22222
178	9	Si5	B5	367	367	1	4	606	95	96	ký	22.44444
179	9	Do6	C6	371	371	1	8	303	99	96	þý 	22.55556
180	9	Re6	D6	380	380	1	8	303	95	96		22.66667
181	9	Si5	B5	367	367	1	8	303	99	96	nur 	22.77778
182	9	La5	A5	358	358	1	8	303	99	96		22.88889
183	9	Sol5	G5	349	349	1	8	303	95	96		23
184	9	Si5	B5	367	367	3	16	455	99	96	sa	23.16667
185	9	La5	A5	358	358	1	16	152	95	96		23.22222
186	9	Sol5	G5	349	349	1	8	303	99	96	çý	23.33333
187	9	Fa5#5	F5#5	345	345	1	8	303	95	96		23.44444
188	9	Sol5	G5	349	349	1	4	606	95	96	yor  	23.66667
189	53			0	0	0	0	0	0	0		23.66667
190	9			-1	-1	3	8	909	100	0		24
191	9	Re5	D5	327	327	1	8	303	95	96	Dö	24.11111
192	9	Sol5	G5	349	349	3	8	909	95	96	nüp 	24.44444
193	9	Sol5	G5	349	349	1	8	303	99	96	dö	24.55556
194	9	Fa5#5	F5#5	345	345	1	8	303	95	96		24.66667
195	9	Sol5	G5	349	349	3	8	909	95	96	nüp 	25
196	53			0	0	0	0	0	0	0		25
197	9			-1	-1	1	4	606	100	0		25.22222
198	9	Do5	C5	318	318	1	8	303	95	96	ba	25.33333
199	9	Mi5	E5	336	336	1	8	303	95	96	ký	25.44444
200	9	Re5	D5	327	327	1	8	303	99	96	yor 	25.55556
201	9	Do5	C5	318	318	1	8	303	99	96		25.66667
202	9	Re5	D5	327	327	1	4	606	95	96		25.88889
203	9			-1	-1	1	8	303	100	0		26
204	53			0	0	0	0	0	0	0		26
205	9	La4	A4	305	305	1	4	606	95	96	â	26.22222
206	9	La4	A4	305	305	1	8	303	99	96	hu 	26.33333
207	9	Do5	C5	318	318	1	8	303	95	96		26.44444
208	9	Si4	B4	314	314	1	8	303	99	96	gi	26.55556
209	9	La4	A4	305	305	1	8	303	95	96		26.66667
210	9	Sol4	G4	296	296	1	4	606	99	96	bi 	26.88889
211	9	La4	A4	305	305	1	8	303	95	96		27
212	9	Si4	B4	314	314	3	16	455	99	96	ka	27.16667
213	9	La4	A4	305	305	1	16	152	95	96		27.22222
214	9	Sol4	G4	296	296	1	8	303	99	96	çý	27.33333
215	9	Fa4#5	F4#5	292	292	1	8	303	95	96		27.44444
216	9	Sol4	G4	296	296	1	4	606	95	96	yor  	27.66667
217	53			0	0	0	0	0	0	0		27.66667
218	9	Do5	C5	318	318	1	16	152	95	96	SAZ	27.72222
219	9	Re5	D5	327	327	1	16	152	95	96	.	27.77778
220	9	Mi5	E5	336	336	1	16	152	95	96	.	27.83333
221	9	Fa5#5	F5#5	345	345	1	16	152	95	96	.	27.88889
222	9	Sol5	G5	349	349	1	8	303	95	96	.	28
223	53			0	0	0	0	0	0	0		28
224	9	Re5	D5	327	327	1	8	303	95	96	Dö	28.11111
225	9	Sol5	G5	349	349	3	8	909	95	96	nüp 	28.44444
226	9	Sol5	G5	349	349	1	8	303	99	96	dö	28.55556
227	9	Fa5#5	F5#5	345	345	1	8	303	95	96		28.66667
228	9	Sol5	G5	349	349	3	8	909	95	96	nüp 	29
229	53			0	0	0	0	0	0	0		29
230	9			-1	-1	1	4	606	100	0		29.22222
231	9	Do5	C5	318	318	1	8	303	95	96	ba	29.33333
232	9	Mi5	E5	336	336	1	8	303	95	96	ký	29.44444
233	9	Re5	D5	327	327	1	8	303	99	96	yor 	29.55556
234	9	Do5	C5	318	318	1	8	303	99	96		29.66667
235	9	Re5	D5	327	327	1	4	606	95	96		29.88889
236	9			-1	-1	1	8	303	100	0		30
237	53			0	0	0	0	0	0	0		30
238	9	La4	A4	305	305	1	4	606	95	96	â	30.22222
239	9	La4	A4	305	305	1	8	303	99	96	hu 	30.33333
240	9	Do5	C5	318	318	1	8	303	95	96		30.44444
241	9	Si4	B4	314	314	1	8	303	99	96	gi	30.55556
242	9	La4	A4	305	305	1	8	303	95	96		30.66667
243	9	Sol4	G4	296	296	1	4	606	99	96	bi 	30.88889
244	9	La4	A4	305	305	1	8	303	95	96		31
245	9	Si4	B4	314	314	3	16	455	99	96	ka	31.16667
246	9	La4	A4	305	305	1	16	152	95	96		31.22222
247	9	Sol4	G4	296	296	1	8	303	99	96	çý	31.33333
248	9	Fa4#5	F4#5	292	292	1	8	303	95	96		31.44444
249	9	Sol4	G4	296	296	1	4	606	95	96	yor  	31.66667
250	53			0	0	0	0	0	0	0		31.66667
251	9	Si5	B5	367	367	1	4	606	95	96	SAZ	31.88889
252	9			-1	-1	1	8	303	100	0		32
253	53			0	0	0	0	0	0	0		32
254	9	Si5	B5	367	367	1	8	303	95	96	Sý	32.11111
255	9	Si5	B5	367	367	3	8	909	95	96	kýl	32.44444
256	9	Si5	B5	367	367	1	4	606	95	96	dýk	32.66667
257	9	Si5	B5	367	367	1	8	303	99	96	ça 	32.77778
258	9	La5	A5	358	358	1	8	303	99	96		32.88889
259	9	Sol5	G5	349	349	1	8	303	95	96		33
260	9	La5	A5	358	358	1	4	606	95	96	ha	33.22222
261	9	Si5	B5	367	367	1	4	606	95	96	va	33.44444
262	9	Do6	C6	371	371	1	16	152	99	96	dan 	33.5
263	9	Re6	D6	380	380	1	16	152	99	96		33.55556
264	9	Do6	C6	371	371	1	16	152	99	96		33.61111
265	9	Si5	B5	367	367	1	16	152	99	96		33.66667
266	9	Do6	C6	371	371	1	4	606	95	96		33.88889
267	9			-1	-1	1	8	303	100	0		34
268	53			0	0	0	0	0	0	0		34
269	9	La5	A5	358	358	1	4	606	95	96	sî	34.22222
270	9	Si5	B5	367	367	1	4	606	95	96	ne	34.44444
271	9	Do6	C6	371	371	1	8	303	99	96	si	34.55556
272	9	Re6	D6	380	380	1	8	303	95	96		34.66667
273	9	Si5	B5	367	367	1	8	303	99	96	ni 	34.77778
274	9	La5	A5	358	358	1	8	303	99	96		34.88889
275	9	Sol5	G5	349	349	1	8	303	95	96		35
276	9	Si5	B5	367	367	3	16	455	99	96	a	35.16667
277	9	La5	A5	358	358	1	16	152	95	96		35.22222
278	9	Sol5	G5	349	349	1	8	303	99	96	çý	35.33333
279	9	Fa5#5	F5#5	345	345	1	8	303	95	96		35.44444
280	9	Sol5	G5	349	349	1	4	606	95	96	yor  	35.66667
281	53			0	0	0	0	0	0	0		35.66667
282	9	Si5	B5	367	367	1	4	606	95	96	SAZ	35.88889
283	9			-1	-1	1	8	303	100	0		36
284	53			0	0	0	0	0	0	0		36
285	9	Si5	B5	367	367	1	8	303	95	96	Sý	36.11111
286	9	Si5	B5	367	367	3	8	909	95	96	kýl	36.44444
287	9	Si5	B5	367	367	1	4	606	95	96	dýk	36.66667
288	9	Si5	B5	367	367	1	8	303	99	96	ça 	36.77778
289	9	La5	A5	358	358	1	8	303	99	96		36.88889
290	9	Sol5	G5	349	349	1	8	303	95	96		37
291	9	La5	A5	358	358	1	4	606	95	96	ha	37.22222
292	9	Si5	B5	367	367	1	4	606	95	96	va	37.44444
293	9	Do6	C6	371	371	1	16	152	99	96	dan 	37.5
294	9	Re6	D6	380	380	1	16	152	99	96		37.55556
295	9	Do6	C6	371	371	1	16	152	99	96		37.61111
296	9	Si5	B5	367	367	1	16	152	99	96		37.66667
297	9	Do6	C6	371	371	1	4	606	95	96		37.88889
298	9			-1	-1	1	8	303	100	0		38
299	53			0	0	0	0	0	0	0		38
300	9	La5	A5	358	358	1	4	606	95	96	sî	38.22222
301	9	Si5	B5	367	367	1	4	606	95	96	ne	38.44444
302	9	Do6	C6	371	371	1	8	303	99	96	si	38.55556
303	9	Re6	D6	380	380	1	8	303	95	96		38.66667
304	9	Si5	B5	367	367	1	8	303	99	96	ni 	38.77778
305	9	La5	A5	358	358	1	8	303	99	96		38.88889
306	9	Sol5	G5	349	349	1	8	303	95	96		39
307	9	Si5	B5	367	367	3	16	455	99	96	a	39.16667
308	9	La5	A5	358	358	1	16	152	95	96		39.22222
309	9	Sol5	G5	349	349	1	8	303	99	96	çý	39.33333
310	9	Fa5#5	F5#5	345	345	1	8	303	95	96		39.44444
311	9	Sol5	G5	349	349	1	4	606	95	96	yor  	39.66667
312	53			0	0	0	0	0	0	0		39.66667
313	9			-1	-1	3	8	909	100	0		40
314	9	Re5	D5	327	327	1	8	303	95	96	Dö	40.11111
315	9	Sol5	G5	349	349	3	8	909	95	96	nüp 	40.44444
316	9	Sol5	G5	349	349	1	8	303	99	96	dö	40.55556
317	9	Fa5#5	F5#5	345	345	1	8	303	95	96		40.66667
318	9	Sol5	G5	349	349	3	8	909	95	96	nüp 	41
319	53			0	0	0	0	0	0	0		41
320	9			-1	-1	1	4	606	100	0		41.22222
321	9	Do5	C5	318	318	1	8	303	95	96	ba	41.33333
322	9	Mi5	E5	336	336	1	8	303	95	96	ký	41.44444
323	9	Re5	D5	327	327	1	8	303	99	96	yor 	41.55556
324	9	Do5	C5	318	318	1	8	303	99	96		41.66667
325	9	Re5	D5	327	327	1	4	606	95	96		41.88889
326	9			-1	-1	1	8	303	100	0		42
327	53			0	0	0	0	0	0	0		42
328	9	La4	A4	305	305	1	4	606	95	96	â	42.22222
329	9	La4	A4	305	305	1	8	303	99	96	hu 	42.33333
330	9	Do5	C5	318	318	1	8	303	95	96		42.44444
331	9	Si4	B4	314	314	1	8	303	99	96	gi	42.55556
332	9	La4	A4	305	305	1	8	303	95	96		42.66667
333	9	Sol4	G4	296	296	1	4	606	99	96	bi 	42.88889
334	9	La4	A4	305	305	1	8	303	95	96		43
335	9	Si4	B4	314	314	3	16	455	99	96	ka	43.16667
336	9	La4	A4	305	305	1	16	152	95	96		43.22222
337	9	Sol4	G4	296	296	1	8	303	99	96	çý	43.33333
338	9	Fa4#5	F4#5	292	292	1	8	303	95	96		43.44444
339	9	Sol4	G4	296	296	1	4	606	95	96	yor  	43.66667
340	53			0	0	0	0	0	0	0		43.66667
341	9	Do5	C5	318	318	1	16	152	95	96	SAZ	43.72222
342	9	Re5	D5	327	327	1	16	152	95	96	.	43.77778
343	9	Mi5	E5	336	336	1	16	152	95	96	.	43.83333
344	9	Fa5#5	F5#5	345	345	1	16	152	95	96	.	43.88889
345	9	Sol5	G5	349	349	1	8	303	95	96	.	44
346	53			0	0	0	0	0	0	0		44
347	9	Re5	D5	327	327	1	8	303	95	96	Dö	44.11111
348	9	Sol5	G5	349	349	3	8	909	95	96	nüp 	44.44444
349	9	Sol5	G5	349	349	1	8	303	99	96	dö	44.55556
350	9	Fa5#5	F5#5	345	345	1	8	303	95	96		44.66667
351	9	Sol5	G5	349	349	3	8	909	95	96	nüp 	45
352	53			0	0	0	0	0	0	0		45
353	9			-1	-1	1	4	606	100	0		45.22222
354	9	Do5	C5	318	318	1	8	303	95	96	ba	45.33333
355	9	Mi5	E5	336	336	1	8	303	95	96	ký	45.44444
356	9	Re5	D5	327	327	1	8	303	99	96	yor 	45.55556
357	9	Do5	C5	318	318	1	8	303	99	96		45.66667
358	9	Re5	D5	327	327	1	4	606	95	96		45.88889
359	9			-1	-1	1	8	303	100	0		46
360	53			0	0	0	0	0	0	0		46
361	9	La4	A4	305	305	1	4	606	95	96	â	46.22222
362	9	La4	A4	305	305	1	8	303	99	96	hu 	46.33333
363	9	Do5	C5	318	318	1	8	303	95	96		46.44444
364	9	Si4	B4	314	314	1	8	303	99	96	gi	46.55556
365	9	La4	A4	305	305	1	8	303	95	96		46.66667
366	9	Sol4	G4	296	296	1	4	606	99	96	bi 	46.88889
367	9	La4	A4	305	305	1	8	303	95	96		47
368	9	Si4	B4	314	314	3	16	455	99	96	ka	47.16667
369	9	La4	A4	305	305	1	16	152	95	96	KARAR	47.22222
370	9	Sol4	G4	296	296	1	8	303	99	96	çý	47.33333
371	9	Fa4#5	F4#5	292	292	1	8	303	95	96		47.44444
372	9	Sol4	G4	296	296	1	2	1212	95	96	yor  	47.88889
373	9			-1	-1	1	8	303	100	0		48
374	53			0	0	0	0	0	0	0		48
