Sýra	Kod	Nota53	NotaAE	Koma53	KomaAE	Pay	Payda	Ms	LNS	Bas	Soz1	Offset
1	9	Sol5	G5	349	349	1	8	294	95	96	1. HANE	0.125
2	9	Sol5	G5	349	349	1	4	588	95	96		0.375
3	9	La5	A5	358	358	1	8	294	95	96		0.5
4	9	Sol5	G5	349	349	1	4	588	95	96		0.75
5	9	La5	A5	358	358	1	8	294	95	96		0.875
6	9	Mi5	E5	336	336	1	8	294	95	96		1
7	53			0	0	0	0	0	0	0		1
8	9	Sol5	G5	349	349	1	8	294	95	96		1.125
9	9	Sol5	G5	349	349	1	4	588	95	96		1.375
10	9	La5	A5	358	358	1	8	294	95	96		1.5
11	9	Sol5	G5	349	349	1	4	588	95	96		1.75
12	9	Fa5#5	F5#5	345	345	1	8	294	95	96		1.875
13	9	Mi5	E5	336	336	1	8	294	95	96		2
14	53			0	0	0	0	0	0	0		2
15	9	Sol5	G5	349	349	1	8	294	95	96		2.125
16	9	Sol5	G5	349	349	1	4	588	95	96		2.375
17	9	La5	A5	358	358	1	8	294	95	96		2.5
18	9	Sol5	G5	349	349	1	4	588	95	96		2.75
19	9	La5	A5	358	358	1	4	588	95	96		3
20	53			0	0	0	0	0	0	0		3
21	9	Fa5#5	F5#5	345	345	1	8	294	95	96		3.125
22	9	Fa5#5	F5#5	345	345	1	8	294	95	96		3.25
23	9	Sol5	G5	349	349	1	8	294	95	96		3.375
24	9	Sol5	G5	349	349	1	8	294	95	96		3.5
25	9	Mi5	E5	336	336	1	4	588	95	96		3.75
26	9	Fa5#5	F5#5	345	345	1	4	588	95	96		4
27	53			0	0	0	0	0	0	0		4
28	9	Re5	D5	327	327	1	8	294	95	96		4.125
29	9	Re5	D5	327	327	1	8	294	95	96		4.25
30	9	Mi5	E5	336	336	1	8	294	95	96		4.375
31	9	Re5	D5	327	327	1	8	294	95	96		4.5
32	9	Mi5	E5	336	336	1	4	588	95	96		4.75
33	9	Fa5#5	F5#5	345	345	1	4	588	95	96		5
34	9	Sol5	G5	349	349	1	8	294	95	96		5.125
35	9	Fa5#5	F5#5	345	345	1	8	294	95	96		5.25
36	9	Mi5	E5	336	336	1	8	294	95	96		5.375
37	9	Fa5#5	F5#5	345	345	1	8	294	95	96		5.5
38	9	Sol5	G5	349	349	3	8	882	95	96		5.875
39	9			-1	-1	1	8	294	100	0		6
40	53			0	0	0	0	0	0	0		6
41	9	Fa5#5	F5#5	345	345	1	8	294	95	96		6.125
42	9	Sol5	G5	349	349	1	8	294	95	96		6.25
43	9	La5	A5	358	358	1	8	294	95	96		6.375
44	9	Si5	B5	367	367	1	8	294	95	96		6.5
45	9	Si5	B5	367	367	1	8	294	95	96		6.625
46	9	La5	A5	358	358	1	8	294	95	96		6.75
47	9	Sol5	G5	349	349	1	4	588	95	96		7
48	53			0	0	0	0	0	0	0		7
49	9	Fa5#5	F5#5	345	345	1	8	294	95	96		7.125
50	9	Sol5	G5	349	349	1	8	294	95	96		7.25
51	9	La5	A5	358	358	1	8	294	95	96		7.375
52	9	Si5	B5	367	367	1	8	294	95	96		7.5
53	9	Si5	B5	367	367	1	8	294	95	96		7.625
54	9	La5	A5	358	358	1	8	294	95	96		7.75
55	9	Sol5	G5	349	349	1	4	588	95	96		8
56	53			0	0	0	0	0	0	0		8
57	9	Fa5#5	F5#5	345	345	1	8	294	95	96		8.125
58	9	Sol5	G5	349	349	1	8	294	95	96		8.25
59	9	La5	A5	358	358	1	8	294	95	96		8.375
60	9	Si5	B5	367	367	1	8	294	95	96		8.5
61	9	Si5	B5	367	367	1	8	294	95	96		8.625
62	9	Sol5	G5	349	349	1	8	294	95	96		8.75
63	9	La5	A5	358	358	1	8	294	95	96		8.875
64	9	Fa5#5	F5#5	345	345	1	8	294	95	96		9
65	9	Sol5	G5	349	349	1	8	294	95	96		9.125
66	9	La5	A5	358	358	1	8	294	95	96		9.25
67	9	Sol5	G5	349	349	1	8	294	95	96		9.375
68	9	La5	A5	358	358	1	8	294	95	96		9.5
69	9	Sol5	G5	349	349	3	8	882	95	96		9.875
70	9			-1	-1	1	8	294	100	0		10
71	53			0	0	0	0	0	0	0		10
72	9	Sol4	G4	296	296	1	8	294	95	96		10.125
73	9	La4	A4	305	305	1	8	294	95	96	TESLÝM	10.25
74	9	Sol4	G4	296	296	1	8	294	95	96		10.375
75	9	Si4	B4	314	314	1	8	294	95	96		10.5
76	9	La4	A4	305	305	1	8	294	95	96		10.625
77	9	Do5	C5	318	318	1	8	294	95	96		10.75
78	9	Si4	B4	314	314	1	8	294	95	96		10.875
79	9	Re5	D5	327	327	1	8	294	95	96		11
80	9	Do5	C5	318	318	1	8	294	95	96		11.125
81	9	Mi5	E5	336	336	1	8	294	95	96		11.25
82	9	Re5	D5	327	327	1	8	294	95	96		11.375
83	9	Fa5#5	F5#5	345	345	1	8	294	95	96		11.5
84	9	Mi5	E5	336	336	1	8	294	95	96		11.625
85	9	Sol5	G5	349	349	1	8	294	95	96		11.75
86	9	Fa5#5	F5#5	345	345	1	8	294	95	96		11.875
87	9	La5	A5	358	358	1	8	294	95	96		12
88	9	Sol5	G5	349	349	1	8	294	95	96		12.125
89	9	Si5	B5	367	367	1	8	294	95	96		12.25
90	9	La5	A5	358	358	1	8	294	95	96		12.375
91	9	Sol5	G5	349	349	1	8	294	95	96		12.5
92	9	Fa5#5	F5#5	345	345	1	8	294	95	96		12.625
93	9	Mi5	E5	336	336	1	8	294	95	96		12.75
94	9	Re5	D5	327	327	1	8	294	95	96		12.875
95	9	Do5#4	C5#4	322	322	1	8	294	95	96		13
96	9	Re5	D5	327	327	1	8	294	95	96		13.125
97	9	Mi5	E5	336	336	1	8	294	95	96		13.25
98	9	Fa5#5	F5#5	345	345	1	8	294	95	96		13.375
99	9	Sol5	G5	349	349	1	8	294	95	96		13.5
100	9	Mi5	E5	336	336	1	8	294	95	96		13.625
101	9	Fa5#5	F5#5	345	345	1	8	294	95	96		13.75
102	9	Sol5	G5	349	349	1	8	294	95	96		13.875
103	9	La5	A5	358	358	1	8	294	95	96		14
104	9	Fa5#5	F5#5	345	345	1	8	294	95	96		14.125
105	9	Sol5	G5	349	349	1	8	294	95	96		14.25
106	9	La5	A5	358	358	1	8	294	95	96		14.375
107	9	Si5	B5	367	367	1	8	294	95	96		14.5
108	9	Si5	B5	367	367	1	8	294	95	96		14.625
109	9	Sol5	G5	349	349	1	8	294	95	96		14.75
110	9	La5	A5	358	358	1	8	294	95	96		14.875
111	9	Fa5#5	F5#5	345	345	1	8	294	95	96		15
112	9	Sol5	G5	349	349	1	8	294	95	96		15.125
113	9	La5	A5	358	358	1	16	147	95	96		15.1875
114	9	Sol5	G5	349	349	1	16	147	95	96		15.25
115	9	La5	A5	358	358	1	8	294	95	96		15.375
116	9	Fa5#5	F5#5	345	345	1	8	294	95	96		15.5
117	9	Sol5	G5	349	349	3	8	882	95	96		15.875
118	9			-1	-1	1	8	294	100	0		16
119	53			0	0	0	0	0	0	0		16
120	9	Sol4	G4	296	296	1	8	294	95	96		16.125
121	9	La4	A4	305	305	1	8	294	95	96	TESLÝM	16.25
122	9	Sol4	G4	296	296	1	8	294	95	96		16.375
123	9	Si4	B4	314	314	1	8	294	95	96		16.5
124	9	La4	A4	305	305	1	8	294	95	96		16.625
125	9	Do5	C5	318	318	1	8	294	95	96		16.75
126	9	Si4	B4	314	314	1	8	294	95	96		16.875
127	9	Re5	D5	327	327	1	8	294	95	96		17
128	9	Do5	C5	318	318	1	8	294	95	96		17.125
129	9	Mi5	E5	336	336	1	8	294	95	96		17.25
130	9	Re5	D5	327	327	1	8	294	95	96		17.375
131	9	Fa5#5	F5#5	345	345	1	8	294	95	96		17.5
132	9	Mi5	E5	336	336	1	8	294	95	96		17.625
133	9	Sol5	G5	349	349	1	8	294	95	96		17.75
134	9	Fa5#5	F5#5	345	345	1	8	294	95	96		17.875
135	9	La5	A5	358	358	1	8	294	95	96		18
136	9	Sol5	G5	349	349	1	8	294	95	96		18.125
137	9	Si5	B5	367	367	1	8	294	95	96		18.25
138	9	La5	A5	358	358	1	8	294	95	96		18.375
139	9	Sol5	G5	349	349	1	8	294	95	96		18.5
140	9	Fa5#5	F5#5	345	345	1	8	294	95	96		18.625
141	9	Mi5	E5	336	336	1	8	294	95	96		18.75
142	9	Re5	D5	327	327	1	8	294	95	96		18.875
143	9	Do5#4	C5#4	322	322	1	8	294	95	96		19
144	9	Re5	D5	327	327	1	8	294	95	96		19.125
145	9	Mi5	E5	336	336	1	8	294	95	96		19.25
146	9	Fa5#5	F5#5	345	345	1	8	294	95	96		19.375
147	9	Sol5	G5	349	349	1	8	294	95	96		19.5
148	9	Mi5	E5	336	336	1	8	294	95	96		19.625
149	9	Fa5#5	F5#5	345	345	1	8	294	95	96		19.75
150	9	Sol5	G5	349	349	1	8	294	95	96		19.875
151	9	La5	A5	358	358	1	8	294	95	96		20
152	9	Fa5#5	F5#5	345	345	1	8	294	95	96		20.125
153	9	Sol5	G5	349	349	1	8	294	95	96		20.25
154	9	La5	A5	358	358	1	8	294	95	96		20.375
155	9	Si5	B5	367	367	1	8	294	95	96		20.5
156	9	Si5	B5	367	367	1	8	294	95	96		20.625
157	9	Sol5	G5	349	349	1	8	294	95	96		20.75
158	9	La5	A5	358	358	1	8	294	95	96		20.875
159	9	Fa5#5	F5#5	345	345	1	8	294	95	96		21
160	9	Sol5	G5	349	349	1	8	294	95	96		21.125
161	9	La5	A5	358	358	1	16	147	95	96		21.1875
162	9	Sol5	G5	349	349	1	16	147	95	96		21.25
163	9	La5	A5	358	358	1	8	294	95	96		21.375
164	9	Fa5#5	F5#5	345	345	1	8	294	95	96		21.5
165	9	Sol5	G5	349	349	3	8	882	95	96		21.875
166	9			-1	-1	1	8	294	100	0		22
167	53			0	0	0	0	0	0	0		22
168	9	Sol5	G5	349	349	1	8	294	95	96		22.125
169	9	Sol5	G5	349	349	1	4	588	95	96		22.375
170	9	La5	A5	358	358	1	8	294	95	96		22.5
171	9	Sol5	G5	349	349	1	8	294	95	96		22.625
172	9	Fa5#5	F5#5	345	345	1	8	294	95	96		22.75
173	9	Mi5	E5	336	336	1	4	588	95	96		23
174	53			0	0	0	0	0	0	0		23
175	9	Fa5#5	F5#5	345	345	1	8	294	95	96		23.125
176	9	Sol5	G5	349	349	1	8	294	95	96		23.25
177	9	Fa5#5	F5#5	345	345	1	8	294	95	96		23.375
178	9	Sol5	G5	349	349	1	8	294	95	96		23.5
179	9	Fa5#5	F5#5	345	345	1	8	294	95	96		23.625
180	9	Mi5	E5	336	336	1	8	294	95	96		23.75
181	9	Re5	D5	327	327	1	4	588	95	96		24
182	53			0	0	0	0	0	0	0		24
183	9	Sol5	G5	349	349	1	8	294	95	96		24.125
184	9	Sol5	G5	349	349	1	4	588	95	96		24.375
185	9	La5	A5	358	358	1	8	294	95	96		24.5
186	9	Sol5	G5	349	349	1	8	294	95	96		24.625
187	9	Fa5#5	F5#5	345	345	1	8	294	95	96		24.75
188	9	Mi5	E5	336	336	1	4	588	95	96		25
189	9	Fa5#5	F5#5	345	345	1	8	294	95	96		25.125
190	9	Sol5	G5	349	349	1	8	294	95	96		25.25
191	9	Fa5#5	F5#5	345	345	1	8	294	95	96		25.375
192	9	Sol5	G5	349	349	1	8	294	95	96		25.5
193	9	Fa5#5	F5#5	345	345	1	8	294	95	96		25.625
194	9	Mi5	E5	336	336	1	8	294	95	96		25.75
195	9	Re5	D5	327	327	1	4	588	95	96		26
196	53			0	0	0	0	0	0	0		26
197	9	Mi5	E5	336	336	1	8	294	95	96		26.125
198	9	Mi5	E5	336	336	1	4	588	95	96		26.375
199	9	Fa5	F5	340	340	1	8	294	95	96		26.5
200	9	Mi5	E5	336	336	1	8	294	95	96		26.625
201	9	Re5	D5	327	327	1	8	294	95	96		26.75
202	9	Do5	C5	318	318	1	4	588	95	96		27
203	9	Re5	D5	327	327	1	8	294	95	96		27.125
204	9	Do5	C5	318	318	1	8	294	95	96		27.25
205	9	Re5	D5	327	327	1	8	294	95	96		27.375
206	9	Mi5	E5	336	336	1	8	294	95	96		27.5
207	9	Re5	D5	327	327	1	8	294	95	96		27.625
208	9	Do5	C5	318	318	1	8	294	95	96		27.75
209	9	Si4	B4	314	314	1	4	588	95	96		28
210	53			0	0	0	0	0	0	0		28
211	9	Si4	B4	314	314	1	8	294	95	96		28.125
212	9	Do5	C5	318	318	1	8	294	95	96		28.25
213	9	Re5	D5	327	327	1	8	294	95	96		28.375
214	9	Mi5	E5	336	336	1	8	294	95	96		28.5
215	9	Mi5	E5	336	336	1	8	294	95	96		28.625
216	9	Do5	C5	318	318	1	8	294	95	96		28.75
217	9	Re5	D5	327	327	1	8	294	95	96		28.875
218	9	Si4	B4	314	314	1	8	294	95	96		29
219	9	Do5	C5	318	318	1	8	294	95	96		29.125
220	9	Re5	D5	327	327	1	4	588	95	96		29.375
221	9	Do5	C5	318	318	1	8	294	95	96		29.5
222	9	Si4	B4	314	314	1	4	588	95	96		29.75
223	9	La4	A4	305	305	1	4	588	95	96		30
224	53			0	0	0	0	0	0	0		30
225	9	Fa4#5	F4#5	292	292	1	8	294	95	96		30.125
226	9	Sol4	G4	296	296	1	8	294	95	96		30.25
227	9	La4	A4	305	305	1	8	294	95	96		30.375
228	9	Si4	B4	314	314	1	8	294	95	96		30.5
229	9	Si4	B4	314	314	1	8	294	95	96		30.625
230	9	Sol4	G4	296	296	1	8	294	95	96		30.75
231	9	La4	A4	305	305	1	8	294	95	96		30.875
232	9	Fa4#5	F4#5	292	292	1	8	294	95	96		31
233	9	Sol4	G4	296	296	1	8	294	95	96		31.125
234	9	La4	A4	305	305	1	16	147	95	96		31.1875
235	9	Sol4	G4	296	296	1	16	147	95	96		31.25
236	9	La4	A4	305	305	1	8	294	95	96		31.375
237	9	Fa4#5	F4#5	292	292	1	8	294	95	96		31.5
238	9	Sol4	G4	296	296	3	8	882	95	96		31.875
239	9			-1	-1	1	8	294	100	0		32
240	53			0	0	0	0	0	0	0		32
241	9	Sol5	G5	349	349	1	8	294	95	96	2. HANE	32.125
242	9	Sol5	G5	349	349	1	4	588	95	96		32.375
243	9	La5	A5	358	358	1	8	294	95	96		32.5
244	9	Sol5	G5	349	349	1	8	294	95	96		32.625
245	9	Fa5#5	F5#5	345	345	1	8	294	95	96		32.75
246	9	Mi5	E5	336	336	1	4	588	95	96		33
247	53			0	0	0	0	0	0	0		33
248	9	Fa5#5	F5#5	345	345	1	8	294	95	96		33.125
249	9	Sol5	G5	349	349	1	8	294	95	96		33.25
250	9	Fa5#5	F5#5	345	345	1	8	294	95	96		33.375
251	9	Sol5	G5	349	349	1	8	294	95	96		33.5
252	9	Fa5#5	F5#5	345	345	1	8	294	95	96		33.625
253	9	Mi5	E5	336	336	1	8	294	95	96		33.75
254	9	Re5	D5	327	327	1	4	588	95	96		34
255	53			0	0	0	0	0	0	0		34
256	9	Sol5	G5	349	349	1	8	294	95	96		34.125
257	9	La5	A5	358	358	1	8	294	95	96		34.25
258	9	Sol5	G5	349	349	1	8	294	95	96		34.375
259	9	La5	A5	358	358	1	8	294	95	96		34.5
260	9	Sol5	G5	349	349	1	8	294	95	96		34.625
261	9	Fa5#5	F5#5	345	345	1	8	294	95	96		34.75
262	9	Mi5	E5	336	336	1	4	588	95	96		35
263	53			0	0	0	0	0	0	0		35
264	9	Fa5#5	F5#5	345	345	1	8	294	95	96		35.125
265	9	Sol5	G5	349	349	1	8	294	95	96		35.25
266	9	Fa5#5	F5#5	345	345	1	8	294	95	96		35.375
267	9	Sol5	G5	349	349	1	8	294	95	96		35.5
268	9	Fa5#5	F5#5	345	345	1	8	294	95	96		35.625
269	9	Mi5	E5	336	336	1	8	294	95	96		35.75
270	9	Re5	D5	327	327	1	8	294	95	96		35.875
271	9	Do5#4	C5#4	322	322	1	8	294	95	96		36
272	9	Re5	D5	327	327	1	8	294	95	96		36.125
273	9	Mi5	E5	336	336	1	8	294	95	96		36.25
274	9	Fa5#5	F5#5	345	345	1	8	294	95	96		36.375
275	9	Sol5	G5	349	349	1	8	294	95	96		36.5
276	9	Mi5	E5	336	336	1	8	294	95	96		36.625
277	9	Fa5#5	F5#5	345	345	1	8	294	95	96		36.75
278	9	Sol5	G5	349	349	1	8	294	95	96		36.875
279	9	La5	A5	358	358	1	8	294	95	96		37
280	9	Fa5#5	F5#5	345	345	1	8	294	95	96		37.125
281	9	Sol5	G5	349	349	1	8	294	95	96		37.25
282	9	La5	A5	358	358	1	8	294	95	96		37.375
283	9	Si5	B5	367	367	1	8	294	95	96		37.5
284	9	Si5	B5	367	367	1	8	294	95	96		37.625
285	9	Sol5	G5	349	349	1	8	294	95	96		37.75
286	9	La5	A5	358	358	1	8	294	95	96		37.875
287	9	Fa5#5	F5#5	345	345	1	8	294	95	96		38
288	9	Sol5	G5	349	349	1	8	294	95	96		38.125
289	9	La5	A5	358	358	1	16	147	95	96		38.1875
290	9	Sol5	G5	349	349	1	16	147	95	96		38.25
291	9	La5	A5	358	358	1	8	294	95	96		38.375
292	9	Fa5#5	F5#5	345	345	1	8	294	95	96		38.5
293	9	Sol5	G5	349	349	3	8	882	95	96		38.875
294	9			-1	-1	1	8	294	100	0		39
295	53			0	0	0	0	0	0	0		39
296	9	Sol5	G5	349	349	1	8	294	95	96		39.125
297	9	Fa5#5	F5#5	345	345	1	8	294	95	96		39.25
298	9	Sol5	G5	349	349	1	8	294	95	96		39.375
299	9	La5	A5	358	358	1	8	294	95	96		39.5
300	9	Si5	B5	367	367	3	8	882	95	96		39.875
301	9			-1	-1	1	8	294	100	0		40
302	53			0	0	0	0	0	0	0		40
303	9	Do6	C6	371	371	1	8	294	95	96		40.125
304	9	Si5	B5	367	367	1	8	294	95	96		40.25
305	9	Do6	C6	371	371	1	8	294	95	96		40.375
306	9	Do6	C6	371	371	1	8	294	95	96		40.5
307	9	Si5	B5	367	367	1	4	588	95	96		40.75
308	9	La5	A5	358	358	1	4	588	95	96		41
309	53			0	0	0	0	0	0	0		41
310	9	Sol5	G5	349	349	1	8	294	95	96		41.125
311	9	Fa5#5	F5#5	345	345	1	8	294	95	96		41.25
312	9	Sol5	G5	349	349	1	8	294	95	96		41.375
313	9	La5	A5	358	358	1	8	294	95	96		41.5
314	9	Si5	B5	367	367	3	8	882	95	96		41.875
315	9			-1	-1	1	8	294	100	0		42
316	53			0	0	0	0	0	0	0		42
317	9	Do6	C6	371	371	1	8	294	95	96		42.125
318	9	Si5	B5	367	367	1	8	294	95	96		42.25
319	9	Do6	C6	371	371	1	8	294	95	96		42.375
320	9	Do6	C6	371	371	1	8	294	95	96		42.5
321	9	Si5	B5	367	367	1	4	588	95	96		42.75
322	9	La5	A5	358	358	1	4	588	95	96		43
323	53			0	0	0	0	0	0	0		43
324	9	Si5	B5	367	367	1	8	294	95	96		43.125
325	9	La5	A5	358	358	1	8	294	95	96		43.25
326	9	Si5	B5	367	367	1	8	294	95	96		43.375
327	9	Do6	C6	371	371	1	8	294	95	96		43.5
328	9	Re6	D6	380	380	1	4	588	95	96		43.75
329	9	Do6	C6	371	371	1	8	294	95	96		43.875
330	9	Si5	B5	367	367	1	8	294	95	96		44
331	9	La5	A5	358	358	1	8	294	95	96		44.125
332	9	Si5	B5	367	367	1	8	294	95	96		44.25
333	9	Do6	C6	371	371	1	8	294	95	96		44.375
334	9	Si5	B5	367	367	1	8	294	95	96		44.5
335	9	La5	A5	358	358	3	8	882	95	96		44.875
336	9			-1	-1	1	8	294	100	0		45
337	53			0	0	0	0	0	0	0		45
338	9	Fa5#5	F5#5	345	345	1	8	294	95	96		45.125
339	9	Sol5	G5	349	349	1	8	294	95	96		45.25
340	9	La5	A5	358	358	1	8	294	95	96		45.375
341	9	Si5	B5	367	367	1	8	294	95	96		45.5
342	9	Si5	B5	367	367	1	8	294	95	96		45.625
343	9	Sol5	G5	349	349	1	8	294	95	96		45.75
344	9	La5	A5	358	358	1	8	294	95	96		45.875
345	9	Fa5#5	F5#5	345	345	1	8	294	95	96		46
346	9	Sol5	G5	349	349	1	8	294	95	96		46.125
347	9	La5	A5	358	358	1	16	147	95	96		46.1875
348	9	Sol5	G5	349	349	1	16	147	95	96		46.25
349	9	La5	A5	358	358	1	8	294	95	96		46.375
350	9	Fa5#5	F5#5	345	345	1	8	294	95	96		46.5
351	9	Sol5	G5	349	349	3	8	882	95	96		46.875
352	9			-1	-1	1	8	294	100	0		47
353	53			0	0	0	0	0	0	0		47
354	9	Sol4	G4	296	296	1	8	294	95	96		47.125
355	9	La4	A4	305	305	1	8	294	95	96	TESLÝM	47.25
356	9	Sol4	G4	296	296	1	8	294	95	96		47.375
357	9	Si4	B4	314	314	1	8	294	95	96		47.5
358	9	La4	A4	305	305	1	8	294	95	96		47.625
359	9	Do5	C5	318	318	1	8	294	95	96		47.75
360	9	Si4	B4	314	314	1	8	294	95	96		47.875
361	9	Re5	D5	327	327	1	8	294	95	96		48
362	9	Do5	C5	318	318	1	8	294	95	96		48.125
363	9	Mi5	E5	336	336	1	8	294	95	96		48.25
364	9	Re5	D5	327	327	1	8	294	95	96		48.375
365	9	Fa5#5	F5#5	345	345	1	8	294	95	96		48.5
366	9	Mi5	E5	336	336	1	8	294	95	96		48.625
367	9	Sol5	G5	349	349	1	8	294	95	96		48.75
368	9	Fa5#5	F5#5	345	345	1	8	294	95	96		48.875
369	9	La5	A5	358	358	1	8	294	95	96		49
370	9	Sol5	G5	349	349	1	8	294	95	96		49.125
371	9	Si5	B5	367	367	1	8	294	95	96		49.25
372	9	La5	A5	358	358	1	8	294	95	96		49.375
373	9	Sol5	G5	349	349	1	8	294	95	96		49.5
374	9	Fa5#5	F5#5	345	345	1	8	294	95	96		49.625
375	9	Mi5	E5	336	336	1	8	294	95	96		49.75
376	9	Re5	D5	327	327	1	8	294	95	96		49.875
377	9	Do5#4	C5#4	322	322	1	8	294	95	96		50
378	9	Re5	D5	327	327	1	8	294	95	96		50.125
379	9	Mi5	E5	336	336	1	8	294	95	96		50.25
380	9	Fa5#5	F5#5	345	345	1	8	294	95	96		50.375
381	9	Sol5	G5	349	349	1	8	294	95	96		50.5
382	9	Mi5	E5	336	336	1	8	294	95	96		50.625
383	9	Fa5#5	F5#5	345	345	1	8	294	95	96		50.75
384	9	Sol5	G5	349	349	1	8	294	95	96		50.875
385	9	La5	A5	358	358	1	8	294	95	96		51
386	9	Fa5#5	F5#5	345	345	1	8	294	95	96		51.125
387	9	Sol5	G5	349	349	1	8	294	95	96		51.25
388	9	La5	A5	358	358	1	8	294	95	96		51.375
389	9	Si5	B5	367	367	1	8	294	95	96		51.5
390	9	Si5	B5	367	367	1	8	294	95	96		51.625
391	9	Sol5	G5	349	349	1	8	294	95	96		51.75
392	9	La5	A5	358	358	1	8	294	95	96		51.875
393	9	Fa5#5	F5#5	345	345	1	8	294	95	96		52
394	9	Sol5	G5	349	349	1	8	294	95	96		52.125
395	9	La5	A5	358	358	1	16	147	95	96		52.1875
396	9	Sol5	G5	349	349	1	16	147	95	96		52.25
397	9	La5	A5	358	358	1	8	294	95	96		52.375
398	9	Fa5#5	F5#5	345	345	1	8	294	95	96		52.5
399	9	Sol5	G5	349	349	3	8	882	95	96		52.875
400	9			-1	-1	1	8	294	100	0		53
401	53			0	0	0	0	0	0	0		53
402	9	Sol4	G4	296	296	1	8	294	95	96		53.125
403	9	La4	A4	305	305	1	8	294	95	96	TESLÝM	53.25
404	9	Sol4	G4	296	296	1	8	294	95	96		53.375
405	9	Si4	B4	314	314	1	8	294	95	96		53.5
406	9	La4	A4	305	305	1	8	294	95	96		53.625
407	9	Do5	C5	318	318	1	8	294	95	96		53.75
408	9	Si4	B4	314	314	1	8	294	95	96		53.875
409	9	Re5	D5	327	327	1	8	294	95	96		54
410	9	Do5	C5	318	318	1	8	294	95	96		54.125
411	9	Mi5	E5	336	336	1	8	294	95	96		54.25
412	9	Re5	D5	327	327	1	8	294	95	96		54.375
413	9	Fa5#5	F5#5	345	345	1	8	294	95	96		54.5
414	9	Mi5	E5	336	336	1	8	294	95	96		54.625
415	9	Sol5	G5	349	349	1	8	294	95	96		54.75
416	9	Fa5#5	F5#5	345	345	1	8	294	95	96		54.875
417	9	La5	A5	358	358	1	8	294	95	96		55
418	9	Sol5	G5	349	349	1	8	294	95	96		55.125
419	9	Si5	B5	367	367	1	8	294	95	96		55.25
420	9	La5	A5	358	358	1	8	294	95	96		55.375
421	9	Sol5	G5	349	349	1	8	294	95	96		55.5
422	9	Fa5#5	F5#5	345	345	1	8	294	95	96		55.625
423	9	Mi5	E5	336	336	1	8	294	95	96		55.75
424	9	Re5	D5	327	327	1	8	294	95	96		55.875
425	9	Do5#4	C5#4	322	322	1	8	294	95	96		56
426	9	Re5	D5	327	327	1	8	294	95	96		56.125
427	9	Mi5	E5	336	336	1	8	294	95	96		56.25
428	9	Fa5#5	F5#5	345	345	1	8	294	95	96		56.375
429	9	Sol5	G5	349	349	1	8	294	95	96		56.5
430	9	Mi5	E5	336	336	1	8	294	95	96		56.625
431	9	Fa5#5	F5#5	345	345	1	8	294	95	96		56.75
432	9	Sol5	G5	349	349	1	8	294	95	96		56.875
433	9	La5	A5	358	358	1	8	294	95	96		57
434	9	Fa5#5	F5#5	345	345	1	8	294	95	96		57.125
435	9	Sol5	G5	349	349	1	8	294	95	96		57.25
436	9	La5	A5	358	358	1	8	294	95	96		57.375
437	9	Si5	B5	367	367	1	8	294	95	96		57.5
438	9	Si5	B5	367	367	1	8	294	95	96		57.625
439	9	Sol5	G5	349	349	1	8	294	95	96		57.75
440	9	La5	A5	358	358	1	8	294	95	96		57.875
441	9	Fa5#5	F5#5	345	345	1	8	294	95	96		58
442	9	Sol5	G5	349	349	1	8	294	95	96		58.125
443	9	La5	A5	358	358	1	16	147	95	96		58.1875
444	9	Sol5	G5	349	349	1	16	147	95	96		58.25
445	9	La5	A5	358	358	1	8	294	95	96		58.375
446	9	Fa5#5	F5#5	345	345	1	8	294	95	96		58.5
447	9	Sol5	G5	349	349	3	8	882	95	96		58.875
448	9			-1	-1	1	8	294	100	0		59
449	53			0	0	0	0	0	0	0		59
450	9	Sol5	G5	349	349	1	8	294	95	96		59.125
451	9	Sol5	G5	349	349	1	4	588	95	96		59.375
452	9	La5	A5	358	358	1	8	294	95	96		59.5
453	9	Sol5	G5	349	349	1	8	294	95	96		59.625
454	9	Fa5#5	F5#5	345	345	1	8	294	95	96		59.75
455	9	Mi5	E5	336	336	1	4	588	95	96		60
456	53			0	0	0	0	0	0	0		60
457	9	Fa5#5	F5#5	345	345	1	8	294	95	96		60.125
458	9	Sol5	G5	349	349	1	8	294	95	96		60.25
459	9	Fa5#5	F5#5	345	345	1	8	294	95	96		60.375
460	9	Sol5	G5	349	349	1	8	294	95	96		60.5
461	9	Fa5#5	F5#5	345	345	1	8	294	95	96		60.625
462	9	Mi5	E5	336	336	1	8	294	95	96		60.75
463	9	Re5	D5	327	327	1	4	588	95	96		61
464	53			0	0	0	0	0	0	0		61
465	9	Sol5	G5	349	349	1	8	294	95	96		61.125
466	9	Sol5	G5	349	349	1	4	588	95	96		61.375
467	9	La5	A5	358	358	1	8	294	95	96		61.5
468	9	Sol5	G5	349	349	1	8	294	95	96		61.625
469	9	Fa5#5	F5#5	345	345	1	8	294	95	96		61.75
470	9	Mi5	E5	336	336	1	4	588	95	96		62
471	9	Fa5#5	F5#5	345	345	1	8	294	95	96		62.125
472	9	Sol5	G5	349	349	1	8	294	95	96		62.25
473	9	Fa5#5	F5#5	345	345	1	8	294	95	96		62.375
474	9	Sol5	G5	349	349	1	8	294	95	96		62.5
475	9	Fa5#5	F5#5	345	345	1	8	294	95	96		62.625
476	9	Mi5	E5	336	336	1	8	294	95	96		62.75
477	9	Re5	D5	327	327	1	4	588	95	96		63
478	53			0	0	0	0	0	0	0		63
479	9	Mi5	E5	336	336	1	8	294	95	96		63.125
480	9	Mi5	E5	336	336	1	4	588	95	96		63.375
481	9	Fa5	F5	340	340	1	8	294	95	96		63.5
482	9	Mi5	E5	336	336	1	8	294	95	96		63.625
483	9	Re5	D5	327	327	1	8	294	95	96		63.75
484	9	Do5	C5	318	318	1	4	588	95	96		64
485	9	Re5	D5	327	327	1	8	294	95	96		64.125
486	9	Do5	C5	318	318	1	8	294	95	96		64.25
487	9	Re5	D5	327	327	1	8	294	95	96		64.375
488	9	Mi5	E5	336	336	1	8	294	95	96		64.5
489	9	Re5	D5	327	327	1	8	294	95	96		64.625
490	9	Do5	C5	318	318	1	8	294	95	96		64.75
491	9	Si4	B4	314	314	1	4	588	95	96		65
492	53			0	0	0	0	0	0	0		65
493	9	Si4	B4	314	314	1	8	294	95	96		65.125
494	9	Do5	C5	318	318	1	8	294	95	96		65.25
495	9	Re5	D5	327	327	1	8	294	95	96		65.375
496	9	Mi5	E5	336	336	1	8	294	95	96		65.5
497	9	Mi5	E5	336	336	1	8	294	95	96		65.625
498	9	Do5	C5	318	318	1	8	294	95	96		65.75
499	9	Re5	D5	327	327	1	8	294	95	96		65.875
500	9	Si4	B4	314	314	1	8	294	95	96		66
501	9	Do5	C5	318	318	1	8	294	95	96		66.125
502	9	Re5	D5	327	327	1	4	588	95	96		66.375
503	9	Do5	C5	318	318	1	8	294	95	96		66.5
504	9	Si4	B4	314	314	1	4	588	95	96		66.75
505	9	La4	A4	305	305	1	4	588	95	96		67
506	53			0	0	0	0	0	0	0		67
507	9	Fa4#5	F4#5	292	292	1	8	294	95	96		67.125
508	9	Sol4	G4	296	296	1	8	294	95	96		67.25
509	9	La4	A4	305	305	1	8	294	95	96		67.375
510	9	Si4	B4	314	314	1	8	294	95	96		67.5
511	9	Si4	B4	314	314	1	8	294	95	96		67.625
512	9	Sol4	G4	296	296	1	8	294	95	96		67.75
513	9	La4	A4	305	305	1	8	294	95	96		67.875
514	9	Fa4#5	F4#5	292	292	1	8	294	95	96		68
515	9	Sol4	G4	296	296	1	8	294	95	96		68.125
516	9	La4	A4	305	305	1	16	147	95	96		68.1875
517	9	Sol4	G4	296	296	1	16	147	95	96		68.25
518	9	La4	A4	305	305	1	8	294	95	96		68.375
519	9	Fa4#5	F4#5	292	292	1	8	294	95	96		68.5
520	9	Sol4	G4	296	296	3	8	882	95	96		68.875
521	9			-1	-1	1	8	294	100	0		69
522	53			0	0	0	0	0	0	0		69
523	9	Fa5#5	F5#5	345	345	1	8	294	95	96	3. HANE	69.125
524	9	Sol5	G5	349	349	1	8	294	95	96		69.25
525	9	La5	A5	358	358	1	4	588	95	96		69.5
526	9	Fa5#5	F5#5	345	345	1	8	294	95	96		69.625
527	9	Sol5	G5	349	349	1	8	294	95	96		69.75
528	9	La5	A5	358	358	1	4	588	95	96		70
529	53			0	0	0	0	0	0	0		70
530	9	Sol5	G5	349	349	1	8	294	95	96		70.125
531	9	La5	A5	358	358	1	8	294	95	96		70.25
532	9	Sol5	G5	349	349	1	8	294	95	96		70.375
533	9	La5	A5	358	358	1	8	294	95	96		70.5
534	9	Sol5	G5	349	349	1	8	294	95	96		70.625
535	9	Fa5#5	F5#5	345	345	1	8	294	95	96		70.75
536	9	Mi5	E5	336	336	1	4	588	95	96		71
537	53			0	0	0	0	0	0	0		71
538	9	Mi5	E5	336	336	1	8	294	95	96		71.125
539	9	Fa5#5	F5#5	345	345	1	8	294	95	96		71.25
540	9	Sol5	G5	349	349	1	4	588	95	96		71.5
541	9	Mi5	E5	336	336	1	8	294	95	96		71.625
542	9	Fa5#5	F5#5	345	345	1	8	294	95	96		71.75
543	9	Sol5	G5	349	349	1	4	588	95	96		72
544	53			0	0	0	0	0	0	0		72
545	9	Fa5#5	F5#5	345	345	1	8	294	95	96		72.125
546	9	Sol5	G5	349	349	1	8	294	95	96		72.25
547	9	Fa5#5	F5#5	345	345	1	8	294	95	96		72.375
548	9	Sol5	G5	349	349	1	8	294	95	96		72.5
549	9	Fa5#5	F5#5	345	345	1	8	294	95	96		72.625
550	9	Mi5	E5	336	336	1	8	294	95	96		72.75
551	9	Re5	D5	327	327	1	8	294	95	96		72.875
552	9	Do5#4	C5#4	322	322	1	8	294	95	96		73
553	9	Re5	D5	327	327	1	8	294	95	96		73.125
554	9	Mi5	E5	336	336	1	8	294	95	96		73.25
555	9	Fa5#5	F5#5	345	345	1	8	294	95	96		73.375
556	9	Sol5	G5	349	349	1	8	294	95	96		73.5
557	9	Mi5	E5	336	336	1	8	294	95	96		73.625
558	9	Fa5#5	F5#5	345	345	1	8	294	95	96		73.75
559	9	Sol5	G5	349	349	1	8	294	95	96		73.875
560	9	La5	A5	358	358	1	8	294	95	96		74
561	9	Fa5#5	F5#5	345	345	1	8	294	95	96		74.125
562	9	Sol5	G5	349	349	1	8	294	95	96		74.25
563	9	La5	A5	358	358	1	8	294	95	96		74.375
564	9	Si5	B5	367	367	1	8	294	95	96		74.5
565	9	Si5	B5	367	367	1	8	294	95	96		74.625
566	9	Sol5	G5	349	349	1	8	294	95	96		74.75
567	9	La5	A5	358	358	1	8	294	95	96		74.875
568	9	Fa5#5	F5#5	345	345	1	8	294	95	96		75
569	9	Sol5	G5	349	349	1	8	294	95	96		75.125
570	9	La5	A5	358	358	1	16	147	95	96		75.1875
571	9	Sol5	G5	349	349	1	16	147	95	96		75.25
572	9	La5	A5	358	358	1	8	294	95	96		75.375
573	9	Fa5#5	F5#5	345	345	1	8	294	95	96		75.5
574	9	Sol5	G5	349	349	3	8	882	95	96		75.875
575	9			-1	-1	1	8	294	100	0		76
576	53			0	0	0	0	0	0	0		76
577	9	Do6	C6	371	371	1	4	588	95	96		76.25
578	9	Si5	B5	367	367	1	8	294	95	96		76.375
579	9	La5	A5	358	358	1	8	294	95	96		76.5
580	9	Si5	B5	367	367	1	4	588	95	96		76.75
581	9	La5	A5	358	358	1	8	294	95	96		76.875
582	9	Sol5	G5	349	349	1	8	294	95	96		77
583	9	La5	A5	358	358	1	8	294	95	96		77.125
584	9	Sol5	G5	349	349	1	8	294	95	96		77.25
585	9	La5	A5	358	358	1	8	294	95	96		77.375
586	9	Si5	B5	367	367	1	8	294	95	96		77.5
587	9	Sol5	G5	349	349	1	4	588	95	96		77.75
588	53			0	0	0	0	0	0	0		77.75
589	9	La5	A5	358	358	1	8	294	95	96		77.875
590	9	Si5	B5	367	367	1	8	294	95	96		78
591	9	Do6	C6	371	371	1	4	588	95	96		78.25
592	9	Si5	B5	367	367	1	8	294	95	96		78.375
593	9	La5	A5	358	358	1	8	294	95	96		78.5
594	9	Si5	B5	367	367	1	4	588	95	96		78.75
595	9	La5	A5	358	358	1	8	294	95	96		78.875
596	9	Sol5	G5	349	349	1	8	294	95	96		79
597	9	La5	A5	358	358	1	8	294	95	96		79.125
598	9	Sol5	G5	349	349	1	8	294	95	96		79.25
599	9	La5	A5	358	358	1	8	294	95	96		79.375
600	9	Si5	B5	367	367	1	8	294	95	96		79.5
601	9	Sol5	G5	349	349	3	8	882	95	96		79.875
602	9			-1	-1	1	8	294	100	0		80
603	53			0	0	0	0	0	0	0		80
604	9	Do6	C6	371	371	1	4	588	95	96		80.25
605	9	Si5	B5	367	367	1	8	294	95	96		80.375
606	9	La5	A5	358	358	1	8	294	95	96		80.5
607	9	Si5	B5	367	367	1	4	588	95	96		80.75
608	9	La5	A5	358	358	1	8	294	95	96		80.875
609	9	Sol5	G5	349	349	1	8	294	95	96		81
610	9	La5	A5	358	358	1	8	294	95	96		81.125
611	9	Sol5	G5	349	349	1	8	294	95	96		81.25
612	9	La5	A5	358	358	1	8	294	95	96		81.375
613	9	Si5	B5	367	367	1	8	294	95	96		81.5
614	9	Sol5	G5	349	349	1	4	588	95	96		81.75
615	53			0	0	0	0	0	0	0		81.75
616	9	La5	A5	358	358	1	8	294	95	96		81.875
617	9	Si5	B5	367	367	1	8	294	95	96		82
618	9	Do6	C6	371	371	1	4	588	95	96		82.25
619	9	Si5	B5	367	367	1	8	294	95	96		82.375
620	9	La5	A5	358	358	1	8	294	95	96		82.5
621	9	Si5	B5	367	367	1	4	588	95	96		82.75
622	9	La5	A5	358	358	1	8	294	95	96		82.875
623	9	Sol5	G5	349	349	1	8	294	95	96		83
624	9	La5	A5	358	358	1	8	294	95	96		83.125
625	9	Sol5	G5	349	349	1	8	294	95	96		83.25
626	9	La5	A5	358	358	1	8	294	95	96		83.375
627	9	Si5	B5	367	367	1	8	294	95	96		83.5
628	9	Sol5	G5	349	349	3	8	882	95	96		83.875
629	9			-1	-1	1	8	294	100	0		84
630	53			0	0	0	0	0	0	0		84
631	9	Sol4	G4	296	296	1	8	294	95	96		84.125
632	9	La4	A4	305	305	1	8	294	95	96	TESLÝM	84.25
633	9	Sol4	G4	296	296	1	8	294	95	96		84.375
634	9	Si4	B4	314	314	1	8	294	95	96		84.5
635	9	La4	A4	305	305	1	8	294	95	96		84.625
636	9	Do5	C5	318	318	1	8	294	95	96		84.75
637	9	Si4	B4	314	314	1	8	294	95	96		84.875
638	9	Re5	D5	327	327	1	8	294	95	96		85
639	9	Do5	C5	318	318	1	8	294	95	96		85.125
640	9	Mi5	E5	336	336	1	8	294	95	96		85.25
641	9	Re5	D5	327	327	1	8	294	95	96		85.375
642	9	Fa5#5	F5#5	345	345	1	8	294	95	96		85.5
643	9	Mi5	E5	336	336	1	8	294	95	96		85.625
644	9	Sol5	G5	349	349	1	8	294	95	96		85.75
645	9	Fa5#5	F5#5	345	345	1	8	294	95	96		85.875
646	9	La5	A5	358	358	1	8	294	95	96		86
647	9	Sol5	G5	349	349	1	8	294	95	96		86.125
648	9	Si5	B5	367	367	1	8	294	95	96		86.25
649	9	La5	A5	358	358	1	8	294	95	96		86.375
650	9	Sol5	G5	349	349	1	8	294	95	96		86.5
651	9	Fa5#5	F5#5	345	345	1	8	294	95	96		86.625
652	9	Mi5	E5	336	336	1	8	294	95	96		86.75
653	9	Re5	D5	327	327	1	8	294	95	96		86.875
654	9	Do5#4	C5#4	322	322	1	8	294	95	96		87
655	9	Re5	D5	327	327	1	8	294	95	96		87.125
656	9	Mi5	E5	336	336	1	8	294	95	96		87.25
657	9	Fa5#5	F5#5	345	345	1	8	294	95	96		87.375
658	9	Sol5	G5	349	349	1	8	294	95	96		87.5
659	9	Mi5	E5	336	336	1	8	294	95	96		87.625
660	9	Fa5#5	F5#5	345	345	1	8	294	95	96		87.75
661	9	Sol5	G5	349	349	1	8	294	95	96		87.875
662	9	La5	A5	358	358	1	8	294	95	96		88
663	9	Fa5#5	F5#5	345	345	1	8	294	95	96		88.125
664	9	Sol5	G5	349	349	1	8	294	95	96		88.25
665	9	La5	A5	358	358	1	8	294	95	96		88.375
666	9	Si5	B5	367	367	1	8	294	95	96		88.5
667	9	Si5	B5	367	367	1	8	294	95	96		88.625
668	9	Sol5	G5	349	349	1	8	294	95	96		88.75
669	9	La5	A5	358	358	1	8	294	95	96		88.875
670	9	Fa5#5	F5#5	345	345	1	8	294	95	96		89
671	9	Sol5	G5	349	349	1	8	294	95	96		89.125
672	9	La5	A5	358	358	1	16	147	95	96		89.1875
673	9	Sol5	G5	349	349	1	16	147	95	96		89.25
674	9	La5	A5	358	358	1	8	294	95	96		89.375
675	9	Fa5#5	F5#5	345	345	1	8	294	95	96		89.5
676	9	Sol5	G5	349	349	3	8	882	95	96		89.875
677	9			-1	-1	1	8	294	100	0		90
678	53			0	0	0	0	0	0	0		90
679	9	Sol4	G4	296	296	1	8	294	95	96		90.125
680	9	La4	A4	305	305	1	8	294	95	96	TESLÝM	90.25
681	9	Sol4	G4	296	296	1	8	294	95	96		90.375
682	9	Si4	B4	314	314	1	8	294	95	96		90.5
683	9	La4	A4	305	305	1	8	294	95	96		90.625
684	9	Do5	C5	318	318	1	8	294	95	96		90.75
685	9	Si4	B4	314	314	1	8	294	95	96		90.875
686	9	Re5	D5	327	327	1	8	294	95	96		91
687	9	Do5	C5	318	318	1	8	294	95	96		91.125
688	9	Mi5	E5	336	336	1	8	294	95	96		91.25
689	9	Re5	D5	327	327	1	8	294	95	96		91.375
690	9	Fa5#5	F5#5	345	345	1	8	294	95	96		91.5
691	9	Mi5	E5	336	336	1	8	294	95	96		91.625
692	9	Sol5	G5	349	349	1	8	294	95	96		91.75
693	9	Fa5#5	F5#5	345	345	1	8	294	95	96		91.875
694	9	La5	A5	358	358	1	8	294	95	96		92
695	9	Sol5	G5	349	349	1	8	294	95	96		92.125
696	9	Si5	B5	367	367	1	8	294	95	96		92.25
697	9	La5	A5	358	358	1	8	294	95	96		92.375
698	9	Sol5	G5	349	349	1	8	294	95	96		92.5
699	9	Fa5#5	F5#5	345	345	1	8	294	95	96		92.625
700	9	Mi5	E5	336	336	1	8	294	95	96		92.75
701	9	Re5	D5	327	327	1	8	294	95	96		92.875
702	9	Do5#4	C5#4	322	322	1	8	294	95	96		93
703	9	Re5	D5	327	327	1	8	294	95	96		93.125
704	9	Mi5	E5	336	336	1	8	294	95	96		93.25
705	9	Fa5#5	F5#5	345	345	1	8	294	95	96		93.375
706	9	Sol5	G5	349	349	1	8	294	95	96		93.5
707	9	Mi5	E5	336	336	1	8	294	95	96		93.625
708	9	Fa5#5	F5#5	345	345	1	8	294	95	96		93.75
709	9	Sol5	G5	349	349	1	8	294	95	96		93.875
710	9	La5	A5	358	358	1	8	294	95	96		94
711	9	Fa5#5	F5#5	345	345	1	8	294	95	96		94.125
712	9	Sol5	G5	349	349	1	8	294	95	96		94.25
713	9	La5	A5	358	358	1	8	294	95	96		94.375
714	9	Si5	B5	367	367	1	8	294	95	96		94.5
715	9	Si5	B5	367	367	1	8	294	95	96		94.625
716	9	Sol5	G5	349	349	1	8	294	95	96		94.75
717	9	La5	A5	358	358	1	8	294	95	96		94.875
718	9	Fa5#5	F5#5	345	345	1	8	294	95	96		95
719	9	Sol5	G5	349	349	1	8	294	95	96		95.125
720	9	La5	A5	358	358	1	16	147	95	96		95.1875
721	9	Sol5	G5	349	349	1	16	147	95	96		95.25
722	9	La5	A5	358	358	1	8	294	95	96		95.375
723	9	Fa5#5	F5#5	345	345	1	8	294	95	96		95.5
724	9	Sol5	G5	349	349	3	8	882	95	96		95.875
725	9			-1	-1	1	8	294	100	0		96
726	53			0	0	0	0	0	0	0		96
727	9	Sol5	G5	349	349	1	8	294	95	96		96.125
728	9	Sol5	G5	349	349	1	4	588	95	96		96.375
729	9	La5	A5	358	358	1	8	294	95	96		96.5
730	9	Sol5	G5	349	349	1	8	294	95	96		96.625
731	9	Fa5#5	F5#5	345	345	1	8	294	95	96		96.75
732	9	Mi5	E5	336	336	1	4	588	95	96		97
733	53			0	0	0	0	0	0	0		97
734	9	Fa5#5	F5#5	345	345	1	8	294	95	96		97.125
735	9	Sol5	G5	349	349	1	8	294	95	96		97.25
736	9	Fa5#5	F5#5	345	345	1	8	294	95	96		97.375
737	9	Sol5	G5	349	349	1	8	294	95	96		97.5
738	9	Fa5#5	F5#5	345	345	1	8	294	95	96		97.625
739	9	Mi5	E5	336	336	1	8	294	95	96		97.75
740	9	Re5	D5	327	327	1	4	588	95	96		98
741	53			0	0	0	0	0	0	0		98
742	9	Sol5	G5	349	349	1	8	294	95	96		98.125
743	9	Sol5	G5	349	349	1	4	588	95	96		98.375
744	9	La5	A5	358	358	1	8	294	95	96		98.5
745	9	Sol5	G5	349	349	1	8	294	95	96		98.625
746	9	Fa5#5	F5#5	345	345	1	8	294	95	96		98.75
747	9	Mi5	E5	336	336	1	4	588	95	96		99
748	9	Fa5#5	F5#5	345	345	1	8	294	95	96		99.125
749	9	Sol5	G5	349	349	1	8	294	95	96		99.25
750	9	Fa5#5	F5#5	345	345	1	8	294	95	96		99.375
751	9	Sol5	G5	349	349	1	8	294	95	96		99.5
752	9	Fa5#5	F5#5	345	345	1	8	294	95	96		99.625
753	9	Mi5	E5	336	336	1	8	294	95	96		99.75
754	9	Re5	D5	327	327	1	4	588	95	96		100
755	53			0	0	0	0	0	0	0		100
756	9	Mi5	E5	336	336	1	8	294	95	96		100.125
757	9	Mi5	E5	336	336	1	4	588	95	96		100.375
758	9	Fa5	F5	340	340	1	8	294	95	96		100.5
759	9	Mi5	E5	336	336	1	8	294	95	96		100.625
760	9	Re5	D5	327	327	1	8	294	95	96		100.75
761	9	Do5	C5	318	318	1	4	588	95	96		101
762	9	Re5	D5	327	327	1	8	294	95	96		101.125
763	9	Do5	C5	318	318	1	8	294	95	96		101.25
764	9	Re5	D5	327	327	1	8	294	95	96		101.375
765	9	Mi5	E5	336	336	1	8	294	95	96		101.5
766	9	Re5	D5	327	327	1	8	294	95	96		101.625
767	9	Do5	C5	318	318	1	8	294	95	96		101.75
768	9	Si4	B4	314	314	1	4	588	95	96		102
769	53			0	0	0	0	0	0	0		102
770	9	Si4	B4	314	314	1	8	294	95	96		102.125
771	9	Do5	C5	318	318	1	8	294	95	96		102.25
772	9	Re5	D5	327	327	1	8	294	95	96		102.375
773	9	Mi5	E5	336	336	1	8	294	95	96		102.5
774	9	Mi5	E5	336	336	1	8	294	95	96		102.625
775	9	Do5	C5	318	318	1	8	294	95	96		102.75
776	9	Re5	D5	327	327	1	8	294	95	96		102.875
777	9	Si4	B4	314	314	1	8	294	95	96		103
778	9	Do5	C5	318	318	1	8	294	95	96		103.125
779	9	Re5	D5	327	327	1	4	588	95	96		103.375
780	9	Do5	C5	318	318	1	8	294	95	96		103.5
781	9	Si4	B4	314	314	1	4	588	95	96		103.75
782	9	La4	A4	305	305	1	4	588	95	96		104
783	53			0	0	0	0	0	0	0		104
784	9	Fa4#5	F4#5	292	292	1	8	294	95	96		104.125
785	9	Sol4	G4	296	296	1	8	294	95	96		104.25
786	9	La4	A4	305	305	1	8	294	95	96		104.375
787	9	Si4	B4	314	314	1	8	294	95	96		104.5
788	9	Si4	B4	314	314	1	8	294	95	96		104.625
789	9	Sol4	G4	296	296	1	8	294	95	96		104.75
790	9	La4	A4	305	305	1	8	294	95	96		104.875
791	9	Fa4#5	F4#5	292	292	1	8	294	95	96		105
792	9	Sol4	G4	296	296	1	8	294	95	96		105.125
793	9	La4	A4	305	305	1	16	147	95	96		105.1875
794	9	Sol4	G4	296	296	1	16	147	95	96		105.25
795	9	La4	A4	305	305	1	8	294	95	96		105.375
796	9	Fa4#5	F4#5	292	292	1	8	294	95	96		105.5
797	9	Sol4	G4	296	296	3	8	882	95	96		105.875
798	9			-1	-1	1	8	294	100	0		106
799	53			0	0	0	0	0	0	0		106
