Sira	Kod	Nota53	NotaAE	Koma53	KomaAE	Pay	Payda	MS	LNS	VelOn	Soz1
1	9	Sol5	G5	349	349	1	4	1500	99	96	
2	9	La5	A5	358	358	1	4	1500	99	96	
3	9	La5	A5	358	358	1	4	1500	95	96	
4	9	La5	A5	358	358	1	4	1500	95	96	
5	9	Sol5	G5	349	349	1	4	1500	95	96	
6	9	Fa5#4	F5#4	344	344	1	4	1500	95	96	
7	9	Sol5	G5	349	349	1	8	750	99	96	
8	9	La5	A5	358	358	1	8	750	99	96	
9	9	Sol5	G5	349	349	1	8	750	99	96	
10	9	La5	A5	358	358	1	8	750	95	96	
11	9	La5	A5	358	358	1	2	3000	95	96	
12	9	La5	A5	358	358	3	8	2250	95	96	
13	9	Es	Es			1	8	750	95	96	
13.5	53										
14	9			-1	-1	1	8	750	95	96	
15	9	La5	A5	358	358	1	4	1500	99	96	
16	9	Si5b1	B5b1	366	366	1	8	750	99	96	
17	9	Si5b1	B5b1	366	366	1	8	750	99	96	
18	9	La5	A5	358	358	1	8	750	99	96	
19	9	Sol5	G5	349	349	1	8	750	99	96	
20	9	Fa5#4	F5#4	344	344	1	8	750	99	96	
21	9	Sol5	G5	349	349	1	4	1500	95	96	
22	9	La5	A5	358	358	1	8	750	99	96	
23	9	Sol5	G5	349	349	1	8	750	99	96	
24	9	La5	A5	358	358	1	4	1500	99	96	
25	9	Si5b1	B5b1	366	366	1	4	1500	95	96	
25.5	53										
26	9			-1	-1	1	8	750	95	96	
27	9	Do6	C6	371	371	1	4	1500	99	96	
28	9	Re6	D6	380	380	1	8	750	99	96	
29	9	Do6	C6	371	371	1	4	1500	99	96	
30	9	Si5b1	B5b1	366	366	1	4	1500	99	96	
31	9	La5	A5	358	358	1	2	3000	99	96	
32	9	Si5b1	B5b1	366	366	1	8	750	99	96	
33	9	Do6	C6	371	371	1	8	750	99	96	
34	9	Si5b1	B5b1	366	366	1	4	1500	95	96	
34.5	53										
35	9	Do6	C6	371	371	1	8	750	99	96	
36	9	Re6	D6	380	380	1	8	750	99	96	
37	9	Do6	C6	371	371	1	8	750	99	96	
38	9	Si5b1	B5b1	366	366	1	8	750	95	96	
39	8	Re6	D6	380	380	1	8	94	95	96	
40	9	Do6	C6	371	371	1	8	750	99	96	
41	9	Si5b1	B5b1	366	366	1	8	750	99	96	
42	9	Do6	C6	371	371	1	4	1500	95	96	
42.5	53										
43	9			-1	-1	1	4	1500	95	96	
44	9	Si5b1	B5b1	366	366	1	8	750	99	96	
45	9	Do6	C6	371	371	1	8	750	99	96	
46	9	Re6	D6	380	380	1	4	1500	99	96	
47	9	Do6	C6	371	371	1	4	1500	99	96	
48	9	Si5b1	B5b1	366	366	1	4	1500	99	96	
49	8	Re6	D6	380	380	1	8	94	99	96	
50	9	Do6	C6	371	371	1	8	750	99	96	
51	9	Si5b1	B5b1	366	366	1	8	750	99	96	
52	9	La5	A5	358	358	1	4	1500	95	96	
53	9	La5	A5	358	358	1	4	1500	95	96	
53.5	53										
54	9	Sol5	G5	349	349	1	4	1500	99	96	
55	9	La5	A5	358	358	1	4	1500	99	96	
56	9	La5	A5	358	358	1	2	3000	99	96	
57	8	La5	A5	358	358	1	8	94	99	96	
58	9	Sol5	G5	349	349	3	16	1125	99	96	
59	9	Fa5#4	F5#4	344	344	1	16	375	99	96	
60	9	Sol5	G5	349	349	1	8	750	99	96	
61	9	La5	A5	358	358	1	8	750	99	96	
62	9	Sol5	G5	349	349	1	8	750	99	96	
63	8	Si5b1	B5b1	366	366	1	8	94	99	96	
64	9	La5	A5	358	358	1	8	750	99	96	
65	9	Sol5	G5	349	349	1	8	750	99	96	
66	9	Fa5#4	F5#4	344	344	1	8	750	99	96	
67	9	Sol5	G5	349	349	1	8	750	99	96	
68	9	Do6	C6	371	371	1	8	750	99	96	
69	9	Si5b1	B5b1	366	366	1	8	750	99	96	
70	9	La5	A5	358	358	1	8	750	99	96	
71	9	Si5b1	B5b1	366	366	1	8	750	99	96	
72	9	La5	A5	358	358	1	8	750	99	96	
73	9	Sol5	G5	349	349	1	8	750	95	96	
74	9	Fa5#4	F5#4	344	344	1	8	750	95	96	
75	9	Mi5	E5	336	336	1	8	750	99	96	
76	9	Fa5	F5	340	340	1	8	750	99	96	
77	9	Mi5	E5	336	336	1	8	750	99	96	
78	9	Re5	D5	327	327	1	8	750	95	96	
78.5	53										
79	9	Es	Es			1	8	750	95	96	
80	9	La5	A5	358	358	1	16	375	99	96	
81	9	Sol5	G5	349	349	1	16	375	99	96	
82	9	Fa5	F5	340	340	1	8	750	95	96	
83	9	Sol5	G5	349	349	1	8	750	95	96	
84	9	La5	A5	358	358	1	2	3000	95	96	
85	9	La5	A5	358	358	3	8	2250	95	96	
86	9	Es	Es			1	8	750	95	96	
86.5	53										
87	9			-1	-1	1	8	750	95	96	
88	9	La5	A5	358	358	1	4	1500	99	96	
89	9	Si5b1	B5b1	366	366	1	8	750	99	96	
90	9	Si5b1	B5b1	366	366	1	8	750	99	96	
91	9	La5	A5	358	358	1	8	750	99	96	
92	9	Sol5	G5	349	349	1	8	750	99	96	
93	9	Fa5#4	F5#4	344	344	1	8	750	99	96	
94	9	Sol5	G5	349	349	1	4	1500	95	96	
95	9	La5	A5	358	358	1	8	750	99	96	
96	9	Sol5	G5	349	349	1	8	750	99	96	
97	9	La5	A5	358	358	1	4	1500	99	96	
98	9	Si5b1	B5b1	366	366	1	4	1500	95	96	
98.5	53										
99	9			-1	-1	1	8	750	95	96	
100	9	Do6	C6	371	371	1	4	1500	99	96	
101	9	Re6	D6	380	380	1	8	750	99	96	
102	9	Do6	C6	371	371	1	4	1500	99	96	
103	9	Si5b1	B5b1	366	366	1	4	1500	99	96	
104	9	La5	A5	358	358	1	2	3000	99	96	
105	9	Si5b1	B5b1	366	366	1	8	750	99	96	
106	9	Do6	C6	371	371	1	8	750	99	96	
107	9	Si5b1	B5b1	366	366	1	4	1500	95	96	
107.5	53										
108	9	Do6	C6	371	371	1	8	750	99	96	
109	9	Re6	D6	380	380	1	8	750	99	96	
110	9	Do6	C6	371	371	1	8	750	99	96	
111	9	Si5b1	B5b1	366	366	1	8	750	95	96	
112	8	Re6	D6	380	380	1	8	94	95	96	
113	9	Do6	C6	371	371	1	8	750	99	96	
114	9	Si5b1	B5b1	366	366	1	8	750	99	96	
115	9	Do6	C6	371	371	1	4	1500	95	96	
115.5	53										
116	9			-1	-1	1	4	1500	95	96	
117	9	Si5b1	B5b1	366	366	1	8	750	99	96	
118	9	Do6	C6	371	371	1	8	750	99	96	
119	9	Re6	D6	380	380	1	4	1500	99	96	
120	9	Do6	C6	371	371	1	4	1500	99	96	
121	9	Si5b1	B5b1	366	366	1	4	1500	99	96	
122	8	Re6	D6	380	380	1	8	94	99	96	
123	9	Do6	C6	371	371	1	8	750	99	96	
124	9	Si5b1	B5b1	366	366	1	8	750	99	96	
125	9	La5	A5	358	358	1	4	1500	95	96	
126	9	La5	A5	358	358	1	4	1500	95	96	
126.5	53										
127	9	Sol5	G5	349	349	1	4	1500	99	96	
128	9	La5	A5	358	358	1	4	1500	99	96	
129	9	La5	A5	358	358	1	2	3000	99	96	
130	9	La5	A5	358	358	1	8	750	99	96	
131	9	Sol5	G5	349	349	3	16	1125	99	96	
132	9	Fa5#4	F5#4	344	344	1	16	375	99	96	
133	9	Sol5	G5	349	349	1	8	750	99	96	
134	9	La5	A5	358	358	1	8	750	99	96	
135	9	Sol5	G5	349	349	1	8	750	99	96	
136	8	Si5b1	B5b1	366	366	1	8	94	99	96	
137	9	La5	A5	358	358	1	8	750	99	96	
138	9	Sol5	G5	349	349	1	8	750	99	96	
139	9	Fa5#4	F5#4	344	344	1	8	750	99	96	
139.5	53										
140	9	Sol5	G5	349	349	1	8	750	99	96	
141	9	Do6	C6	371	371	1	8	750	99	96	
142	9	Si5b1	B5b1	366	366	1	8	750	99	96	
143	9	La5	A5	358	358	1	8	750	99	96	
144	9	Si5b1	B5b1	366	366	1	8	750	99	96	
145	9	La5	A5	358	358	1	8	750	99	96	
146	9	Sol5	G5	349	349	1	8	750	95	96	
147	9	Fa5#4	F5#4	344	344	1	8	750	95	96	
148	9	Mi5	E5	336	336	1	8	750	99	96	
149	9	Fa5	F5	340	340	1	8	750	99	96	
150	9	Mi5	E5	336	336	1	8	750	99	96	
151	9	Re5	D5	327	327	1	8	750	95	96	
151.5	53										
152	9	Es	Es			1	8	750	95	96	
153	9	La5	A5	358	358	1	16	375	99	96	
154	9	Sol5	G5	349	349	1	16	375	99	96	
155	9	Fa5	F5	340	340	1	8	750	95	96	
156	9	Sol5	G5	349	349	1	8	750	95	96	
157	9	La5	A5	358	358	1	2	3000	95	96	
158	9	La5	A5	358	358	3	8	2250	95	96	
159	9	Es	Es			1	8	750	95	96	
159.5	53										
160	9	La5	A5	358	358	1	8	750	99	96	
161	9	Sol5	G5	349	349	1	8	750	99	96	
162	9	Fa5	F5	340	340	1	8	750	99	96	
163	9	Mi5	E5	336	336	1	4	1500	99	96	
164	9	Re5	D5	327	327	1	8	750	99	96	
165	9	Mi5	E5	336	336	1	8	750	99	96	
166	9	Re5	D5	327	327	1	8	750	99	96	
167	9	Do5	C5	318	318	1	8	750	95	96	
168	9	Do5	C5	318	318	1	8	750	99	96	
169	9	Re5	D5	327	327	1	8	750	99	96	
170	9	Re5	D5	327	327	1	8	750	99	96	
171	9	Do5	C5	318	318	1	8	750	99	96	
172	8	Re5	D5	327	327	1	8	94	99	96	
173	9	Do5	C5	318	318	1	8	750	99	96	
174	9	Si4b1	B4b1	313	313	1	8	750	95	96	
174.5	53										
175	9			-1	-1	1	4	1500	95	96	
176	9	Do5	C5	318	318	1	8	750	99	96	
177	9	Re5	D5	327	327	1	8	750	99	96	
178	9	Re5	D5	327	327	1	8	750	99	96	
179	9	Do5	C5	318	318	1	8	750	99	96	
180	8	Re5	D5	327	327	1	8	94	99	96	
181	9	Do5	C5	318	318	1	8	750	99	96	
182	9	Si4b1	B4b1	313	313	1	8	750	99	96	
183	9	La4	A4	305	305	1	2	3000	99	96	
183.5	53										
184	9	Si4b1	B4b1	313	313	1	8	750	99	96	
185	9	Do5	C5	318	318	1	8	750	99	96	
186	9	Si4b1	B4b1	313	313	1	4	1500	95	96	
187	9	Do5	C5	318	318	1	8	750	99	96	
188	9	Re5	D5	327	327	1	8	750	99	96	
189	9	Do5	C5	318	318	1	8	750	99	96	
190	9	Si4b1	B4b1	313	313	1	8	750	95	96	
191	8	Re5	D5	327	327	1	8	94	95	96	
192	9	Do5	C5	318	318	1	8	750	99	96	
193	9	Si4b1	B4b1	313	313	1	8	750	99	96	
194	9	Do5	C5	318	318	1	4	1500	95	96	
194.5	53										
195	9			-1	-1	1	4	1500	95	96	
196	9	Si4b1	B4b1	313	313	1	8	750	99	96	
197	9	Do5	C5	318	318	1	8	750	99	96	
198	9	Re5	D5	327	327	1	4	1500	99	96	
199	9	Do5	C5	318	318	1	4	1500	99	96	
200	9	Si4b1	B4b1	313	313	1	4	1500	99	96	
201	8	Re5	D5	327	327	1	8	94	99	96	
202	9	Do5	C5	318	318	1	8	750	99	96	
203	9	Si4b1	B4b1	313	313	1	8	750	99	96	
204	9	La4	A4	305	305	1	4	1500	99	96	
205	9	La4	A4	305	305	1	4	1500	95	96	
205.5	53										
206	9	Sol4	G4	296	296	1	4	1500	99	96	
207	9	La4	A4	305	305	1	4	1500	99	96	
208	9	La4	A4	305	305	1	2	3000	95	96	
209	9	La5	A5	358	358	3	16	1125	95	96	
210	9	Sol5	G5	349	349	1	16	375	95	96	
211	9	Fa5#4	F5#4	344	344	1	8	750	95	96	
212	9	Sol5	G5	349	349	1	8	750	95	96	
213	9	La5	A5	358	358	1	2	3000	95	96	
213.5	53										
214	9	Sol5	G5	349	349	1	4	1500	99	96	
215	9	La5	A5	358	358	1	4	1500	99	96	
216	9	La5	A5	358	358	1	4	1500	95	96	
217	9	La5	A5	358	358	1	4	1500	95	96	
218	9	Sol5	G5	349	349	1	4	1500	95	96	
219	9	Fa5#4	F5#4	344	344	1	4	1500	95	96	
220	9	Sol5	G5	349	349	1	8	750	99	96	
221	9	La5	A5	358	358	1	8	750	99	96	
222	9	Sol5	G5	349	349	1	8	750	99	96	
223	9	La5	A5	358	358	1	8	750	95	96	
224	9	La5	A5	358	358	1	2	3000	95	96	
225	9	La5	A5	358	358	3	8	2250	95	96	
226	9	Es	Es			1	8	750	95	96	
226.5	53										
227	9			-1	-1	1	8	750	95	96	
228	9	La5	A5	358	358	1	4	1500	99	96	
229	9	Si5b1	B5b1	366	366	1	8	750	99	96	
230	9	Si5b1	B5b1	366	366	1	8	750	99	96	
231	9	La5	A5	358	358	1	8	750	99	96	
232	9	Sol5	G5	349	349	1	8	750	99	96	
233	9	Fa5#4	F5#4	344	344	1	8	750	99	96	
234	9	Sol5	G5	349	349	1	4	1500	95	96	
235	9	La5	A5	358	358	1	8	750	99	96	
236	9	Sol5	G5	349	349	1	8	750	99	96	
237	9	La5	A5	358	358	1	4	1500	99	96	
238	9	Si5b1	B5b1	366	366	1	4	1500	95	96	
238.5	53										
239	9			-1	-1	1	8	750	95	96	
240	9	Do6	C6	371	371	1	4	1500	99	96	
241	9	Re6	D6	380	380	1	8	750	99	96	
242	9	Do6	C6	371	371	1	4	1500	99	96	
243	9	Si5b1	B5b1	366	366	1	4	1500	99	96	
244	9	La5	A5	358	358	1	2	3000	99	96	
245	9	Si5b1	B5b1	366	366	1	8	750	99	96	
246	9	Do6	C6	371	371	1	8	750	99	96	
247	9	Si5b1	B5b1	366	366	1	4	1500	95	96	
247.5	53										
248	9	Do6	C6	371	371	1	8	750	99	96	
249	9	Re6	D6	380	380	1	8	750	99	96	
250	9	Do6	C6	371	371	1	8	750	99	96	
251	9	Si5b1	B5b1	366	366	1	8	750	95	96	
252	8	Re6	D6	380	380	1	8	94	95	96	
253	9	Do6	C6	371	371	1	8	750	99	96	
254	9	Si5b1	B5b1	366	366	1	8	750	99	96	
255	9	Do6	C6	371	371	1	4	1500	95	96	
255.5	53										
256	9			-1	-1	1	4	1500	95	96	
257	9	Si5b1	B5b1	366	366	1	8	750	99	96	
258	9	Do6	C6	371	371	1	8	750	99	96	
259	9	Re6	D6	380	380	1	4	1500	99	96	
260	9	Do6	C6	371	371	1	4	1500	99	96	
261	9	Si5b1	B5b1	366	366	1	4	1500	99	96	
262	8	Re6	D6	380	380	1	8	94	99	96	
263	9	Do6	C6	371	371	1	8	750	99	96	
264	9	Si5b1	B5b1	366	366	1	8	750	99	96	
265	9	La5	A5	358	358	1	4	1500	95	96	
266	9	La5	A5	358	358	1	4	1500	95	96	
266.5	53										
267	9	Sol5	G5	349	349	1	4	1500	99	96	
268	9	La5	A5	358	358	1	4	1500	99	96	
269	9	La5	A5	358	358	1	2	3000	99	96	
270	8	La5	A5	358	358	1	8	94	99	96	
271	9	Sol5	G5	349	349	3	16	1125	99	96	
272	9	Fa5#4	F5#4	344	344	1	16	375	99	96	
273	9	Sol5	G5	349	349	1	8	750	99	96	
274	9	La5	A5	358	358	1	8	750	99	96	
275	9	Sol5	G5	349	349	1	8	750	99	96	
276	8	Si5b1	B5b1	366	366	1	8	94	99	96	
277	9	La5	A5	358	358	1	8	750	99	96	
278	9	Sol5	G5	349	349	1	8	750	99	96	
279	9	Fa5#4	F5#4	344	344	1	8	750	99	96	
280	9	Sol5	G5	349	349	1	8	750	99	96	
281	9	Do6	C6	371	371	1	8	750	99	96	
282	9	Si5b1	B5b1	366	366	1	8	750	99	96	
283	9	La5	A5	358	358	1	8	750	99	96	
284	9	Si5b1	B5b1	366	366	1	8	750	99	96	
285	9	La5	A5	358	358	1	8	750	99	96	
286	9	Sol5	G5	349	349	1	8	750	95	96	
287	9	Fa5#4	F5#4	344	344	1	8	750	95	96	
288	9	Mi5	E5	336	336	1	8	750	99	96	
289	9	Fa5	F5	340	340	1	8	750	99	96	
290	9	Mi5	E5	336	336	1	8	750	99	96	
291	9	Re5	D5	327	327	1	8	750	95	96	
291.5	53										
292	9	Es	Es			1	8	750	95	96	
293	9	La5	A5	358	358	1	16	375	99	96	
294	9	Sol5	G5	349	349	1	16	375	99	96	
295	9	Fa5	F5	340	340	1	8	750	95	96	
296	9	Sol5	G5	349	349	1	8	750	95	96	
297	9	La5	A5	358	358	1	2	3000	95	96	
298	9	La5	A5	358	358	3	8	2250	95	96	
299	9	Es	Es			1	8	750	95	96	
299.5	53										
300	9			-1	-1	1	8	750	95	96	
301	9	La5	A5	358	358	1	4	1500	99	96	
302	9	Si5b1	B5b1	366	366	1	8	750	99	96	
303	9	Si5b1	B5b1	366	366	1	8	750	99	96	
304	9	La5	A5	358	358	1	8	750	99	96	
305	9	Sol5	G5	349	349	1	8	750	99	96	
306	9	Fa5#4	F5#4	344	344	1	8	750	99	96	
307	9	Sol5	G5	349	349	1	4	1500	95	96	
308	9	La5	A5	358	358	1	8	750	99	96	
309	9	Sol5	G5	349	349	1	8	750	99	96	
310	9	La5	A5	358	358	1	4	1500	99	96	
311	9	Si5b1	B5b1	366	366	1	4	1500	95	96	
311.5	53										
312	9			-1	-1	1	8	750	95	96	
313	9	Do6	C6	371	371	1	4	1500	99	96	
314	9	Re6	D6	380	380	1	8	750	99	96	
315	9	Do6	C6	371	371	1	4	1500	99	96	
316	9	Si5b1	B5b1	366	366	1	4	1500	99	96	
317	9	La5	A5	358	358	1	2	3000	99	96	
318	9	Si5b1	B5b1	366	366	1	8	750	99	96	
319	9	Do6	C6	371	371	1	8	750	99	96	
320	9	Si5b1	B5b1	366	366	1	4	1500	95	96	
320.5	53										
321	9	Do6	C6	371	371	1	8	750	99	96	
322	9	Re6	D6	380	380	1	8	750	99	96	
323	9	Do6	C6	371	371	1	8	750	99	96	
324	9	Si5b1	B5b1	366	366	1	8	750	95	96	
325	8	Re6	D6	380	380	1	8	94	95	96	
326	9	Do6	C6	371	371	1	8	750	99	96	
327	9	Si5b1	B5b1	366	366	1	8	750	99	96	
328	9	Do6	C6	371	371	1	4	1500	95	96	
328.5	53										
329	9			-1	-1	1	4	1500	95	96	
330	9	Si5b1	B5b1	366	366	1	8	750	99	96	
331	9	Do6	C6	371	371	1	8	750	99	96	
332	9	Re6	D6	380	380	1	4	1500	99	96	
333	9	Do6	C6	371	371	1	4	1500	99	96	
334	9	Si5b1	B5b1	366	366	1	4	1500	99	96	
335	8	Re6	D6	380	380	1	8	94	99	96	
336	9	Do6	C6	371	371	1	8	750	99	96	
337	9	Si5b1	B5b1	366	366	1	8	750	99	96	
338	9	La5	A5	358	358	1	4	1500	95	96	
339	9	La5	A5	358	358	1	4	1500	95	96	
339.5	53										
340	9	Sol5	G5	349	349	1	4	1500	99	96	
341	9	La5	A5	358	358	1	4	1500	99	96	
342	9	La5	A5	358	358	1	2	3000	99	96	
343	9	La5	A5	358	358	1	8	750	99	96	
344	9	Sol5	G5	349	349	3	16	1125	99	96	
345	9	Fa5#4	F5#4	344	344	1	16	375	99	96	
346	9	Sol5	G5	349	349	1	8	750	99	96	
347	9	La5	A5	358	358	1	8	750	99	96	
348	9	Sol5	G5	349	349	1	8	750	99	96	
349	8	Si5b1	B5b1	366	366	1	8	94	99	96	
350	9	La5	A5	358	358	1	8	750	99	96	
351	9	Sol5	G5	349	349	1	8	750	99	96	
352	9	Fa5#4	F5#4	344	344	1	8	750	99	96	
352.5	53										
353	9	Sol5	G5	349	349	1	8	750	99	96	
354	9	Do6	C6	371	371	1	8	750	99	96	
355	9	Si5b1	B5b1	366	366	1	8	750	99	96	
356	9	La5	A5	358	358	1	8	750	99	96	
357	9	Si5b1	B5b1	366	366	1	8	750	99	96	
358	9	La5	A5	358	358	1	8	750	99	96	
359	9	Sol5	G5	349	349	1	8	750	95	96	
360	9	Fa5#4	F5#4	344	344	1	8	750	95	96	
361	9	Mi5	E5	336	336	1	8	750	99	96	
362	9	Fa5	F5	340	340	1	8	750	99	96	
363	9	Mi5	E5	336	336	1	8	750	99	96	
364	9	Re5	D5	327	327	1	8	750	95	96	
364.5	53										
365	9	Es	Es			1	8	750	95	96	
366	9	La5	A5	358	358	1	16	375	99	96	
367	9	Sol5	G5	349	349	1	16	375	99	96	
368	9	Fa5	F5	340	340	1	8	750	95	96	
369	9	Sol5	G5	349	349	1	8	750	95	96	
370	9	La5	A5	358	358	1	2	3000	95	96	
371	9	La5	A5	358	358	3	8	2250	95	96	
372	9	Es	Es			1	8	750	95	96	
372.5	53										
373	9	La5	A5	358	358	1	8	750	99	96	
374	9	Sol5	G5	349	349	1	8	750	99	96	
375	9	Fa5	F5	340	340	1	8	750	99	96	
376	9	Mi5	E5	336	336	1	4	1500	99	96	
377	9	Re5	D5	327	327	1	8	750	99	96	
378	9	Mi5	E5	336	336	1	8	750	99	96	
379	9	Re5	D5	327	327	1	8	750	99	96	
380	9	Do5	C5	318	318	1	8	750	95	96	
381	9	Do5	C5	318	318	1	8	750	99	96	
382	9	Re5	D5	327	327	1	8	750	99	96	
383	9	Re5	D5	327	327	1	8	750	99	96	
384	9	Do5	C5	318	318	1	8	750	99	96	
385	8	Re5	D5	327	327	1	8	94	99	96	
386	9	Do5	C5	318	318	1	8	750	99	96	
387	9	Si4b1	B4b1	313	313	1	8	750	95	96	
387.5	53										
388	9			-1	-1	1	4	1500	95	96	
389	9	Do5	C5	318	318	1	8	750	99	96	
390	9	Re5	D5	327	327	1	8	750	99	96	
391	9	Re5	D5	327	327	1	8	750	99	96	
392	9	Do5	C5	318	318	1	8	750	99	96	
393	8	Re5	D5	327	327	1	8	94	99	96	
394	9	Do5	C5	318	318	1	8	750	99	96	
395	9	Si4b1	B4b1	313	313	1	8	750	99	96	
396	9	La4	A4	305	305	1	2	3000	99	96	
396.5	53										
397	9	Si4b1	B4b1	313	313	1	8	750	99	96	
398	9	Do5	C5	318	318	1	8	750	99	96	
399	9	Si4b1	B4b1	313	313	1	4	1500	95	96	
400	9	Do5	C5	318	318	1	8	750	99	96	
401	9	Re5	D5	327	327	1	8	750	99	96	
402	9	Do5	C5	318	318	1	8	750	99	96	
403	9	Si4b1	B4b1	313	313	1	8	750	95	96	
404	8	Re5	D5	327	327	1	8	94	95	96	
405	9	Do5	C5	318	318	1	8	750	99	96	
406	9	Si4b1	B4b1	313	313	1	8	750	99	96	
407	9	Do5	C5	318	318	1	4	1500	95	96	
407.5	53										
408	9			-1	-1	1	4	1500	95	96	
409	9	Si4b1	B4b1	313	313	1	8	750	99	96	
410	9	Do5	C5	318	318	1	8	750	99	96	
411	9	Re5	D5	327	327	1	4	1500	99	96	
412	9	Do5	C5	318	318	1	4	1500	99	96	
413	9	Si4b1	B4b1	313	313	1	4	1500	99	96	
414	8	Re5	D5	327	327	1	8	94	99	96	
415	9	Do5	C5	318	318	1	8	750	99	96	
416	9	Si4b1	B4b1	313	313	1	8	750	99	96	
417	9	La4	A4	305	305	1	4	1500	99	96	
418	9	La4	A4	305	305	1	4	1500	95	96	
418.5	53										
419	9	Sol4	G4	296	296	1	4	1500	99	96	
420	9	La4	A4	305	305	1	4	1500	99	96	
421	9	La4	A4	305	305	1	2	3000	95	96	
421.5	54										saba@la5
422	9	Re6b4	D6b4	376	376	3	16	1125	95	96	
423	9	Do6	C6	371	371	1	16	375	95	96	
424	9	Si5b1	B5b1	366	366	1	8	750	95	96	
425	9	Re6b4	D6b4	376	376	1	8	750	95	96	
426	9	Do6	C6	371	371	1	2	3000	95	96	
426.5	53										
427	9	Si5b1	B5b1	366	366	1	4	1500	99	96	
428	9	Do6	C6	371	371	1	4	1500	99	96	
429	9	Do6	C6	371	371	1	4	1500	95	96	
430	9	Do6	C6	371	371	1	4	1500	95	96	
430.5	53										
431	9	Sol5	G5	349	349	1	2	3000	95	96	
432	9	Do6	C6	371	371	1	2	3000	95	96	
432.5	53										
433	9	Re6b4	D6b4	376	376	3	16	1125	99	96	
434	9	Do6	C6	371	371	1	16	375	99	96	
435	9	Si5b1	B5b1	366	366	1	8	750	99	96	
436	9	Do6	C6	371	371	1	8	750	99	96	
437	9	Si5b1	B5b1	366	366	1	4	1500	99	96	
438	9	Re6b4	D6b4	376	376	1	4	1500	95	96	
439	9	Re6b4	D6b4	376	376	3	16	1125	99	96	
440	9	Do6	C6	371	371	1	16	375	99	96	
441	9	Si5b1	B5b1	366	366	1	8	750	99	96	
442	9	Do6	C6	371	371	1	8	750	99	96	
443	9	Si5b1	B5b1	366	366	1	8	750	99	96	
444	9	Re6b4	D6b4	376	376	1	8	750	99	96	
445	9	Do6	C6	371	371	1	4	1500	95	96	
445.5	53										
446	9			-1	-1	1	4	1500	95	96	
447	9	Do6	C6	371	371	1	8	750	99	96	
448	9	Do6	C6	371	371	1	8	750	99	96	
449	9	Do6	C6	371	371	1	4	1500	99	96	
450	9	Re6b4	D6b4	376	376	1	4	1500	95	96	
450.5	53										
451	9			-1	-1	1	8	750	95	96	
452	9	Do6	C6	371	371	1	4	1500	99	96	
453	9	Re6b4	D6b4	376	376	1	8	750	99	96	
454	9	Do6	C6	371	371	1	4	1500	99	96	
455	9	Re6b4	D6b4	376	376	1	4	1500	99	96	
455.5	53										
456	9	Do6	C6	371	371	1	4	1500	99	96	
457	8	Re6b4	D6b4	376	376	1	8	94	99	96	
458	9	Si5b1	B5b1	366	366	1	8	750	99	96	
459	9	La5	A5	358	358	1	8	750	99	96	
460	9	Si5b1	B5b1	366	366	1	8	750	99	96	
461	9	Do6	C6	371	371	1	8	750	99	96	
462	9	Si5b1	B5b1	366	366	1	4	1500	95	96	
462.5	53										
463	9			-1	-1	1	4	1500	95	96	
464	9	Do6	C6	371	371	1	8	750	99	96	
465	9	Re6b4	D6b4	376	376	1	8	750	99	96	
466	9	Do6	C6	371	371	1	4	1500	95	96	
467	9	Re6b4	D6b4	376	376	1	8	750	99	96	
468	9	Mi6	E6	389	389	1	8	750	95	96	
469	9	Re6b4	D6b4	376	376	1	4	1500	99	96	
470	9	Do6	C6	371	371	1	4	1500	99	96	
471	9	Do6	C6	371	371	1	4	1500	99	96	
472	8	Re6b4	D6b4	376	376	1	8	94	99	96	
473	9	Do6	C6	371	371	1	8	750	99	96	
474	9	Si5b1	B5b1	366	366	1	8	750	99	96	
474.5	53										
475	9	Si5b1	B5b1	366	366	1	8	750	99	96	
476	9	La5	A5	358	358	1	8	750	99	96	
477	9	La5	A5	358	358	1	8	750	99	96	
478	9	Sol5	G5	349	349	1	8	750	99	96	
479	9	Re6b4	D6b4	376	376	3	16	1125	99	96	
480	9	Do6	C6	371	371	1	16	375	99	96	
481	9	Re6b4	D6b4	376	376	1	8	750	99	96	
482	9	Mi6	E6	389	389	1	8	750	95	96	
483	9	Re6b4	D6b4	376	376	3	16	1125	95	96	
484	9	Do6	C6	371	371	1	16	375	95	96	
485	9	Si5b1	B5b1	366	366	1	8	750	95	96	
486	9	Do6	C6	371	371	1	8	750	95	96	
487	9	Si5b1	B5b1	366	366	1	8	750	95	96	
488	9	Do6	C6	371	371	1	8	750	95	96	
489	9	Re6b4	D6b4	376	376	1	8	750	95	96	
490	9	Re6b4	D6b4	376	376	1	16	375	95	96	
491	9	Do6	C6	371	371	1	16	375	95	96	
491.5	53										
491.6	55										
492	9	Do6	C6	371	371	1	2	3000	95	96	
493	9	Re6	D6	380	380	1	4	1500	95	96	
494	9	Mi6	E6	389	389	1	4	1500	95	96	
495	9	Re6	D6	380	380	1	4	1500	99	96	
496	9	Mi6	E6	389	389	1	4	1500	99	96	
497	9	Mi6	E6	389	389	1	4	1500	95	96	
498	9	Mi6	E6	389	389	1	4	1500	95	96	
498.5	53										
499	9	Re6	D6	380	380	1	4	1500	95	96	
500	9	Do6	C6	371	371	1	4	1500	95	96	
501	9	Re6	D6	380	380	1	8	750	99	96	
502	9	Mi6	E6	389	389	1	8	750	99	96	
503	9	Re6	D6	380	380	1	8	750	99	96	
504	9	Mi6	E6	389	389	1	8	750	95	96	
505	9	Mi6	E6	389	389	1	2	3000	99	96	
506	9	Mi6	E6	389	389	1	8	750	99	96	
507	9	Fa6	F6	393	393	1	8	750	99	96	
508	9	Mi6	E6	389	389	1	8	750	99	96	
509	9	Re6	D6	380	380	1	8	750	95	96	
510	9	Mi6	E6	389	389	3	16	1125	99	96	
511	9	Re6	D6	380	380	1	16	375	99	96	
512	9	Do6	C6	371	371	1	8	750	99	96	
513	9	Re6	D6	380	380	1	8	750	99	96	
514	9	Do6	C6	371	371	1	8	750	99	96	
515	9	Re6	D6	380	380	1	8	750	99	96	
516	9	Mi6	E6	389	389	1	4	1500	95	96	
516.5	53										
517	9			-1	-1	1	4	1500	95	96	
518	9	Re6	D6	380	380	1	8	750	99	96	
519	9	Mi6	E6	389	389	1	8	750	99	96	
520	9	Fa6	F6	393	393	1	4	1500	99	96	
521	9	Mi6	E6	389	389	1	8	750	99	96	
522	9	Re6	D6	380	380	1	8	750	95	96	
523	9	Mi6	E6	389	389	1	8	750	99	96	
524	9	Re6	D6	380	380	1	8	750	99	96	
525	9	Re6	D6	380	380	1	8	750	99	96	
526	9	Do6	C6	371	371	1	8	750	99	96	
527	8	Mi6	E6	389	389	1	8	94	99	96	
528	9	Re6	D6	380	380	1	8	750	99	96	
529	9	Do6	C6	371	371	1	8	750	99	96	
530	9	Re6	D6	380	380	1	4	1500	99	96	
531	9	Re6	D6	380	380	1	8	750	95	96	
532	9	Es	Es			1	8	750	95	96	
532.5	53										
533	9	Do6	C6	371	371	1	8	750	99	96	
534	9	Re6	D6	380	380	1	8	750	99	96	
535	9	Mi6	E6	389	389	1	4	1500	99	96	
536	9	Re6	D6	380	380	1	8	750	99	96	
537	9	Do6	C6	371	371	1	8	750	95	96	
538	9	Re6	D6	380	380	1	8	750	99	96	
539	9	Do6	C6	371	371	1	8	750	99	96	
540	9	Do6	C6	371	371	1	8	750	95	96	
541	9	Si5b1	B5b1	366	366	1	8	750	95	96	
542	8	Re6	D6	380	380	1	8	94	95	96	
543	9	Do6	C6	371	371	1	8	750	99	96	
544	9	Si5b1	B5b1	366	366	1	8	750	99	96	
545	9	Do6	C6	371	371	1	4	1500	95	96	
545.5	53										
546	9			-1	-1	1	4	1500	95	96	
547	9	Si5b1	B5b1	366	366	1	8	750	99	96	
548	9	Do6	C6	371	371	1	8	750	99	96	
549	9	Re6	D6	380	380	1	4	1500	99	96	
550	9	Do6	C6	371	371	1	4	1500	99	96	
551	9	Si5b1	B5b1	366	366	1	4	1500	99	96	
552	9	Do6	C6	371	371	1	8	750	99	96	
553	8	Re6	D6	380	380	1	8	94	99	96	
554	9	Do6	C6	371	371	1	16	375	99	96	
555	9	Si5b1	B5b1	366	366	1	16	375	99	96	
556	9	Si5b1	B5b1	366	366	1	4	1500	95	96	
557	9	Si5b1	B5b1	366	366	1	4	1500	95	96	
557.5	53										
558	9	La5#4	A5#4	362	362	1	4	1500	99	96	
559	9	Si5b1	B5b1	366	366	1	4	1500	99	96	
560	9	Si5b1	B5b1	366	366	1	2	3000	99	96	
561	9	Si5b1	B5b1	366	366	1	2	3000	99	96	
562	9	Si5b1	B5b1	366	366	1	4	1500	99	96	
563	9	Re6	D6	380	380	1	4	1500	99	96	
564	9	Re6	D6	380	380	1	8	750	99	96	
565	9	Do6	C6	371	371	1	4	1500	99	96	
566	9	Re6	D6	380	380	1	8	750	99	96	
567	9	Re6	D6	380	380	1	8	750	99	96	
568	9	Do6	C6	371	371	1	4	1500	95	96	
569	9	Si5b1	B5b1	366	366	1	8	750	95	96	
570	9	La5	A5	358	358	1	8	750	99	96	
571	9	Si5b1	B5b1	366	366	1	8	750	99	96	
572	9	La5	A5	358	358	1	8	750	99	96	
573	9	Sol5	G5	349	349	1	8	750	95	96	
573.5	53										
574	9	Es	Es			1	8	750	95	96	
575	9	La5	A5	358	358	1	16	375	99	96	
576	9	Si5b1	B5b1	366	366	1	16	375	99	96	
577	9	La5	A5	358	358	1	8	750	95	96	
578	9	Si5b1	B5b1	366	366	1	8	750	95	96	
579	9	Do6	C6	371	371	1	8	750	99	96	
580	9	Re6	D6	380	380	1	8	750	99	96	
581	9	Do6	C6	371	371	1	8	750	99	96	
582	9	Re6	D6	380	380	1	8	750	99	96	
583	9	Do6	C6	371	371	1	8	750	99	96	
584	9	Mi6	E6	389	389	1	8	750	99	96	
585	9	Re6	D6	380	380	1	8	750	99	96	
586	9	Do6	C6	371	371	1	8	750	95	96	
587	8	Mi6	E6	389	389	1	8	94	95	96	
588	9	Re6	D6	380	380	1	8	750	99	96	
589	9	Do6	C6	371	371	1	8	750	99	96	
590	9	Si5b1	B5b1	366	366	1	8	750	99	96	
591	9	La5	A5	358	358	1	8	750	99	96	
592	9	La5	A5	358	358	1	4	1500	99	96	
593	9	Re6	D6	380	380	1	4	1500	95	96	
593.5	53										
594	9			-1	-1	1	4	1500	95	96	
595	9	Do6	C6	371	371	1	8	750	99	96	
596	9	Re6	D6	380	380	1	8	750	99	96	
597	9	Mi6	E6	389	389	1	4	1500	99	96	
598	9	Re6	D6	380	380	1	8	750	99	96	
599	9	Do6	C6	371	371	1	8	750	95	96	
600	9	Re6	D6	380	380	1	8	750	99	96	
601	9	Do6	C6	371	371	1	8	750	99	96	
602	8	Re6	D6	380	380	1	8	94	99	96	
603	9	Do6	C6	371	371	1	8	750	99	96	
604	9	Si5b1	B5b1	366	366	1	8	750	99	96	
605	8	Re6	D6	380	380	1	8	94	99	96	
606	9	Do6	C6	371	371	1	8	750	99	96	
607	9	Si5b1	B5b1	366	366	1	8	750	99	96	
608	9	Do6	C6	371	371	1	4	1500	99	96	
609	9	Do6	C6	371	371	1	8	750	99	96	
609.5	53										
610	9	Es	Es			1	8	750	99	96	
611	9	Si5b1	B5b1	366	366	1	8	750	99	96	
612	9	Do6	C6	371	371	1	8	750	99	96	
613	9	Re6	D6	380	380	1	4	1500	99	96	
614	9	Do6	C6	371	371	1	8	750	99	96	
615	9	Si5b1	B5b1	366	366	1	8	750	95	96	
616	9	Si5b1	B5b1	366	366	1	4	1500	95	96	
617	9	La5	A5	358	358	1	4	1500	95	96	
618	9	Si5b1	B5b1	366	366	1	2	3000	95	96	
618.5	53										
619	9			-1	-1	1	4	1500	95	96	
620	9	La5	A5	358	358	1	8	750	99	96	
621	9	Si5b1	B5b1	366	366	1	8	750	99	96	
622	9	Do6	C6	371	371	1	4	1500	99	96	
623	8	Re6	D6	380	380	1	8	94	99	96	
624	9	Do6	C6	371	371	1	8	750	99	96	
625	9	Si5b1	B5b1	366	366	1	8	750	99	96	
626	9	Si5b1	B5b1	366	366	1	8	750	99	96	
627	9	Do6	C6	371	371	1	8	750	99	96	
628	9	Si5b1	B5b1	366	366	1	8	750	99	96	
629	9	La5	A5	358	358	1	8	750	99	96	
630	9	La5	A5	358	358	1	4	1500	99	96	
631	9	La5	A5	358	358	1	4	1500	95	96	
631.5	53										
632	9	Sol5	G5	349	349	1	4	1500	99	96	
633	9	La5	A5	358	358	1	4	1500	99	96	
634	9	La5	A5	358	358	1	2	3000	95	96	
635	9	La5	A5	358	358	3	16	1125	95	96	
636	9	Sol5	G5	349	349	1	16	375	95	96	
637	9	Fa5#4	F5#4	344	344	1	8	750	95	96	
638	9	Sol5	G5	349	349	1	8	750	95	96	
639	9	La5	A5	358	358	1	2	3000	95	96	
639.5	53										
640	9	Sol5	G5	349	349	1	4	1500	99	96	
641	9	La5	A5	358	358	1	4	1500	99	96	
642	9	La5	A5	358	358	1	4	1500	95	96	
643	9	La5	A5	358	358	1	4	1500	95	96	
644	9	Sol5	G5	349	349	1	4	1500	95	96	
645	9	Fa5#4	F5#4	344	344	1	4	1500	95	96	
646	9	Sol5	G5	349	349	1	8	750	99	96	
647	9	La5	A5	358	358	1	8	750	99	96	
648	9	Sol5	G5	349	349	1	8	750	99	96	
649	9	La5	A5	358	358	1	8	750	95	96	
650	9	La5	A5	358	358	1	2	3000	95	96	
651	9	La5	A5	358	358	3	8	2250	95	96	
652	9	Es	Es			1	8	750	95	96	
652.5	53										
653	9			-1	-1	1	8	750	95	96	
654	9	La5	A5	358	358	1	4	1500	99	96	
655	9	Si5b1	B5b1	366	366	1	8	750	99	96	
656	9	Si5b1	B5b1	366	366	1	8	750	99	96	
657	9	La5	A5	358	358	1	8	750	99	96	
658	9	Sol5	G5	349	349	1	8	750	99	96	
659	9	Fa5#4	F5#4	344	344	1	8	750	99	96	
660	9	Sol5	G5	349	349	1	4	1500	95	96	
661	9	La5	A5	358	358	1	8	750	99	96	
662	9	Sol5	G5	349	349	1	8	750	99	96	
663	9	La5	A5	358	358	1	4	1500	99	96	
664	9	Si5b1	B5b1	366	366	1	4	1500	95	96	
664.5	53										
665	9			-1	-1	1	8	750	95	96	
666	9	Do6	C6	371	371	1	4	1500	99	96	
667	9	Re6	D6	380	380	1	8	750	99	96	
668	9	Do6	C6	371	371	1	4	1500	99	96	
669	9	Si5b1	B5b1	366	366	1	4	1500	99	96	
670	9	La5	A5	358	358	1	2	3000	99	96	
671	9	Si5b1	B5b1	366	366	1	8	750	99	96	
672	9	Do6	C6	371	371	1	8	750	99	96	
673	9	Si5b1	B5b1	366	366	1	4	1500	95	96	
673.5	53										
674	9	Do6	C6	371	371	1	8	750	99	96	
675	9	Re6	D6	380	380	1	8	750	99	96	
676	9	Do6	C6	371	371	1	8	750	99	96	
677	9	Si5b1	B5b1	366	366	1	8	750	95	96	
678	8	Re6	D6	380	380	1	8	94	95	96	
679	9	Do6	C6	371	371	1	8	750	99	96	
680	9	Si5b1	B5b1	366	366	1	8	750	99	96	
681	9	Do6	C6	371	371	1	4	1500	95	96	
681.5	53										
682	9			-1	-1	1	4	1500	95	96	
683	9	Si5b1	B5b1	366	366	1	8	750	99	96	
684	9	Do6	C6	371	371	1	8	750	99	96	
685	9	Re6	D6	380	380	1	4	1500	99	96	
686	9	Do6	C6	371	371	1	4	1500	99	96	
687	9	Si5b1	B5b1	366	366	1	4	1500	99	96	
688	8	Re6	D6	380	380	1	8	94	99	96	
689	9	Do6	C6	371	371	1	8	750	99	96	
690	9	Si5b1	B5b1	366	366	1	8	750	99	96	
691	9	La5	A5	358	358	1	4	1500	95	96	
692	9	La5	A5	358	358	1	4	1500	95	96	
692.5	53										
693	9	Sol5	G5	349	349	1	4	1500	99	96	
694	9	La5	A5	358	358	1	4	1500	99	96	
695	9	La5	A5	358	358	1	2	3000	99	96	
696	8	La5	A5	358	358	1	8	94	99	96	
697	9	Sol5	G5	349	349	3	16	1125	99	96	
698	9	Fa5#4	F5#4	344	344	1	16	375	99	96	
699	9	Sol5	G5	349	349	1	8	750	99	96	
700	9	La5	A5	358	358	1	8	750	99	96	
701	9	Sol5	G5	349	349	1	8	750	99	96	
702	8	Si5b1	B5b1	366	366	1	8	94	99	96	
703	9	La5	A5	358	358	1	8	750	99	96	
704	9	Sol5	G5	349	349	1	8	750	99	96	
705	9	Fa5#4	F5#4	344	344	1	8	750	99	96	
706	9	Sol5	G5	349	349	1	8	750	99	96	
707	9	Do6	C6	371	371	1	8	750	99	96	
708	9	Si5b1	B5b1	366	366	1	8	750	99	96	
709	9	La5	A5	358	358	1	8	750	99	96	
710	9	Si5b1	B5b1	366	366	1	8	750	99	96	
711	9	La5	A5	358	358	1	8	750	99	96	
712	9	Sol5	G5	349	349	1	8	750	95	96	
713	9	Fa5#4	F5#4	344	344	1	8	750	95	96	
714	9	Mi5	E5	336	336	1	8	750	99	96	
715	9	Fa5	F5	340	340	1	8	750	99	96	
716	9	Mi5	E5	336	336	1	8	750	99	96	
717	9	Re5	D5	327	327	1	8	750	95	96	
717.5	53										
718	9	Es	Es			1	8	750	95	96	
719	9	La5	A5	358	358	1	16	375	99	96	
720	9	Sol5	G5	349	349	1	16	375	99	96	
721	9	Fa5	F5	340	340	1	8	750	95	96	
722	9	Sol5	G5	349	349	1	8	750	95	96	
723	9	La5	A5	358	358	1	2	3000	95	96	
724	9	La5	A5	358	358	3	8	2250	95	96	
725	9	Es	Es			1	8	750	95	96	
725.5	53										
726	9			-1	-1	1	8	750	95	96	
727	9	La5	A5	358	358	1	4	1500	99	96	
728	9	Si5b1	B5b1	366	366	1	8	750	99	96	
729	9	Si5b1	B5b1	366	366	1	8	750	99	96	
730	9	La5	A5	358	358	1	8	750	99	96	
731	9	Sol5	G5	349	349	1	8	750	99	96	
732	9	Fa5#4	F5#4	344	344	1	8	750	99	96	
733	9	Sol5	G5	349	349	1	4	1500	95	96	
734	9	La5	A5	358	358	1	8	750	99	96	
735	9	Sol5	G5	349	349	1	8	750	99	96	
736	9	La5	A5	358	358	1	4	1500	99	96	
737	9	Si5b1	B5b1	366	366	1	4	1500	95	96	
737.5	53										
738	9			-1	-1	1	8	750	95	96	
739	9	Do6	C6	371	371	1	4	1500	99	96	
740	9	Re6	D6	380	380	1	8	750	99	96	
741	9	Do6	C6	371	371	1	4	1500	99	96	
742	9	Si5b1	B5b1	366	366	1	4	1500	99	96	
743	9	La5	A5	358	358	1	2	3000	99	96	
744	9	Si5b1	B5b1	366	366	1	8	750	99	96	
745	9	Do6	C6	371	371	1	8	750	99	96	
746	9	Si5b1	B5b1	366	366	1	4	1500	95	96	
746.5	53										
747	9	Do6	C6	371	371	1	8	750	99	96	
748	9	Re6	D6	380	380	1	8	750	99	96	
749	9	Do6	C6	371	371	1	8	750	99	96	
750	9	Si5b1	B5b1	366	366	1	8	750	95	96	
751	8	Re6	D6	380	380	1	8	94	95	96	
752	9	Do6	C6	371	371	1	8	750	99	96	
753	9	Si5b1	B5b1	366	366	1	8	750	99	96	
754	9	Do6	C6	371	371	1	4	1500	95	96	
754.5	53										
755	9			-1	-1	1	4	1500	95	96	
756	9	Si5b1	B5b1	366	366	1	8	750	99	96	
757	9	Do6	C6	371	371	1	8	750	99	96	
758	9	Re6	D6	380	380	1	4	1500	99	96	
759	9	Do6	C6	371	371	1	4	1500	99	96	
760	9	Si5b1	B5b1	366	366	1	4	1500	99	96	
761	8	Re6	D6	380	380	1	8	94	99	96	
762	9	Do6	C6	371	371	1	8	750	99	96	
763	9	Si5b1	B5b1	366	366	1	8	750	99	96	
764	9	La5	A5	358	358	1	4	1500	95	96	
765	9	La5	A5	358	358	1	4	1500	95	96	
765.5	53										
766	9	Sol5	G5	349	349	1	4	1500	99	96	
767	9	La5	A5	358	358	1	4	1500	99	96	
768	9	La5	A5	358	358	1	2	3000	99	96	
769	9	La5	A5	358	358	1	8	750	99	96	
770	9	Sol5	G5	349	349	3	16	1125	99	96	
771	9	Fa5#4	F5#4	344	344	1	16	375	99	96	
772	9	Sol5	G5	349	349	1	8	750	99	96	
773	9	La5	A5	358	358	1	8	750	99	96	
774	9	Sol5	G5	349	349	1	8	750	99	96	
775	8	Si5b1	B5b1	366	366	1	8	94	99	96	
776	9	La5	A5	358	358	1	8	750	99	96	
777	9	Sol5	G5	349	349	1	8	750	99	96	
778	9	Fa5#4	F5#4	344	344	1	8	750	99	96	
778.5	53										
779	9	Sol5	G5	349	349	1	8	750	99	96	
780	9	Do6	C6	371	371	1	8	750	99	96	
781	9	Si5b1	B5b1	366	366	1	8	750	99	96	
782	9	La5	A5	358	358	1	8	750	99	96	
783	9	Si5b1	B5b1	366	366	1	8	750	99	96	
784	9	La5	A5	358	358	1	8	750	99	96	
785	9	Sol5	G5	349	349	1	8	750	95	96	
786	9	Fa5#4	F5#4	344	344	1	8	750	95	96	
787	9	Mi5	E5	336	336	1	8	750	99	96	
788	9	Fa5	F5	340	340	1	8	750	99	96	
789	9	Mi5	E5	336	336	1	8	750	99	96	
790	9	Re5	D5	327	327	1	8	750	95	96	
790.5	53										
791	9	Es	Es			1	8	750	95	96	
792	9	La5	A5	358	358	1	16	375	99	96	
793	9	Sol5	G5	349	349	1	16	375	99	96	
794	9	Fa5	F5	340	340	1	8	750	95	96	
795	9	Sol5	G5	349	349	1	8	750	95	96	
796	9	La5	A5	358	358	1	2	3000	95	96	
797	9	La5	A5	358	358	3	8	2250	95	96	
798	9	Es	Es			1	8	750	95	96	
798.5	53										
799	9	La5	A5	358	358	1	8	750	99	96	
800	9	Sol5	G5	349	349	1	8	750	99	96	
801	9	Fa5	F5	340	340	1	8	750	99	96	
802	9	Mi5	E5	336	336	1	4	1500	99	96	
803	9	Re5	D5	327	327	1	8	750	99	96	
804	9	Mi5	E5	336	336	1	8	750	99	96	
805	9	Re5	D5	327	327	1	8	750	99	96	
806	9	Do5	C5	318	318	1	8	750	95	96	
807	9	Do5	C5	318	318	1	8	750	99	96	
808	9	Re5	D5	327	327	1	8	750	99	96	
809	9	Re5	D5	327	327	1	8	750	99	96	
810	9	Do5	C5	318	318	1	8	750	99	96	
811	8	Re5	D5	327	327	1	8	94	99	96	
812	9	Do5	C5	318	318	1	8	750	99	96	
813	9	Si4b1	B4b1	313	313	1	8	750	95	96	
813.5	53										
814	9			-1	-1	1	4	1500	95	96	
815	9	Do5	C5	318	318	1	8	750	99	96	
816	9	Re5	D5	327	327	1	8	750	99	96	
817	9	Re5	D5	327	327	1	8	750	99	96	
818	9	Do5	C5	318	318	1	8	750	99	96	
819	8	Re5	D5	327	327	1	8	94	99	96	
820	9	Do5	C5	318	318	1	8	750	99	96	
821	9	Si4b1	B4b1	313	313	1	8	750	99	96	
822	9	La4	A4	305	305	1	2	3000	99	96	
822.5	53										
823	9	Si4b1	B4b1	313	313	1	8	750	99	96	
824	9	Do5	C5	318	318	1	8	750	99	96	
825	9	Si4b1	B4b1	313	313	1	4	1500	95	96	
826	9	Do5	C5	318	318	1	8	750	99	96	
827	9	Re5	D5	327	327	1	8	750	99	96	
828	9	Do5	C5	318	318	1	8	750	99	96	
829	9	Si4b1	B4b1	313	313	1	8	750	95	96	
830	8	Re5	D5	327	327	1	8	94	95	96	
831	9	Do5	C5	318	318	1	8	750	99	96	
832	9	Si4b1	B4b1	313	313	1	8	750	99	96	
833	9	Do5	C5	318	318	1	4	1500	95	96	
833.5	53										
834	9			-1	-1	1	4	1500	95	96	
835	9	Si4b1	B4b1	313	313	1	8	750	99	96	
836	9	Do5	C5	318	318	1	8	750	99	96	
837	9	Re5	D5	327	327	1	4	1500	99	96	
838	9	Do5	C5	318	318	1	4	1500	99	96	
839	9	Si4b1	B4b1	313	313	1	4	1500	99	96	
840	8	Re5	D5	327	327	1	8	94	99	96	
841	9	Do5	C5	318	318	1	8	750	99	96	
842	9	Si4b1	B4b1	313	313	1	8	750	99	96	
843	9	La4	A4	305	305	1	4	1500	99	96	
844	9	La4	A4	305	305	1	4	1500	95	96	
844.5	53										
845	9	Sol4	G4	296	296	1	4	1500	99	96	
846	9	La4	A4	305	305	1	4	1500	99	96	
847	9	La4	A4	305	305	1	2	3000	95	96	
848	9	La5	A5	358	358	3	16	1125	95	96	
849	9	Sol5	G5	349	349	1	16	375	95	96	
850	9	Fa5#4	F5#4	344	344	1	8	750	95	96	
851	9	Sol5	G5	349	349	1	8	750	95	96	
852	9	La5	A5	358	358	1	2	3000	95	96	
852.5	53										
853	9	Sol5	G5	349	349	1	4	1500	99	96	
854	9	La5	A5	358	358	1	4	1500	99	96	
855	9	La5	A5	358	358	1	4	1500	95	96	
856	9	La5	A5	358	358	1	4	1500	95	96	
857	9	Sol5	G5	349	349	1	4	1500	95	96	
858	9	Fa5#4	F5#4	344	344	1	4	1500	95	96	
859	9	Sol5	G5	349	349	1	8	750	99	96	
860	9	La5	A5	358	358	1	8	750	99	96	
861	9	Sol5	G5	349	349	1	8	750	99	96	
862	9	La5	A5	358	358	1	8	750	95	96	
863	9	La5	A5	358	358	1	2	3000	95	96	
864	9	La5	A5	358	358	3	8	2250	95	96	
865	9	Es	Es			1	8	750	95	96	
865.5	53										
866	9			-1	-1	1	8	750	95	96	
867	9	La5	A5	358	358	1	4	1500	99	96	
868	9	Si5b1	B5b1	366	366	1	8	750	99	96	
869	9	Si5b1	B5b1	366	366	1	8	750	99	96	
870	9	La5	A5	358	358	1	8	750	99	96	
871	9	Sol5	G5	349	349	1	8	750	99	96	
872	9	Fa5#4	F5#4	344	344	1	8	750	99	96	
873	9	Sol5	G5	349	349	1	4	1500	95	96	
874	9	La5	A5	358	358	1	8	750	99	96	
875	9	Sol5	G5	349	349	1	8	750	99	96	
876	9	La5	A5	358	358	1	4	1500	99	96	
877	9	Si5b1	B5b1	366	366	1	4	1500	95	96	
877.5	53										
878	9			-1	-1	1	8	750	95	96	
879	9	Do6	C6	371	371	1	4	1500	99	96	
880	9	Re6	D6	380	380	1	8	750	99	96	
881	9	Do6	C6	371	371	1	4	1500	99	96	
882	9	Si5b1	B5b1	366	366	1	4	1500	99	96	
883	9	La5	A5	358	358	1	2	3000	99	96	
884	9	Si5b1	B5b1	366	366	1	8	750	99	96	
885	9	Do6	C6	371	371	1	8	750	99	96	
886	9	Si5b1	B5b1	366	366	1	4	1500	95	96	
886.5	53										
887	9	Do6	C6	371	371	1	8	750	99	96	
888	9	Re6	D6	380	380	1	8	750	99	96	
889	9	Do6	C6	371	371	1	8	750	99	96	
890	9	Si5b1	B5b1	366	366	1	8	750	95	96	
891	8	Re6	D6	380	380	1	8	94	95	96	
892	9	Do6	C6	371	371	1	8	750	99	96	
893	9	Si5b1	B5b1	366	366	1	8	750	99	96	
894	9	Do6	C6	371	371	1	4	1500	95	96	
894.5	53										
895	9			-1	-1	1	4	1500	95	96	
896	9	Si5b1	B5b1	366	366	1	8	750	99	96	
897	9	Do6	C6	371	371	1	8	750	99	96	
898	9	Re6	D6	380	380	1	4	1500	99	96	
899	9	Do6	C6	371	371	1	4	1500	99	96	
900	9	Si5b1	B5b1	366	366	1	4	1500	99	96	
901	8	Re6	D6	380	380	1	8	94	99	96	
902	9	Do6	C6	371	371	1	8	750	99	96	
903	9	Si5b1	B5b1	366	366	1	8	750	99	96	
904	9	La5	A5	358	358	1	4	1500	95	96	
905	9	La5	A5	358	358	1	4	1500	95	96	
905.5	53										
906	9	Sol5	G5	349	349	1	4	1500	99	96	
907	9	La5	A5	358	358	1	4	1500	99	96	
908	9	La5	A5	358	358	1	2	3000	99	96	
909	8	La5	A5	358	358	1	8	94	99	96	
910	9	Sol5	G5	349	349	3	16	1125	99	96	
911	9	Fa5#4	F5#4	344	344	1	16	375	99	96	
912	9	Sol5	G5	349	349	1	8	750	99	96	
913	9	La5	A5	358	358	1	8	750	99	96	
914	9	Sol5	G5	349	349	1	8	750	99	96	
915	8	Si5b1	B5b1	366	366	1	8	94	99	96	
916	9	La5	A5	358	358	1	8	750	99	96	
917	9	Sol5	G5	349	349	1	8	750	99	96	
918	9	Fa5#4	F5#4	344	344	1	8	750	99	96	
919	9	Sol5	G5	349	349	1	8	750	99	96	
920	9	Do6	C6	371	371	1	8	750	99	96	
921	9	Si5b1	B5b1	366	366	1	8	750	99	96	
922	9	La5	A5	358	358	1	8	750	99	96	
923	9	Si5b1	B5b1	366	366	1	8	750	99	96	
924	9	La5	A5	358	358	1	8	750	99	96	
925	9	Sol5	G5	349	349	1	8	750	95	96	
926	9	Fa5#4	F5#4	344	344	1	8	750	95	96	
927	9	Mi5	E5	336	336	1	8	750	99	96	
928	9	Fa5	F5	340	340	1	8	750	99	96	
929	9	Mi5	E5	336	336	1	8	750	99	96	
930	9	Re5	D5	327	327	1	8	750	95	96	
930.5	53										
931	9	Es	Es			1	8	750	95	96	
932	9	La5	A5	358	358	1	16	375	99	96	
933	9	Sol5	G5	349	349	1	16	375	99	96	
934	9	Fa5	F5	340	340	1	8	750	95	96	
935	9	Sol5	G5	349	349	1	8	750	95	96	
936	9	La5	A5	358	358	1	2	3000	95	96	
937	9	La5	A5	358	358	3	8	2250	95	96	
938	9	Es	Es			1	8	750	95	96	
938.5	53										
939	9			-1	-1	1	8	750	95	96	
940	9	La5	A5	358	358	1	4	1500	99	96	
941	9	Si5b1	B5b1	366	366	1	8	750	99	96	
942	9	Si5b1	B5b1	366	366	1	8	750	99	96	
943	9	La5	A5	358	358	1	8	750	99	96	
944	9	Sol5	G5	349	349	1	8	750	99	96	
945	9	Fa5#4	F5#4	344	344	1	8	750	99	96	
946	9	Sol5	G5	349	349	1	4	1500	95	96	
947	9	La5	A5	358	358	1	8	750	99	96	
948	9	Sol5	G5	349	349	1	8	750	99	96	
949	9	La5	A5	358	358	1	4	1500	99	96	
950	9	Si5b1	B5b1	366	366	1	4	1500	95	96	
950.5	53										
951	9			-1	-1	1	8	750	95	96	
952	9	Do6	C6	371	371	1	4	1500	99	96	
953	9	Re6	D6	380	380	1	8	750	99	96	
954	9	Do6	C6	371	371	1	4	1500	99	96	
955	9	Si5b1	B5b1	366	366	1	4	1500	99	96	
956	9	La5	A5	358	358	1	2	3000	99	96	
957	9	Si5b1	B5b1	366	366	1	8	750	99	96	
958	9	Do6	C6	371	371	1	8	750	99	96	
959	9	Si5b1	B5b1	366	366	1	4	1500	95	96	
959.5	53										
960	9	Do6	C6	371	371	1	8	750	99	96	
961	9	Re6	D6	380	380	1	8	750	99	96	
962	9	Do6	C6	371	371	1	8	750	99	96	
963	9	Si5b1	B5b1	366	366	1	8	750	95	96	
964	8	Re6	D6	380	380	1	8	94	95	96	
965	9	Do6	C6	371	371	1	8	750	99	96	
966	9	Si5b1	B5b1	366	366	1	8	750	99	96	
967	9	Do6	C6	371	371	1	4	1500	95	96	
967.5	53										
968	9			-1	-1	1	4	1500	95	96	
969	9	Si5b1	B5b1	366	366	1	8	750	99	96	
970	9	Do6	C6	371	371	1	8	750	99	96	
971	9	Re6	D6	380	380	1	4	1500	99	96	
972	9	Do6	C6	371	371	1	4	1500	99	96	
973	9	Si5b1	B5b1	366	366	1	4	1500	99	96	
974	8	Re6	D6	380	380	1	8	94	99	96	
975	9	Do6	C6	371	371	1	8	750	99	96	
976	9	Si5b1	B5b1	366	366	1	8	750	99	96	
977	9	La5	A5	358	358	1	4	1500	95	96	
978	9	La5	A5	358	358	1	4	1500	95	96	
978.5	53										
979	9	Sol5	G5	349	349	1	4	1500	99	96	
980	9	La5	A5	358	358	1	4	1500	99	96	
981	9	La5	A5	358	358	1	2	3000	99	96	
982	9	La5	A5	358	358	1	8	750	99	96	
983	9	Sol5	G5	349	349	3	16	1125	99	96	
984	9	Fa5#4	F5#4	344	344	1	16	375	99	96	
985	9	Sol5	G5	349	349	1	8	750	99	96	
986	9	La5	A5	358	358	1	8	750	99	96	
987	9	Sol5	G5	349	349	1	8	750	99	96	
988	8	Si5b1	B5b1	366	366	1	8	94	99	96	
989	9	La5	A5	358	358	1	8	750	99	96	
990	9	Sol5	G5	349	349	1	8	750	99	96	
991	9	Fa5#4	F5#4	344	344	1	8	750	99	96	
991.5	53										
992	9	Sol5	G5	349	349	1	8	750	99	96	
993	9	Do6	C6	371	371	1	8	750	99	96	
994	9	Si5b1	B5b1	366	366	1	8	750	99	96	
995	9	La5	A5	358	358	1	8	750	99	96	
996	9	Si5b1	B5b1	366	366	1	8	750	99	96	
997	9	La5	A5	358	358	1	8	750	99	96	
998	9	Sol5	G5	349	349	1	8	750	95	96	
999	9	Fa5#4	F5#4	344	344	1	8	750	95	96	
1000	9	Mi5	E5	336	336	1	8	750	99	96	
1001	9	Fa5	F5	340	340	1	8	750	99	96	
1002	9	Mi5	E5	336	336	1	8	750	99	96	
1003	9	Re5	D5	327	327	1	8	750	95	96	
1003.5	53										
1004	9	Es	Es			1	8	750	95	96	
1005	9	La5	A5	358	358	1	16	375	99	96	
1006	9	Sol5	G5	349	349	1	16	375	99	96	
1007	9	Fa5	F5	340	340	1	8	750	95	96	
1008	9	Sol5	G5	349	349	1	8	750	95	96	
1009	9	La5	A5	358	358	1	2	3000	95	96	
1010	9	La5	A5	358	358	3	8	2250	95	96	
1011	9	Es	Es			1	8	750	95	96	
1011.5	53										
1012	9	La5	A5	358	358	1	8	750	99	96	
1013	9	Sol5	G5	349	349	1	8	750	99	96	
1014	9	Fa5	F5	340	340	1	8	750	99	96	
1015	9	Mi5	E5	336	336	1	4	1500	99	96	
1016	9	Re5	D5	327	327	1	8	750	99	96	
1017	9	Mi5	E5	336	336	1	8	750	99	96	
1018	9	Re5	D5	327	327	1	8	750	99	96	
1019	9	Do5	C5	318	318	1	8	750	95	96	
1020	9	Do5	C5	318	318	1	8	750	99	96	
1021	9	Re5	D5	327	327	1	8	750	99	96	
1022	9	Re5	D5	327	327	1	8	750	99	96	
1023	9	Do5	C5	318	318	1	8	750	99	96	
1024	8	Re5	D5	327	327	1	8	94	99	96	
1025	9	Do5	C5	318	318	1	8	750	99	96	
1026	9	Si4b1	B4b1	313	313	1	8	750	95	96	
1026.5	53										
1027	9			-1	-1	1	4	1500	95	96	
1028	9	Do5	C5	318	318	1	8	750	99	96	
1029	9	Re5	D5	327	327	1	8	750	99	96	
1030	9	Re5	D5	327	327	1	8	750	99	96	
1031	9	Do5	C5	318	318	1	8	750	99	96	
1032	8	Re5	D5	327	327	1	8	94	99	96	
1033	9	Do5	C5	318	318	1	8	750	99	96	
1034	9	Si4b1	B4b1	313	313	1	8	750	99	96	
1035	9	La4	A4	305	305	1	2	3000	99	96	
1035.5	53										
1036	9	Si4b1	B4b1	313	313	1	8	750	99	96	
1037	9	Do5	C5	318	318	1	8	750	99	96	
1038	9	Si4b1	B4b1	313	313	1	4	1500	95	96	
1039	9	Do5	C5	318	318	1	8	750	99	96	
1040	9	Re5	D5	327	327	1	8	750	99	96	
1041	9	Do5	C5	318	318	1	8	750	99	96	
1042	9	Si4b1	B4b1	313	313	1	8	750	95	96	
1043	8	Re5	D5	327	327	1	8	94	95	96	
1044	9	Do5	C5	318	318	1	8	750	99	96	
1045	9	Si4b1	B4b1	313	313	1	8	750	99	96	
1046	9	Do5	C5	318	318	1	4	1500	95	96	
1046.5	53										
1047	9			-1	-1	1	4	1500	95	96	
1048	9	Si4b1	B4b1	313	313	1	8	750	99	96	
1049	9	Do5	C5	318	318	1	8	750	99	96	
1050	9	Re5	D5	327	327	1	4	1500	99	96	
1051	9	Do5	C5	318	318	1	4	1500	99	96	
1052	9	Si4b1	B4b1	313	313	1	4	1500	99	96	
1053	8	Re5	D5	327	327	1	8	94	99	96	
1054	9	Do5	C5	318	318	1	8	750	99	96	
1055	9	Si4b1	B4b1	313	313	1	8	750	99	96	
1056	9	La4	A4	305	305	1	4	1500	99	96	
1057	9	La4	A4	305	305	1	4	1500	95	96	
1057.5	53										
1058	9	Sol4	G4	296	296	1	4	1500	99	96	
1059	9	La4	A4	305	305	1	4	1500	99	96	
1060	9	La4	A4	305	305	1	2	3000	95	96	
1060.5	54										saba@la5
1061	9	Re6b4	D6b4	376	376	3	16	1125	95	96	
1062	9	Do6	C6	371	371	1	16	375	95	96	
1063	9	Si5b1	B5b1	366	366	1	8	750	95	96	
1064	9	Re6b4	D6b4	376	376	1	8	750	95	96	
1065	9	Do6	C6	371	371	1	2	3000	95	96	
1065.5	53										
1066	9	Si5b1	B5b1	366	366	1	4	1500	99	96	
1067	9	Do6	C6	371	371	1	4	1500	99	96	
1068	9	Do6	C6	371	371	1	4	1500	95	96	
1069	9	Do6	C6	371	371	1	4	1500	95	96	
1069.5	53										
1070	9	Sol5	G5	349	349	1	2	3000	95	96	
1071	9	Do6	C6	371	371	1	2	3000	95	96	
1071.5	53										
1072	9	Re6b4	D6b4	376	376	3	16	1125	99	96	
1073	9	Do6	C6	371	371	1	16	375	99	96	
1074	9	Si5b1	B5b1	366	366	1	8	750	99	96	
1075	9	Do6	C6	371	371	1	8	750	99	96	
1076	9	Si5b1	B5b1	366	366	1	4	1500	99	96	
1077	9	Re6b4	D6b4	376	376	1	4	1500	95	96	
1078	9	Re6b4	D6b4	376	376	3	16	1125	99	96	
1079	9	Do6	C6	371	371	1	16	375	99	96	
1080	9	Si5b1	B5b1	366	366	1	8	750	99	96	
1081	9	Do6	C6	371	371	1	8	750	99	96	
1082	9	Si5b1	B5b1	366	366	1	8	750	99	96	
1083	9	Re6b4	D6b4	376	376	1	8	750	99	96	
1084	9	Do6	C6	371	371	1	4	1500	95	96	
1084.5	53										
1085	9			-1	-1	1	4	1500	95	96	
1086	9	Do6	C6	371	371	1	8	750	99	96	
1087	9	Do6	C6	371	371	1	8	750	99	96	
1088	9	Do6	C6	371	371	1	4	1500	99	96	
1089	9	Re6b4	D6b4	376	376	1	4	1500	95	96	
1089.5	53										
1090	9			-1	-1	1	8	750	95	96	
1091	9	Do6	C6	371	371	1	4	1500	99	96	
1092	9	Re6b4	D6b4	376	376	1	8	750	99	96	
1093	9	Do6	C6	371	371	1	4	1500	99	96	
1094	9	Re6b4	D6b4	376	376	1	4	1500	99	96	
1094.5	53										
1095	9	Do6	C6	371	371	1	4	1500	99	96	
1096	8	Re6b4	D6b4	376	376	1	8	94	99	96	
1097	9	Si5b1	B5b1	366	366	1	8	750	99	96	
1098	9	La5	A5	358	358	1	8	750	99	96	
1099	9	Si5b1	B5b1	366	366	1	8	750	99	96	
1100	9	Do6	C6	371	371	1	8	750	99	96	
1101	9	Si5b1	B5b1	366	366	1	4	1500	95	96	
1101.5	53										
1102	9			-1	-1	1	4	1500	95	96	
1103	9	Do6	C6	371	371	1	8	750	99	96	
1104	9	Re6b4	D6b4	376	376	1	8	750	99	96	
1105	9	Do6	C6	371	371	1	4	1500	95	96	
1106	9	Re6b4	D6b4	376	376	1	8	750	99	96	
1107	9	Mi6	E6	389	389	1	8	750	95	96	
1108	9	Re6b4	D6b4	376	376	1	4	1500	99	96	
1109	9	Do6	C6	371	371	1	4	1500	99	96	
1110	9	Do6	C6	371	371	1	4	1500	99	96	
1111	8	Re6b4	D6b4	376	376	1	8	94	99	96	
1112	9	Do6	C6	371	371	1	8	750	99	96	
1113	9	Si5b1	B5b1	366	366	1	8	750	99	96	
1113.5	53										
1114	9	Si5b1	B5b1	366	366	1	8	750	99	96	
1115	9	La5	A5	358	358	1	8	750	99	96	
1116	9	La5	A5	358	358	1	8	750	99	96	
1117	9	Sol5	G5	349	349	1	8	750	99	96	
1118	9	Re6b4	D6b4	376	376	3	16	1125	99	96	
1119	9	Do6	C6	371	371	1	16	375	99	96	
1120	9	Re6b4	D6b4	376	376	1	8	750	99	96	
1121	9	Mi6	E6	389	389	1	8	750	95	96	
1122	9	Re6b4	D6b4	376	376	3	16	1125	95	96	
1123	9	Do6	C6	371	371	1	16	375	95	96	
1124	9	Si5b1	B5b1	366	366	1	8	750	95	96	
1125	9	Do6	C6	371	371	1	8	750	95	96	
1126	9	Si5b1	B5b1	366	366	1	8	750	95	96	
1127	9	Do6	C6	371	371	1	8	750	95	96	
1128	9	Re6b4	D6b4	376	376	1	8	750	95	96	
1129	9	Re6b4	D6b4	376	376	1	16	375	95	96	
1130	9	Do6	C6	371	371	1	16	375	95	96	
1130.5	53										
1130.6	55										
1131	9	Do6	C6	371	371	1	2	3000	95	96	
1132	9	Re6	D6	380	380	1	4	1500	95	96	
1133	9	Mi6	E6	389	389	1	4	1500	95	96	
1134	9	Re6	D6	380	380	1	4	1500	99	96	
1135	9	Mi6	E6	389	389	1	4	1500	99	96	
1136	9	Mi6	E6	389	389	1	4	1500	95	96	
1137	9	Mi6	E6	389	389	1	4	1500	95	96	
1137.5	53										
1138	9	Re6	D6	380	380	1	4	1500	95	96	
1139	9	Do6	C6	371	371	1	4	1500	95	96	
1140	9	Re6	D6	380	380	1	8	750	99	96	
1141	9	Mi6	E6	389	389	1	8	750	99	96	
1142	9	Re6	D6	380	380	1	8	750	99	96	
1143	9	Mi6	E6	389	389	1	8	750	95	96	
1144	9	Mi6	E6	389	389	1	2	3000	99	96	
1145	9	Mi6	E6	389	389	1	8	750	99	96	
1146	9	Fa6	F6	393	393	1	8	750	99	96	
1147	9	Mi6	E6	389	389	1	8	750	99	96	
1148	9	Re6	D6	380	380	1	8	750	95	96	
1149	9	Mi6	E6	389	389	3	16	1125	99	96	
1150	9	Re6	D6	380	380	1	16	375	99	96	
1151	9	Do6	C6	371	371	1	8	750	99	96	
1152	9	Re6	D6	380	380	1	8	750	99	96	
1153	9	Do6	C6	371	371	1	8	750	99	96	
1154	9	Re6	D6	380	380	1	8	750	99	96	
1155	9	Mi6	E6	389	389	1	4	1500	95	96	
1155.5	53										
1156	9			-1	-1	1	4	1500	95	96	
1157	9	Re6	D6	380	380	1	8	750	99	96	
1158	9	Mi6	E6	389	389	1	8	750	99	96	
1159	9	Fa6	F6	393	393	1	4	1500	99	96	
1160	9	Mi6	E6	389	389	1	8	750	99	96	
1161	9	Re6	D6	380	380	1	8	750	95	96	
1162	9	Mi6	E6	389	389	1	8	750	99	96	
1163	9	Re6	D6	380	380	1	8	750	99	96	
1164	9	Re6	D6	380	380	1	8	750	99	96	
1165	9	Do6	C6	371	371	1	8	750	99	96	
1166	8	Mi6	E6	389	389	1	8	94	99	96	
1167	9	Re6	D6	380	380	1	8	750	99	96	
1168	9	Do6	C6	371	371	1	8	750	99	96	
1169	9	Re6	D6	380	380	1	4	1500	99	96	
1170	9	Re6	D6	380	380	1	8	750	95	96	
1171	9	Es	Es			1	8	750	95	96	
1171.5	53										
1172	9	Do6	C6	371	371	1	8	750	99	96	
1173	9	Re6	D6	380	380	1	8	750	99	96	
1174	9	Mi6	E6	389	389	1	4	1500	99	96	
1175	9	Re6	D6	380	380	1	8	750	99	96	
1176	9	Do6	C6	371	371	1	8	750	95	96	
1177	9	Re6	D6	380	380	1	8	750	99	96	
1178	9	Do6	C6	371	371	1	8	750	99	96	
1179	9	Do6	C6	371	371	1	8	750	95	96	
1180	9	Si5b1	B5b1	366	366	1	8	750	95	96	
1181	8	Re6	D6	380	380	1	8	94	95	96	
1182	9	Do6	C6	371	371	1	8	750	99	96	
1183	9	Si5b1	B5b1	366	366	1	8	750	99	96	
1184	9	Do6	C6	371	371	1	4	1500	95	96	
1184.5	53										
1185	9			-1	-1	1	4	1500	95	96	
1186	9	Si5b1	B5b1	366	366	1	8	750	99	96	
1187	9	Do6	C6	371	371	1	8	750	99	96	
1188	9	Re6	D6	380	380	1	4	1500	99	96	
1189	9	Do6	C6	371	371	1	4	1500	99	96	
1190	9	Si5b1	B5b1	366	366	1	4	1500	99	96	
1191	9	Do6	C6	371	371	1	8	750	99	96	
1192	8	Re6	D6	380	380	1	8	94	99	96	
1193	9	Do6	C6	371	371	1	16	375	99	96	
1194	9	Si5b1	B5b1	366	366	1	16	375	99	96	
1195	9	Si5b1	B5b1	366	366	1	4	1500	95	96	
1196	9	Si5b1	B5b1	366	366	1	4	1500	95	96	
1196.5	53										
1197	9	La5#4	A5#4	362	362	1	4	1500	99	96	
1198	9	Si5b1	B5b1	366	366	1	4	1500	99	96	
1199	9	Si5b1	B5b1	366	366	1	2	3000	99	96	
1200	9	Si5b1	B5b1	366	366	1	2	3000	99	96	
1201	9	Si5b1	B5b1	366	366	1	4	1500	99	96	
1202	9	Re6	D6	380	380	1	4	1500	99	96	
1203	9	Re6	D6	380	380	1	8	750	99	96	
1204	9	Do6	C6	371	371	1	4	1500	99	96	
1205	9	Re6	D6	380	380	1	8	750	99	96	
1206	9	Re6	D6	380	380	1	8	750	99	96	
1207	9	Do6	C6	371	371	1	4	1500	95	96	
1208	9	Si5b1	B5b1	366	366	1	8	750	95	96	
1209	9	La5	A5	358	358	1	8	750	99	96	
1210	9	Si5b1	B5b1	366	366	1	8	750	99	96	
1211	9	La5	A5	358	358	1	8	750	99	96	
1212	9	Sol5	G5	349	349	1	8	750	95	96	
1212.5	53										
1213	9	Es	Es			1	8	750	95	96	
1214	9	La5	A5	358	358	1	16	375	99	96	
1215	9	Si5b1	B5b1	366	366	1	16	375	99	96	
1216	9	La5	A5	358	358	1	8	750	95	96	
1217	9	Si5b1	B5b1	366	366	1	8	750	95	96	
1218	9	Do6	C6	371	371	1	8	750	99	96	
1219	9	Re6	D6	380	380	1	8	750	99	96	
1220	9	Do6	C6	371	371	1	8	750	99	96	
1221	9	Re6	D6	380	380	1	8	750	99	96	
1222	9	Do6	C6	371	371	1	8	750	99	96	
1223	9	Mi6	E6	389	389	1	8	750	99	96	
1224	9	Re6	D6	380	380	1	8	750	99	96	
1225	9	Do6	C6	371	371	1	8	750	95	96	
1226	8	Mi6	E6	389	389	1	8	94	95	96	
1227	9	Re6	D6	380	380	1	8	750	99	96	
1228	9	Do6	C6	371	371	1	8	750	99	96	
1229	9	Si5b1	B5b1	366	366	1	8	750	99	96	
1230	9	La5	A5	358	358	1	8	750	99	96	
1231	9	La5	A5	358	358	1	4	1500	99	96	
1232	9	Re6	D6	380	380	1	4	1500	95	96	
1232.5	53										
1233	9			-1	-1	1	4	1500	95	96	
1234	9	Do6	C6	371	371	1	8	750	99	96	
1235	9	Re6	D6	380	380	1	8	750	99	96	
1236	9	Mi6	E6	389	389	1	4	1500	99	96	
1237	9	Re6	D6	380	380	1	8	750	99	96	
1238	9	Do6	C6	371	371	1	8	750	95	96	
1239	9	Re6	D6	380	380	1	8	750	99	96	
1240	9	Do6	C6	371	371	1	8	750	99	96	
1241	8	Re6	D6	380	380	1	8	94	99	96	
1242	9	Do6	C6	371	371	1	8	750	99	96	
1243	9	Si5b1	B5b1	366	366	1	8	750	99	96	
1244	8	Re6	D6	380	380	1	8	94	99	96	
1245	9	Do6	C6	371	371	1	8	750	99	96	
1246	9	Si5b1	B5b1	366	366	1	8	750	99	96	
1247	9	Do6	C6	371	371	1	4	1500	99	96	
1248	9	Do6	C6	371	371	1	8	750	99	96	
1248.5	53										
1249	9	Es	Es			1	8	750	99	96	
1250	9	Si5b1	B5b1	366	366	1	8	750	99	96	
1251	9	Do6	C6	371	371	1	8	750	99	96	
1252	9	Re6	D6	380	380	1	4	1500	99	96	
1253	9	Do6	C6	371	371	1	8	750	99	96	
1254	9	Si5b1	B5b1	366	366	1	8	750	95	96	
1255	9	Si5b1	B5b1	366	366	1	4	1500	95	96	
1256	9	La5	A5	358	358	1	4	1500	95	96	
1257	9	Si5b1	B5b1	366	366	1	2	3000	95	96	
1257.5	53										
1258	9			-1	-1	1	4	1500	95	96	
1259	9	La5	A5	358	358	1	8	750	99	96	
1260	9	Si5b1	B5b1	366	366	1	8	750	99	96	
1261	9	Do6	C6	371	371	1	4	1500	99	96	
1262	8	Re6	D6	380	380	1	8	94	99	96	
1263	9	Do6	C6	371	371	1	8	750	99	96	
1264	9	Si5b1	B5b1	366	366	1	8	750	99	96	
1265	9	Si5b1	B5b1	366	366	1	8	750	99	96	
1266	9	Do6	C6	371	371	1	8	750	99	96	
1267	9	Si5b1	B5b1	366	366	1	8	750	99	96	
1268	9	La5	A5	358	358	1	8	750	99	96	
1269	9	La5	A5	358	358	1	4	1500	99	96	
1270	9	La5	A5	358	358	1	4	1500	95	96	
1270.5	53										
1271	9	Sol5	G5	349	349	1	4	1500	99	96	
1272	9	La5	A5	358	358	1	4	1500	99	96	
1273	9	La5	A5	358	358	1	2	3000	95	96	
1274	9	La5	A5	358	358	3	16	1125	95	96	
1275	9	Sol5	G5	349	349	1	16	375	95	96	
1276	9	Fa5#4	F5#4	344	344	1	8	750	95	96	
1277	9	Sol5	G5	349	349	1	8	750	95	96	
1278	9	La5	A5	358	358	1	2	3000	95	96	
1278.5	53										