Sýra	Kod	Nota53	NotaAE	Koma53	KomaAE	Pay	Payda	Ms	LNS	Bas	Soz1	Offset
1	9	Mi5	E5	336	336	1	8	417	95	96	1. HANE 	0.0625
2	9	La5	A5	358	358	1	8	417	95	96		0.125
3	9	La5	A5	358	358	1	8	417	95	96		0.1875
4	9	Sol5	G5	349	349	1	16	208	95	96		0.21875
5	9	Fa5#3	F5#4	343	344	1	16	208	95	96		0.25
6	9	Sol5	G5	349	349	1	16	208	95	96		0.28125
7	9	Fa5#3	F5#4	343	344	1	16	208	95	96		0.3125
8	9	Sol5	G5	349	349	1	16	208	95	96		0.34375
9	9	La5	A5	358	358	1	16	208	95	96		0.375
10	9	Mi5	E5	336	336	1	4	833	95	96		0.5
11	53			0	0	0	0	0	0	0		0.5
12	9	Mi5	E5	336	336	1	8	417	95	96		0.5625
13	9	La5	A5	358	358	1	8	417	95	96		0.625
14	9	Si5b2	B5b1	365	366	1	16	208	95	96		0.65625
15	9	La5	A5	358	358	1	16	208	95	96		0.6875
16	9	Sol5	G5	349	349	1	16	208	95	96		0.71875
17	9	Fa5#3	F5#4	343	344	1	16	208	95	96		0.75
18	9	Sol5	G5	349	349	1	16	208	95	96		0.78125
19	9	Fa5#3	F5#4	343	344	1	16	208	95	96		0.8125
20	9	Sol5	G5	349	349	1	16	208	95	96		0.84375
21	9	La5	A5	358	358	1	16	208	95	96		0.875
22	9	Mi5	E5	336	336	1	4	833	95	96		1
23	53			0	0	0	0	0	0	0		1
24	9	Do6	C6	371	371	3	16	625	95	96		1.09375
25	9	Si5b2	B5b1	365	366	1	16	208	95	96		1.125
26	9	La5	A5	358	358	1	8	417	95	96		1.1875
27	9	Sol5	G5	349	349	1	8	417	95	96		1.25
28	9	Si5b2	B5b1	365	366	1	16	208	95	96		1.28125
29	9	Do6	C6	371	371	1	8	417	95	96		1.34375
30	9	Si5b2	B5b1	365	366	1	16	208	95	96		1.375
31	9	La5	A5	358	358	3	16	625	95	96		1.46875
32	9	Sol5	G5	349	349	1	16	208	95	96		1.5
33	9	Fa5#3	F5#4	343	344	1	8	417	95	96		1.5625
34	9	Sol5	G5	349	349	1	8	417	95	96		1.625
35	9	La5	A5	358	358	1	8	417	95	96		1.6875
36	9	Si5b2	B5b1	365	366	1	8	417	95	96		1.75
37	9	Do6	C6	371	371	1	8	417	95	96		1.8125
38	9	Si5b2	B5b1	365	366	1	8	417	95	96		1.875
39	9	Re6	D6	380	380	1	16	208	95	96		1.90625
40	9	Do6	C6	371	371	1	16	208	95	96		1.9375
41	9	Do6	C6	371	371	1	16	208	95	96		1.96875
42	9	Si5b2	B5b1	365	366	1	16	208	95	96		2
43	9	La5	A5	358	358	3	16	625	95	96		2.09375
44	9	Sol5	G5	349	349	1	16	208	95	96		2.125
45	9	Fa5#3	F5#4	343	344	1	8	417	95	96		2.1875
46	9	Sol5	G5	349	349	1	8	417	95	96		2.25
47	9	La5	A5	358	358	1	8	417	95	96		2.3125
48	9	Si5b2	B5b1	365	366	1	8	417	95	96		2.375
49	9	Do6	C6	371	371	1	8	417	95	96		2.4375
50	9	Si5b2	B5b1	365	366	1	8	417	95	96		2.5
51	9	Re6	D6	380	380	1	16	208	95	96		2.53125
52	9	Do6	C6	371	371	1	16	208	95	96		2.5625
53	9	Do6	C6	371	371	1	16	208	95	96		2.59375
54	9	Si5b2	B5b1	365	366	1	16	208	95	96		2.625
55	9	La5	A5	358	358	1	8	417	95	96		2.6875
56	9	Sol5#4	G5#4	353	353	1	8	417	95	96		2.75
57	9	La5	A5	358	358	1	4	833	95	96		2.875
58	9	La5	A5	358	358	1	4	833	95	96		3
59	53			0	0	0	0	0	0	0		3
60	9	Mi5	E5	336	336	1	8	417	95	96		3.0625
61	9	La5	A5	358	358	1	8	417	95	96		3.125
62	9	La5	A5	358	358	1	8	417	95	96		3.1875
63	9	Sol5	G5	349	349	1	16	208	95	96		3.21875
64	9	Fa5#3	F5#4	343	344	1	16	208	95	96		3.25
65	9	Sol5	G5	349	349	1	16	208	95	96		3.28125
66	9	Fa5#3	F5#4	343	344	1	16	208	95	96		3.3125
67	9	Sol5	G5	349	349	1	16	208	95	96		3.34375
68	9	La5	A5	358	358	1	16	208	95	96		3.375
69	9	Mi5	E5	336	336	1	4	833	95	96		3.5
70	53			0	0	0	0	0	0	0		3.5
71	9	Do5	C5	318	318	3	16	625	95	96		3.59375
72	9	Si4b2	B4b1	312	313	1	16	208	95	96		3.625
73	9	La4	A4	305	305	1	8	417	95	96		3.6875
74	9	Do5	C5	318	318	1	32	104	95	96		3.703125
75	9	Si4b2	B4b1	312	313	1	32	104	95	96		3.71875
76	9	La4	A4	305	305	1	16	208	95	96		3.75
77	9	La4	A4	305	305	1	4	833	95	96		3.875
78	9	La4	A4	305	305	1	4	833	95	96		4
79	53			0	0	0	0	0	0	0		4
80	9	Mi5	E5	336	336	1	8	417	95	96	1. HANE 	4.0625
81	9	La5	A5	358	358	1	8	417	95	96		4.125
82	9	La5	A5	358	358	1	8	417	95	96		4.1875
83	9	Sol5	G5	349	349	1	16	208	95	96		4.21875
84	9	Fa5#3	F5#4	343	344	1	16	208	95	96		4.25
85	9	Sol5	G5	349	349	1	16	208	95	96		4.28125
86	9	Fa5#3	F5#4	343	344	1	16	208	95	96		4.3125
87	9	Sol5	G5	349	349	1	16	208	95	96		4.34375
88	9	La5	A5	358	358	1	16	208	95	96		4.375
89	9	Mi5	E5	336	336	1	4	833	95	96		4.5
90	53			0	0	0	0	0	0	0		4.5
91	9	Mi5	E5	336	336	1	8	417	95	96		4.5625
92	9	La5	A5	358	358	1	8	417	95	96		4.625
93	9	Si5b2	B5b1	365	366	1	16	208	95	96		4.65625
94	9	La5	A5	358	358	1	16	208	95	96		4.6875
95	9	Sol5	G5	349	349	1	16	208	95	96		4.71875
96	9	Fa5#3	F5#4	343	344	1	16	208	95	96		4.75
97	9	Sol5	G5	349	349	1	16	208	95	96		4.78125
98	9	Fa5#3	F5#4	343	344	1	16	208	95	96		4.8125
99	9	Sol5	G5	349	349	1	16	208	95	96		4.84375
100	9	La5	A5	358	358	1	16	208	95	96		4.875
101	9	Mi5	E5	336	336	1	4	833	95	96		5
102	53			0	0	0	0	0	0	0		5
103	9	Do6	C6	371	371	3	16	625	95	96		5.09375
104	9	Si5b2	B5b1	365	366	1	16	208	95	96		5.125
105	9	La5	A5	358	358	1	8	417	95	96		5.1875
106	9	Sol5	G5	349	349	1	8	417	95	96		5.25
107	9	Si5b2	B5b1	365	366	1	16	208	95	96		5.28125
108	9	Do6	C6	371	371	1	8	417	95	96		5.34375
109	9	Si5b2	B5b1	365	366	1	16	208	95	96		5.375
110	9	La5	A5	358	358	3	16	625	95	96		5.46875
111	9	Sol5	G5	349	349	1	16	208	95	96		5.5
112	9	Fa5#3	F5#4	343	344	1	8	417	95	96		5.5625
113	9	Sol5	G5	349	349	1	8	417	95	96		5.625
114	9	La5	A5	358	358	1	8	417	95	96		5.6875
115	9	Si5b2	B5b1	365	366	1	8	417	95	96		5.75
116	9	Do6	C6	371	371	1	8	417	95	96		5.8125
117	9	Si5b2	B5b1	365	366	1	8	417	95	96		5.875
118	9	Re6	D6	380	380	1	16	208	95	96		5.90625
119	9	Do6	C6	371	371	1	16	208	95	96		5.9375
120	9	Do6	C6	371	371	1	16	208	95	96		5.96875
121	9	Si5b2	B5b1	365	366	1	16	208	95	96		6
122	9	La5	A5	358	358	3	16	625	95	96		6.09375
123	9	Sol5	G5	349	349	1	16	208	95	96		6.125
124	9	Fa5#3	F5#4	343	344	1	8	417	95	96		6.1875
125	9	Sol5	G5	349	349	1	8	417	95	96		6.25
126	9	La5	A5	358	358	1	8	417	95	96		6.3125
127	9	Si5b2	B5b1	365	366	1	8	417	95	96		6.375
128	9	Do6	C6	371	371	1	8	417	95	96		6.4375
129	9	Si5b2	B5b1	365	366	1	8	417	95	96		6.5
130	9	Re6	D6	380	380	1	16	208	95	96		6.53125
131	9	Do6	C6	371	371	1	16	208	95	96		6.5625
132	9	Do6	C6	371	371	1	16	208	95	96		6.59375
133	9	Si5b2	B5b1	365	366	1	16	208	95	96		6.625
134	9	La5	A5	358	358	1	8	417	95	96		6.6875
135	9	Sol5#4	G5#4	353	353	1	8	417	95	96		6.75
136	9	La5	A5	358	358	1	4	833	95	96		6.875
137	9	La5	A5	358	358	1	4	833	95	96		7
138	53			0	0	0	0	0	0	0		7
139	9	Mi5	E5	336	336	1	8	417	95	96		7.0625
140	9	La5	A5	358	358	1	8	417	95	96		7.125
141	9	La5	A5	358	358	1	8	417	95	96		7.1875
142	9	Sol5	G5	349	349	1	16	208	95	96		7.21875
143	9	Fa5#3	F5#4	343	344	1	16	208	95	96		7.25
144	9	Sol5	G5	349	349	1	16	208	95	96		7.28125
145	9	Fa5#3	F5#4	343	344	1	16	208	95	96		7.3125
146	9	Sol5	G5	349	349	1	16	208	95	96		7.34375
147	9	La5	A5	358	358	1	16	208	95	96		7.375
148	9	Mi5	E5	336	336	1	4	833	95	96		7.5
149	53			0	0	0	0	0	0	0		7.5
150	9	Do5	C5	318	318	3	16	625	95	96		7.59375
151	9	Si4b2	B4b1	312	313	1	16	208	95	96		7.625
152	9	La4	A4	305	305	1	8	417	95	96		7.6875
153	9	Do5	C5	318	318	1	32	104	95	96		7.703125
154	9	Si4b2	B4b1	312	313	1	32	104	95	96		7.71875
155	9	La4	A4	305	305	1	16	208	95	96		7.75
156	9	La4	A4	305	305	1	4	833	95	96		7.875
157	9	La4	A4	305	305	1	4	833	95	96		8
158	53			0	0	0	0	0	0	0		8
159	9	La5	A5	358	358	1	16	208	95	96	MÜLÂZÝME 	8.03125
160	9	Si5b2	B5b1	365	366	1	16	208	95	96		8.0625
161	9	Do6	C6	371	371	1	8	417	95	96		8.125
162	9	Re6	D6	380	380	1	32	104	95	96		8.140625
163	9	Do6	C6	371	371	1	32	104	95	96		8.15625
164	9	Si5b2	B5b1	365	366	1	16	208	95	96		8.1875
165	9	La5	A5	358	358	1	8	417	95	96		8.25
166	9	Si5b2	B5b1	365	366	1	16	208	95	96		8.28125
167	9	Do6	C6	371	371	1	16	208	95	96		8.3125
168	9	Si5b2	B5b1	365	366	1	16	208	95	96		8.34375
169	9	La5	A5	358	358	1	16	208	95	96		8.375
170	9	La5	A5	358	358	3	16	625	95	96		8.46875
171	9	Sol5	G5	349	349	1	16	208	95	96		8.5
172	9	Sol5	G5	349	349	3	16	625	95	96		8.59375
173	9	Fa5#3	F5#4	343	344	1	16	208	95	96		8.625
174	9	Fa5#3	F5#4	343	344	3	16	625	95	96		8.71875
175	9	Mi5	E5	336	336	1	16	208	95	96		8.75
176	9	Mi5	E5	336	336	3	16	625	95	96		8.84375
177	9	Re5	D5	327	327	1	16	208	95	96		8.875
178	9	Re5	D5	327	327	1	4	833	95	96		9
179	53			0	0	0	0	0	0	0		9
180	9	La5	A5	358	358	1	16	208	95	96		9.03125
181	9	Si5b2	B5b1	365	366	1	16	208	95	96		9.0625
182	9	Do6	C6	371	371	1	16	208	95	96		9.09375
183	9	Re6	D6	380	380	1	16	208	95	96		9.125
184	9	Do6	C6	371	371	1	16	208	95	96		9.15625
185	9	Si5b2	B5b1	365	366	1	16	208	95	96		9.1875
186	9	La5	A5	358	358	1	8	417	95	96		9.25
187	9	Si5b2	B5b1	365	366	1	16	208	95	96		9.28125
188	9	Do6	C6	371	371	1	16	208	95	96		9.3125
189	9	Si5b2	B5b1	365	366	1	16	208	95	96		9.34375
190	9	La5	A5	358	358	1	16	208	95	96		9.375
191	9	La5	A5	358	358	3	16	625	95	96		9.46875
192	9	Sol5	G5	349	349	1	16	208	95	96		9.5
193	9	Sol5	G5	349	349	3	16	625	95	96		9.59375
194	9	Fa5#3	F5#4	343	344	1	16	208	95	96		9.625
195	9	Mi5	E5	336	336	1	16	208	95	96		9.65625
196	9	Sol5	G5	349	349	1	16	208	95	96		9.6875
197	9	Fa5#3	F5#4	343	344	1	16	208	95	96		9.71875
198	9	Mi5	E5	336	336	1	16	208	95	96		9.75
199	9	Mi5	E5	336	336	1	4	833	95	96		9.875
200	9	Mi5	E5	336	336	1	4	833	95	96		10
201	53			0	0	0	0	0	0	0		10
202	9	La5	A5	358	358	1	16	208	95	96	MÜLÂZÝME 	10.03125
203	9	Si5b2	B5b1	365	366	1	16	208	95	96		10.0625
204	9	Do6	C6	371	371	1	8	417	95	96		10.125
205	9	Re6	D6	380	380	1	32	104	95	96		10.14063
206	9	Do6	C6	371	371	1	32	104	95	96		10.15625
207	9	Si5b2	B5b1	365	366	1	16	208	95	96		10.1875
208	9	La5	A5	358	358	1	8	417	95	96		10.25
209	9	Si5b2	B5b1	365	366	1	16	208	95	96		10.28125
210	9	Do6	C6	371	371	1	16	208	95	96		10.3125
211	9	Si5b2	B5b1	365	366	1	16	208	95	96		10.34375
212	9	La5	A5	358	358	1	16	208	95	96		10.375
213	9	La5	A5	358	358	3	16	625	95	96		10.46875
214	9	Sol5	G5	349	349	1	16	208	95	96		10.5
215	9	Sol5	G5	349	349	3	16	625	95	96		10.59375
216	9	Fa5#3	F5#4	343	344	1	16	208	95	96		10.625
217	9	Fa5#3	F5#4	343	344	3	16	625	95	96		10.71875
218	9	Mi5	E5	336	336	1	16	208	95	96		10.75
219	9	Mi5	E5	336	336	3	16	625	95	96		10.84375
220	9	Re5	D5	327	327	1	16	208	95	96		10.875
221	9	Re5	D5	327	327	1	4	833	95	96		11
222	53			0	0	0	0	0	0	0		11
223	9	La5	A5	358	358	1	16	208	95	96		11.03125
224	9	Si5b2	B5b1	365	366	1	16	208	95	96		11.0625
225	9	Do6	C6	371	371	1	16	208	95	96		11.09375
226	9	Re6	D6	380	380	1	16	208	95	96		11.125
227	9	Do6	C6	371	371	1	16	208	95	96		11.15625
228	9	Si5b2	B5b1	365	366	1	16	208	95	96		11.1875
229	9	La5	A5	358	358	1	8	417	95	96		11.25
230	9	Si5b2	B5b1	365	366	1	16	208	95	96		11.28125
231	9	Do6	C6	371	371	1	16	208	95	96		11.3125
232	9	Si5b2	B5b1	365	366	1	16	208	95	96		11.34375
233	9	La5	A5	358	358	1	16	208	95	96		11.375
234	9	La5	A5	358	358	3	16	625	95	96		11.46875
235	9	Sol5	G5	349	349	1	16	208	95	96		11.5
236	9	Sol5	G5	349	349	3	16	625	95	96		11.59375
237	9	Fa5#3	F5#4	343	344	1	16	208	95	96		11.625
238	9	Mi5	E5	336	336	1	16	208	95	96		11.65625
239	9	Sol5	G5	349	349	1	16	208	95	96		11.6875
240	9	Fa5#3	F5#4	343	344	1	16	208	95	96		11.71875
241	9	Mi5	E5	336	336	1	16	208	95	96		11.75
242	9	Mi5	E5	336	336	1	4	833	95	96		11.875
243	9	Mi5	E5	336	336	1	4	833	95	96		12
244	53			0	0	0	0	0	0	0		12
245	9	La5	A5	358	358	3	16	625	95	96		12.09375
246	9	Si5	B5	367	367	1	16	208	95	96		12.125
247	9	Do6	C6	371	371	1	8	417	95	96		12.1875
248	9	La5	A5	358	358	1	8	417	95	96		12.25
249	9	Si5b2	B5b1	365	366	1	16	208	95	96		12.28125
250	9	Do6	C6	371	371	1	16	208	95	96		12.3125
251	9	Si5b2	B5b1	365	366	1	16	208	95	96		12.34375
252	9	Do6	C6	371	371	1	16	208	95	96		12.375
253	9	La5	A5	358	358	1	4	833	95	96		12.5
254	53			0	0	0	0	0	0	0		12.5
255	9	Fa5#3	F5#4	343	344	1	8	417	95	96		12.5625
256	9	Sol5	G5	349	349	1	8	417	95	96		12.625
257	9	La5	A5	358	358	1	8	417	95	96		12.6875
258	9	Si5b2	B5b1	365	366	1	8	417	95	96		12.75
259	9	Do6	C6	371	371	1	16	208	95	96		12.78125
260	9	Re6	D6	380	380	1	16	208	95	96		12.8125
261	9	Do6	C6	371	371	1	16	208	95	96		12.84375
262	9	Si5b2	B5b1	365	366	1	16	208	95	96		12.875
263	9	La5	A5	358	358	1	4	833	95	96		13
264	53			0	0	0	0	0	0	0		13
265	9	Mi5	E5	336	336	1	8	417	95	96		13.0625
266	9	Fa5#3	F5#4	343	344	1	8	417	95	96		13.125
267	9	Sol5	G5	349	349	1	8	417	95	96		13.1875
268	9	Fa5#3	F5#4	343	344	1	8	417	95	96		13.25
269	9	Sol5	G5	349	349	1	16	208	95	96		13.28125
270	9	Fa5#3	F5#4	343	344	1	16	208	95	96		13.3125
271	9	Sol5	G5	349	349	1	16	208	95	96		13.34375
272	9	La5	A5	358	358	1	16	208	95	96		13.375
273	9	Mi5	E5	336	336	1	4	833	95	96		13.5
274	9	Do5	C5	318	318	3	16	625	95	96		13.59375
275	9	Si4b2	B4b1	312	313	1	16	208	95	96		13.625
276	9	La4	A4	305	305	1	8	417	95	96		13.6875
277	9	Do5	C5	318	318	1	32	104	95	96		13.70313
278	9	Si4b2	B4b1	312	313	1	32	104	95	96		13.71875
279	9	La4	A4	305	305	1	16	208	95	96		13.75
280	9	La4	A4	305	305	1	4	833	95	96		13.875
281	9	La4	A4	305	305	1	4	833	95	96		14
282	53			0	0	0	0	0	0	0		14
283	9	La5	A5	358	358	3	16	625	95	96		14.09375
284	9	Si5	B5	367	367	1	16	208	95	96		14.125
285	9	Do6	C6	371	371	1	8	417	95	96		14.1875
286	9	La5	A5	358	358	1	8	417	95	96		14.25
287	9	Si5b2	B5b1	365	366	1	16	208	95	96		14.28125
288	9	Do6	C6	371	371	1	16	208	95	96		14.3125
289	9	Si5b2	B5b1	365	366	1	16	208	95	96		14.34375
290	9	Do6	C6	371	371	1	16	208	95	96		14.375
291	9	La5	A5	358	358	1	4	833	95	96		14.5
292	53			0	0	0	0	0	0	0		14.5
293	9	Fa5#3	F5#4	343	344	1	8	417	95	96		14.5625
294	9	Sol5	G5	349	349	1	8	417	95	96		14.625
295	9	La5	A5	358	358	1	8	417	95	96		14.6875
296	9	Si5b2	B5b1	365	366	1	8	417	95	96		14.75
297	9	Do6	C6	371	371	1	16	208	95	96		14.78125
298	9	Re6	D6	380	380	1	16	208	95	96		14.8125
299	9	Do6	C6	371	371	1	16	208	95	96		14.84375
300	9	Si5b2	B5b1	365	366	1	16	208	95	96		14.875
301	9	La5	A5	358	358	1	4	833	95	96		15
302	53			0	0	0	0	0	0	0		15
303	9	Mi5	E5	336	336	1	8	417	95	96		15.0625
304	9	Fa5#3	F5#4	343	344	1	8	417	95	96		15.125
305	9	Sol5	G5	349	349	1	8	417	95	96		15.1875
306	9	Fa5#3	F5#4	343	344	1	8	417	95	96		15.25
307	9	Sol5	G5	349	349	1	16	208	95	96		15.28125
308	9	Fa5#3	F5#4	343	344	1	16	208	95	96		15.3125
309	9	Sol5	G5	349	349	1	16	208	95	96		15.34375
310	9	La5	A5	358	358	1	16	208	95	96		15.375
311	9	Mi5	E5	336	336	1	4	833	95	96		15.5
312	9	Do5	C5	318	318	3	16	625	95	96		15.59375
313	9	Si4b2	B4b1	312	313	1	16	208	95	96		15.625
314	9	La4	A4	305	305	1	8	417	95	96		15.6875
315	9	Do5	C5	318	318	1	32	104	95	96		15.70313
316	9	Si4b2	B4b1	312	313	1	32	104	95	96		15.71875
317	9	La4	A4	305	305	1	16	208	95	96		15.75
318	9	La4	A4	305	305	1	4	833	95	96		15.875
319	9	La4	A4	305	305	1	4	833	95	96		16
320	53			0	0	0	0	0	0	0		16
321	9	Mi5	E5	336	336	1	4	833	95	96		16.125
322	9	Sol5	G5	349	349	1	16	208	95	96		16.15625
323	9	Fa5#3	F5#4	343	344	1	16	208	95	96		16.1875
324	9	Mi5	E5	336	336	1	16	208	95	96		16.21875
325	9	Re5	D5	327	327	1	16	208	95	96		16.25
326	9	Re5	D5	327	327	3	16	625	95	96		16.34375
327	9	Do5	C5	318	318	1	16	208	95	96		16.375
328	9	Mi5b5	E5b5	331	331	1	16	208	95	96		16.40625
329	9	Re5	D5	327	327	1	16	208	95	96		16.4375
330	9	Do5	C5	318	318	1	16	208	95	96		16.46875
331	9	Si4b2	B4b1	312	313	1	16	208	95	96		16.5
332	9	Do5	C5	318	318	3	16	625	95	96		16.59375
333	9	Si4b2	B4b1	312	313	1	16	208	95	96		16.625
334	9	La4	A4	305	305	1	8	417	95	96		16.6875
335	9	Si4b2	B4b1	312	313	1	8	417	95	96		16.75
336	9	Do5	C5	318	318	1	4	833	95	96		16.875
337	9	Sol4	G4	296	296	1	4	833	95	96		17
338	53			0	0	0	0	0	0	0		17
339	9	Mi5	E5	336	336	1	4	833	95	96		17.125
340	9	Sol5	G5	349	349	1	16	208	95	96		17.15625
341	9	Fa5#3	F5#4	343	344	1	16	208	95	96		17.1875
342	9	Mi5	E5	336	336	1	16	208	95	96		17.21875
343	9	Re5	D5	327	327	1	16	208	95	96		17.25
344	9	Re5	D5	327	327	3	16	625	95	96		17.34375
345	9	Do5	C5	318	318	1	16	208	95	96		17.375
346	9	Mi5b5	E5b5	331	331	1	16	208	95	96		17.40625
347	9	Re5	D5	327	327	1	16	208	95	96		17.4375
348	9	Do5	C5	318	318	1	16	208	95	96		17.46875
349	9	Si4b2	B4b1	312	313	1	16	208	95	96		17.5
350	9	Do5	C5	318	318	3	16	625	95	96		17.59375
351	9	Si4b2	B4b1	312	313	1	16	208	95	96		17.625
352	9	La4	A4	305	305	1	8	417	95	96		17.6875
353	9	Do5	C5	318	318	1	32	104	95	96		17.70313
354	9	Si4b2	B4b1	312	313	1	32	104	95	96		17.71875
355	9	La4	A4	305	305	1	16	208	95	96		17.75
356	9	La4	A4	305	305	1	4	833	95	96		17.875
357	9	La4	A4	305	305	1	4	833	95	96		18
358	53			0	0	0	0	0	0	0		18
359	9	Mi5	E5	336	336	1	4	833	95	96		18.125
360	9	Sol5	G5	349	349	1	16	208	95	96		18.15625
361	9	Fa5#3	F5#4	343	344	1	16	208	95	96		18.1875
362	9	Mi5	E5	336	336	1	16	208	95	96		18.21875
363	9	Re5	D5	327	327	1	16	208	95	96		18.25
364	9	Re5	D5	327	327	3	16	625	95	96		18.34375
365	9	Do5	C5	318	318	1	16	208	95	96		18.375
366	9	Mi5b5	E5b5	331	331	1	16	208	95	96		18.40625
367	9	Re5	D5	327	327	1	16	208	95	96		18.4375
368	9	Do5	C5	318	318	1	16	208	95	96		18.46875
369	9	Si4b2	B4b1	312	313	1	16	208	95	96		18.5
370	9	Do5	C5	318	318	3	16	625	95	96		18.59375
371	9	Si4b2	B4b1	312	313	1	16	208	95	96		18.625
372	9	La4	A4	305	305	1	8	417	95	96		18.6875
373	9	Si4b2	B4b1	312	313	1	8	417	95	96		18.75
374	9	Do5	C5	318	318	1	4	833	95	96		18.875
375	9	Sol4	G4	296	296	1	4	833	95	96		19
376	53			0	0	0	0	0	0	0		19
377	9	Mi5	E5	336	336	1	4	833	95	96		19.125
378	9	Sol5	G5	349	349	1	16	208	95	96		19.15625
379	9	Fa5#3	F5#4	343	344	1	16	208	95	96		19.1875
380	9	Mi5	E5	336	336	1	16	208	95	96		19.21875
381	9	Re5	D5	327	327	1	16	208	95	96		19.25
382	9	Re5	D5	327	327	3	16	625	95	96		19.34375
383	9	Do5	C5	318	318	1	16	208	95	96		19.375
384	9	Mi5b5	E5b5	331	331	1	16	208	95	96		19.40625
385	9	Re5	D5	327	327	1	16	208	95	96		19.4375
386	9	Do5	C5	318	318	1	16	208	95	96		19.46875
387	9	Si4b2	B4b1	312	313	1	16	208	95	96		19.5
388	9	Do5	C5	318	318	3	16	625	95	96		19.59375
389	9	Si4b2	B4b1	312	313	1	16	208	95	96		19.625
390	9	La4	A4	305	305	1	8	417	95	96		19.6875
391	9	Do5	C5	318	318	1	32	104	95	96		19.70313
392	9	Si4b2	B4b1	312	313	1	32	104	95	96		19.71875
393	9	La4	A4	305	305	1	16	208	95	96		19.75
394	9	La4	A4	305	305	1	4	833	95	96		19.875
395	9	La4	A4	305	305	1	4	833	95	96		20
396	53			0	0	0	0	0	0	0		20
397	9	Do5	C5	318	318	3	16	625	95	96		20.09375
398	9	Si4b2	B4b1	312	313	1	16	208	95	96		20.125
399	9	Do5	C5	318	318	1	16	208	95	96		20.15625
400	9	Re5	D5	327	327	1	16	208	95	96		20.1875
401	9	Mi5	E5	336	336	1	16	208	95	96		20.21875
402	9	Re5	D5	327	327	1	16	208	95	96		20.25
403	9	Do5	C5	318	318	3	16	625	95	96		20.34375
404	9	Si4b2	B4b1	312	313	1	16	208	95	96		20.375
405	9	Do5	C5	318	318	1	16	208	95	96		20.40625
406	9	Si4b2	B4b1	312	313	1	8	417	95	96		20.46875
407	9	La4	A4	305	305	1	16	208	95	96		20.5
408	9	La4	A4	305	305	1	4	833	95	96		20.625
409	53			0	0	0	0	0	0	0		20.625
410	9	Do5	C5	318	318	3	16	625	95	96		20.71875
411	9	Si4b2	B4b1	312	313	1	16	208	95	96		20.75
412	9	Do5	C5	318	318	1	16	208	95	96		20.78125
413	9	Re5	D5	327	327	1	16	208	95	96		20.8125
414	9	Mi5	E5	336	336	1	16	208	95	96		20.84375
415	9	Re5	D5	327	327	1	16	208	95	96		20.875
416	9	Do5	C5	318	318	3	16	625	95	96		20.96875
417	9	Si4b2	B4b1	312	313	1	16	208	95	96		21
418	9	Do5	C5	318	318	1	16	208	95	96		21.03125
419	9	Si4b2	B4b1	312	313	1	8	417	95	96		21.09375
420	9	La4	A4	305	305	1	16	208	95	96		21.125
421	9	La4	A4	305	305	1	4	833	95	96		21.25
422	53			0	0	0	0	0	0	0		21.25
423	9	Mi5	E5	336	336	1	4	833	95	96		21.375
424	9	Mi5	E5	336	336	1	16	208	95	96		21.40625
425	9	Re5	D5	327	327	1	16	208	95	96		21.4375
426	9	Do5	C5	318	318	1	8	417	95	96		21.5
427	9	Do5	C5	318	318	3	16	625	95	96		21.59375
428	9	Si4b2	B4b1	312	313	1	16	208	95	96		21.625
429	9	La4	A4	305	305	1	8	417	95	96		21.6875
430	9	Do5	C5	318	318	1	32	104	95	96		21.70313
431	9	Si4b2	B4b1	312	313	1	32	104	95	96		21.71875
432	9	La4	A4	305	305	1	16	208	95	96		21.75
433	9	La4	A4	305	305	1	4	833	95	96		21.875
434	9	La4	A4	305	305	1	4	833	95	96		22
435	53			0	0	0	0	0	0	0		22
436	9	Do5	C5	318	318	3	16	625	95	96		22.09375
437	9	Si4b2	B4b1	312	313	1	16	208	95	96		22.125
438	9	Do5	C5	318	318	1	16	208	95	96		22.15625
439	9	Re5	D5	327	327	1	16	208	95	96		22.1875
440	9	Mi5	E5	336	336	1	16	208	95	96		22.21875
441	9	Re5	D5	327	327	1	16	208	95	96		22.25
442	9	Do5	C5	318	318	3	16	625	95	96		22.34375
443	9	Si4b2	B4b1	312	313	1	16	208	95	96		22.375
444	9	Do5	C5	318	318	1	16	208	95	96		22.40625
445	9	Si4b2	B4b1	312	313	1	8	417	95	96		22.46875
446	9	La4	A4	305	305	1	16	208	95	96		22.5
447	9	La4	A4	305	305	1	4	833	95	96		22.625
448	53			0	0	0	0	0	0	0		22.625
449	9	Do5	C5	318	318	3	16	625	95	96		22.71875
450	9	Si4b2	B4b1	312	313	1	16	208	95	96		22.75
451	9	Do5	C5	318	318	1	16	208	95	96		22.78125
452	9	Re5	D5	327	327	1	16	208	95	96		22.8125
453	9	Mi5	E5	336	336	1	16	208	95	96		22.84375
454	9	Re5	D5	327	327	1	16	208	95	96		22.875
455	9	Do5	C5	318	318	3	16	625	95	96		22.96875
456	9	Si4b2	B4b1	312	313	1	16	208	95	96		23
457	9	Do5	C5	318	318	1	16	208	95	96		23.03125
458	9	Si4b2	B4b1	312	313	1	8	417	95	96		23.09375
459	9	La4	A4	305	305	1	16	208	95	96		23.125
460	9	La4	A4	305	305	1	4	833	95	96		23.25
461	53			0	0	0	0	0	0	0		23.25
462	9	Mi5	E5	336	336	1	4	833	95	96		23.375
463	9	Mi5	E5	336	336	1	16	208	95	96		23.40625
464	9	Re5	D5	327	327	1	16	208	95	96		23.4375
465	9	Do5	C5	318	318	1	8	417	95	96		23.5
466	9	Do5	C5	318	318	3	16	625	95	96		23.59375
467	9	Si4b2	B4b1	312	313	1	16	208	95	96		23.625
468	9	La4	A4	305	305	1	8	417	95	96		23.6875
469	9	Do5	C5	318	318	1	32	104	95	96		23.70313
470	9	Si4b2	B4b1	312	313	1	32	104	95	96		23.71875
471	9	La4	A4	305	305	1	16	208	95	96		23.75
472	9	La4	A4	305	305	1	4	833	95	96		23.875
473	9	La4	A4	305	305	1	4	833	95	96		24
474	53			0	0	0	0	0	0	0		24
475	9	La4	A4	305	305	1	8	417	95	96	2. HANE 	24.0625
476	9	Mi5	E5	336	336	1	4	833	95	96		24.1875
477	9	La5	A5	358	358	1	4	833	95	96		24.3125
478	9	Do6	C6	371	371	1	16	208	95	96		24.34375
479	9	Si5b2	B5b1	365	366	1	16	208	95	96		24.375
480	9	La5	A5	358	358	1	4	833	95	96		24.5
481	9	Sol5	G5	349	349	3	16	625	95	96		24.59375
482	9	Fa5#3	F5#4	343	344	1	16	208	95	96		24.625
483	9	Mi5	E5	336	336	1	16	208	95	96		24.65625
484	9	Fa5#3	F5#4	343	344	1	16	208	95	96		24.6875
485	9	Sol5	G5	349	349	1	16	208	95	96		24.71875
486	9	Fa5#3	F5#4	343	344	1	16	208	95	96		24.75
487	9	Fa5#3	F5#4	343	344	1	16	208	95	96		24.78125
488	9	Mi5	E5	336	336	1	16	208	95	96		24.8125
489	9	Re5	D5	327	327	1	8	417	95	96		24.875
490	9	Re5	D5	327	327	1	4	833	95	96		25
491	53			0	0	0	0	0	0	0		25
492	9	La4	A4	305	305	1	8	417	95	96		25.0625
493	9	Re5	D5	327	327	1	4	833	95	96		25.1875
494	9	Mi5	E5	336	336	1	4	833	95	96		25.3125
495	9	Fa5#3	F5#4	343	344	1	16	208	95	96		25.34375
496	9	Sol5	G5	349	349	1	16	208	95	96		25.375
497	9	La5	A5	358	358	1	4	833	95	96		25.5
498	53			0	0	0	0	0	0	0		25.5
499	9	La5	A5	358	358	1	16	208	95	96		25.53125
500	9	Si5b2	B5b1	365	366	1	16	208	95	96		25.5625
501	9	Do6	C6	371	371	1	16	208	95	96		25.59375
502	9	Re6	D6	380	380	1	16	208	95	96		25.625
503	9	Do6	C6	371	371	1	16	208	95	96		25.65625
504	9	Si5b2	B5b1	365	366	1	16	208	95	96		25.6875
505	9	La5	A5	358	358	1	8	417	95	96		25.75
506	9	La5	A5	358	358	1	4	833	95	96		25.875
507	9	La5	A5	358	358	1	4	833	95	96		26
508	53			0	0	0	0	0	0	0		26
509	9	La4	A4	305	305	1	8	417	95	96		26.0625
510	9	Re5	D5	327	327	1	4	833	95	96		26.1875
511	9	Mi5	E5	336	336	1	4	833	95	96		26.3125
512	9	Fa5#3	F5#4	343	344	1	16	208	95	96		26.34375
513	9	Sol5	G5	349	349	1	16	208	95	96		26.375
514	9	La5	A5	358	358	1	4	833	95	96		26.5
515	53			0	0	0	0	0	0	0		26.5
516	9	Sol5	G5	349	349	1	16	208	95	96		26.53125
517	9	Sol5	G5	349	349	3	16	625	95	96		26.625
518	9	Fa5#3	F5#4	343	344	1	16	208	95	96		26.65625
519	9	Fa5#3	F5#4	343	344	3	16	625	95	96		26.75
520	9	Mi5	E5	336	336	1	16	208	95	96		26.78125
521	9	Mi5	E5	336	336	3	16	625	95	96		26.875
522	9	Mi5	E5	336	336	1	4	833	95	96		27
523	53			0	0	0	0	0	0	0		27
524	9	La4	A4	305	305	1	8	417	95	96	2. HANE 	27.0625
525	9	Mi5	E5	336	336	1	4	833	95	96		27.1875
526	9	La5	A5	358	358	1	4	833	95	96		27.3125
527	9	Do6	C6	371	371	1	16	208	95	96		27.34375
528	9	Si5b2	B5b1	365	366	1	16	208	95	96		27.375
529	9	La5	A5	358	358	1	4	833	95	96		27.5
530	9	Sol5	G5	349	349	3	16	625	95	96		27.59375
531	9	Fa5#3	F5#4	343	344	1	16	208	95	96		27.625
532	9	Mi5	E5	336	336	1	16	208	95	96		27.65625
533	9	Fa5#3	F5#4	343	344	1	16	208	95	96		27.6875
534	9	Sol5	G5	349	349	1	16	208	95	96		27.71875
535	9	Fa5#3	F5#4	343	344	1	16	208	95	96		27.75
536	9	Fa5#3	F5#4	343	344	1	16	208	95	96		27.78125
537	9	Mi5	E5	336	336	1	16	208	95	96		27.8125
538	9	Re5	D5	327	327	1	8	417	95	96		27.875
539	9	Re5	D5	327	327	1	4	833	95	96		28
540	53			0	0	0	0	0	0	0		28
541	9	La4	A4	305	305	1	8	417	95	96		28.0625
542	9	Re5	D5	327	327	1	4	833	95	96		28.1875
543	9	Mi5	E5	336	336	1	4	833	95	96		28.3125
544	9	Fa5#3	F5#4	343	344	1	16	208	95	96		28.34375
545	9	Sol5	G5	349	349	1	16	208	95	96		28.375
546	9	La5	A5	358	358	1	4	833	95	96		28.5
547	53			0	0	0	0	0	0	0		28.5
548	9	La5	A5	358	358	1	16	208	95	96		28.53125
549	9	Si5b2	B5b1	365	366	1	16	208	95	96		28.5625
550	9	Do6	C6	371	371	1	16	208	95	96		28.59375
551	9	Re6	D6	380	380	1	16	208	95	96		28.625
552	9	Do6	C6	371	371	1	16	208	95	96		28.65625
553	9	Si5b2	B5b1	365	366	1	16	208	95	96		28.6875
554	9	La5	A5	358	358	1	8	417	95	96		28.75
555	9	La5	A5	358	358	1	4	833	95	96		28.875
556	9	La5	A5	358	358	1	4	833	95	96		29
557	53			0	0	0	0	0	0	0		29
558	9	La4	A4	305	305	1	8	417	95	96		29.0625
559	9	Re5	D5	327	327	1	4	833	95	96		29.1875
560	9	Mi5	E5	336	336	1	4	833	95	96		29.3125
561	9	Fa5#3	F5#4	343	344	1	16	208	95	96		29.34375
562	9	Sol5	G5	349	349	1	16	208	95	96		29.375
563	9	La5	A5	358	358	1	4	833	95	96		29.5
564	53			0	0	0	0	0	0	0		29.5
565	9	Sol5	G5	349	349	1	16	208	95	96		29.53125
566	9	Sol5	G5	349	349	3	16	625	95	96		29.625
567	9	Fa5#3	F5#4	343	344	1	16	208	95	96		29.65625
568	9	Fa5#3	F5#4	343	344	3	16	625	95	96		29.75
569	9	Mi5	E5	336	336	1	16	208	95	96		29.78125
570	9	Mi5	E5	336	336	3	16	625	95	96		29.875
571	9	Mi5	E5	336	336	1	4	833	95	96		30
572	53			0	0	0	0	0	0	0		30
573	9	La4	A4	305	305	1	8	417	95	96		30.0625
574	9	Re5	D5	327	327	1	8	417	95	96		30.125
575	9	Re5	D5	327	327	1	8	417	95	96		30.1875
576	9	Re5	D5	327	327	1	8	417	95	96		30.25
577	9	Mi5	E5	336	336	1	16	208	95	96		30.28125
578	9	Fa5#3	F5#4	343	344	1	16	208	95	96		30.3125
579	9	Sol5	G5	349	349	1	16	208	95	96		30.34375
580	9	Fa5#3	F5#4	343	344	1	16	208	95	96		30.375
581	9	Sol5	G5	349	349	3	16	625	95	96		30.46875
582	9	Fa5#3	F5#4	343	344	1	16	208	95	96		30.5
583	9	La5	A5	358	358	3	16	625	95	96		30.59375
584	9	Sol5	G5	349	349	1	16	208	95	96		30.625
585	9	La5	A5	358	358	1	16	208	95	96		30.65625
586	9	Sol5	G5	349	349	1	8	417	95	96		30.71875
587	9	Fa5#3	F5#4	343	344	1	16	208	95	96		30.75
588	9	Sol5	G5	349	349	1	4	833	95	96		30.875
589	9	Sol5	G5	349	349	1	4	833	95	96		31
590	53			0	0	0	0	0	0	0		31
591	9	La4	A4	305	305	1	8	417	95	96		31.0625
592	9	Re5	D5	327	327	1	8	417	95	96		31.125
593	9	Re5	D5	327	327	1	8	417	95	96		31.1875
594	9	Re5	D5	327	327	1	8	417	95	96		31.25
595	9	Mi5	E5	336	336	1	16	208	95	96		31.28125
596	9	Fa5#3	F5#4	343	344	1	16	208	95	96		31.3125
597	9	Sol5	G5	349	349	1	16	208	95	96		31.34375
598	9	Fa5#3	F5#4	343	344	1	16	208	95	96		31.375
599	9	Sol5	G5	349	349	3	16	625	95	96		31.46875
600	9	Fa5#3	F5#4	343	344	1	16	208	95	96		31.5
601	9	La5	A5	358	358	3	16	625	95	96		31.59375
602	9	Fa5#3	F5#4	343	344	1	16	208	95	96		31.625
603	9	Sol5	G5	349	349	1	16	208	95	96		31.65625
604	9	Fa5#3	F5#4	343	344	1	8	417	95	96		31.71875
605	9	Mi5	E5	336	336	1	16	208	95	96		31.75
606	9	Mi5	E5	336	336	1	4	833	95	96		31.875
607	9	Mi5	E5	336	336	1	4	833	95	96		32
608	53			0	0	0	0	0	0	0		32
609	9	La4	A4	305	305	1	8	417	95	96		32.0625
610	9	Re5	D5	327	327	1	8	417	95	96		32.125
611	9	Re5	D5	327	327	1	8	417	95	96		32.1875
612	9	Re5	D5	327	327	1	8	417	95	96		32.25
613	9	Mi5	E5	336	336	1	16	208	95	96		32.28125
614	9	Fa5#3	F5#4	343	344	1	16	208	95	96		32.3125
615	9	Sol5	G5	349	349	1	16	208	95	96		32.34375
616	9	Fa5#3	F5#4	343	344	1	16	208	95	96		32.375
617	9	Sol5	G5	349	349	3	16	625	95	96		32.46875
618	9	Fa5#3	F5#4	343	344	1	16	208	95	96		32.5
619	9	La5	A5	358	358	3	16	625	95	96		32.59375
620	9	Sol5	G5	349	349	1	16	208	95	96		32.625
621	9	La5	A5	358	358	1	16	208	95	96		32.65625
622	9	Sol5	G5	349	349	1	8	417	95	96		32.71875
623	9	Fa5#3	F5#4	343	344	1	16	208	95	96		32.75
624	9	Sol5	G5	349	349	1	4	833	95	96		32.875
625	9	Sol5	G5	349	349	1	4	833	95	96		33
626	53			0	0	0	0	0	0	0		33
627	9	La4	A4	305	305	1	8	417	95	96		33.0625
628	9	Re5	D5	327	327	1	8	417	95	96		33.125
629	9	Re5	D5	327	327	1	8	417	95	96		33.1875
630	9	Re5	D5	327	327	1	8	417	95	96		33.25
631	9	Mi5	E5	336	336	1	16	208	95	96		33.28125
632	9	Fa5#3	F5#4	343	344	1	16	208	95	96		33.3125
633	9	Sol5	G5	349	349	1	16	208	95	96		33.34375
634	9	Fa5#3	F5#4	343	344	1	16	208	95	96		33.375
635	9	Sol5	G5	349	349	3	16	625	95	96		33.46875
636	9	Fa5#3	F5#4	343	344	1	16	208	95	96		33.5
637	9	La5	A5	358	358	3	16	625	95	96		33.59375
638	9	Fa5#3	F5#4	343	344	1	16	208	95	96		33.625
639	9	Sol5	G5	349	349	1	16	208	95	96		33.65625
640	9	Fa5#3	F5#4	343	344	1	8	417	95	96		33.71875
641	9	Mi5	E5	336	336	1	16	208	95	96		33.75
642	9	Mi5	E5	336	336	1	4	833	95	96		33.875
643	9	Mi5	E5	336	336	1	4	833	95	96		34
644	53			0	0	0	0	0	0	0		34
645	9	La5	A5	358	358	1	16	208	95	96	MÜLÂZÝME 	34.03125
646	9	Si5b2	B5b1	365	366	1	16	208	95	96		34.0625
647	9	Do6	C6	371	371	1	8	417	95	96		34.125
648	9	Re6	D6	380	380	1	32	104	95	96		34.14063
649	9	Do6	C6	371	371	1	32	104	95	96		34.15625
650	9	Si5b2	B5b1	365	366	1	16	208	95	96		34.1875
651	9	La5	A5	358	358	1	8	417	95	96		34.25
652	9	Si5b2	B5b1	365	366	1	16	208	95	96		34.28125
653	9	Do6	C6	371	371	1	16	208	95	96		34.3125
654	9	Si5b2	B5b1	365	366	1	16	208	95	96		34.34375
655	9	La5	A5	358	358	1	16	208	95	96		34.375
656	9	La5	A5	358	358	3	16	625	95	96		34.46875
657	9	Sol5	G5	349	349	1	16	208	95	96		34.5
658	9	Sol5	G5	349	349	3	16	625	95	96		34.59375
659	9	Fa5#3	F5#4	343	344	1	16	208	95	96		34.625
660	9	Fa5#3	F5#4	343	344	3	16	625	95	96		34.71875
661	9	Mi5	E5	336	336	1	16	208	95	96		34.75
662	9	Mi5	E5	336	336	3	16	625	95	96		34.84375
663	9	Re5	D5	327	327	1	16	208	95	96		34.875
664	9	Re5	D5	327	327	1	4	833	95	96		35
665	53			0	0	0	0	0	0	0		35
666	9	La5	A5	358	358	1	16	208	95	96		35.03125
667	9	Si5b2	B5b1	365	366	1	16	208	95	96		35.0625
668	9	Do6	C6	371	371	1	16	208	95	96		35.09375
669	9	Re6	D6	380	380	1	16	208	95	96		35.125
670	9	Do6	C6	371	371	1	16	208	95	96		35.15625
671	9	Si5b2	B5b1	365	366	1	16	208	95	96		35.1875
672	9	La5	A5	358	358	1	8	417	95	96		35.25
673	9	Si5b2	B5b1	365	366	1	16	208	95	96		35.28125
674	9	Do6	C6	371	371	1	16	208	95	96		35.3125
675	9	Si5b2	B5b1	365	366	1	16	208	95	96		35.34375
676	9	La5	A5	358	358	1	16	208	95	96		35.375
677	9	La5	A5	358	358	3	16	625	95	96		35.46875
678	9	Sol5	G5	349	349	1	16	208	95	96		35.5
679	9	Sol5	G5	349	349	3	16	625	95	96		35.59375
680	9	Fa5#3	F5#4	343	344	1	16	208	95	96		35.625
681	9	Mi5	E5	336	336	1	16	208	95	96		35.65625
682	9	Sol5	G5	349	349	1	16	208	95	96		35.6875
683	9	Fa5#3	F5#4	343	344	1	16	208	95	96		35.71875
684	9	Mi5	E5	336	336	1	16	208	95	96		35.75
685	9	Mi5	E5	336	336	1	4	833	95	96		35.875
686	9	Mi5	E5	336	336	1	4	833	95	96		36
687	53			0	0	0	0	0	0	0		36
688	9	La5	A5	358	358	1	16	208	95	96	MÜLÂZÝME 	36.03125
689	9	Si5b2	B5b1	365	366	1	16	208	95	96		36.0625
690	9	Do6	C6	371	371	1	8	417	95	96		36.125
691	9	Re6	D6	380	380	1	32	104	95	96		36.14063
692	9	Do6	C6	371	371	1	32	104	95	96		36.15625
693	9	Si5b2	B5b1	365	366	1	16	208	95	96		36.1875
694	9	La5	A5	358	358	1	8	417	95	96		36.25
695	9	Si5b2	B5b1	365	366	1	16	208	95	96		36.28125
696	9	Do6	C6	371	371	1	16	208	95	96		36.3125
697	9	Si5b2	B5b1	365	366	1	16	208	95	96		36.34375
698	9	La5	A5	358	358	1	16	208	95	96		36.375
699	9	La5	A5	358	358	3	16	625	95	96		36.46875
700	9	Sol5	G5	349	349	1	16	208	95	96		36.5
701	9	Sol5	G5	349	349	3	16	625	95	96		36.59375
702	9	Fa5#3	F5#4	343	344	1	16	208	95	96		36.625
703	9	Fa5#3	F5#4	343	344	3	16	625	95	96		36.71875
704	9	Mi5	E5	336	336	1	16	208	95	96		36.75
705	9	Mi5	E5	336	336	3	16	625	95	96		36.84375
706	9	Re5	D5	327	327	1	16	208	95	96		36.875
707	9	Re5	D5	327	327	1	4	833	95	96		37
708	53			0	0	0	0	0	0	0		37
709	9	La5	A5	358	358	1	16	208	95	96		37.03125
710	9	Si5b2	B5b1	365	366	1	16	208	95	96		37.0625
711	9	Do6	C6	371	371	1	16	208	95	96		37.09375
712	9	Re6	D6	380	380	1	16	208	95	96		37.125
713	9	Do6	C6	371	371	1	16	208	95	96		37.15625
714	9	Si5b2	B5b1	365	366	1	16	208	95	96		37.1875
715	9	La5	A5	358	358	1	8	417	95	96		37.25
716	9	Si5b2	B5b1	365	366	1	16	208	95	96		37.28125
717	9	Do6	C6	371	371	1	16	208	95	96		37.3125
718	9	Si5b2	B5b1	365	366	1	16	208	95	96		37.34375
719	9	La5	A5	358	358	1	16	208	95	96		37.375
720	9	La5	A5	358	358	3	16	625	95	96		37.46875
721	9	Sol5	G5	349	349	1	16	208	95	96		37.5
722	9	Sol5	G5	349	349	3	16	625	95	96		37.59375
723	9	Fa5#3	F5#4	343	344	1	16	208	95	96		37.625
724	9	Mi5	E5	336	336	1	16	208	95	96		37.65625
725	9	Sol5	G5	349	349	1	16	208	95	96		37.6875
726	9	Fa5#3	F5#4	343	344	1	16	208	95	96		37.71875
727	9	Mi5	E5	336	336	1	16	208	95	96		37.75
728	9	Mi5	E5	336	336	1	4	833	95	96		37.875
729	9	Mi5	E5	336	336	1	4	833	95	96		38
730	53			0	0	0	0	0	0	0		38
731	9	La5	A5	358	358	3	16	625	95	96		38.09375
732	9	Si5	B5	367	367	1	16	208	95	96		38.125
733	9	Do6	C6	371	371	1	8	417	95	96		38.1875
734	9	La5	A5	358	358	1	8	417	95	96		38.25
735	9	Si5b2	B5b1	365	366	1	16	208	95	96		38.28125
736	9	Do6	C6	371	371	1	16	208	95	96		38.3125
737	9	Si5b2	B5b1	365	366	1	16	208	95	96		38.34375
738	9	Do6	C6	371	371	1	16	208	95	96		38.375
739	9	La5	A5	358	358	1	4	833	95	96		38.5
740	53			0	0	0	0	0	0	0		38.5
741	9	Fa5#3	F5#4	343	344	1	8	417	95	96		38.5625
742	9	Sol5	G5	349	349	1	8	417	95	96		38.625
743	9	La5	A5	358	358	1	8	417	95	96		38.6875
744	9	Si5b2	B5b1	365	366	1	8	417	95	96		38.75
745	9	Do6	C6	371	371	1	16	208	95	96		38.78125
746	9	Re6	D6	380	380	1	16	208	95	96		38.8125
747	9	Do6	C6	371	371	1	16	208	95	96		38.84375
748	9	Si5b2	B5b1	365	366	1	16	208	95	96		38.875
749	9	La5	A5	358	358	1	4	833	95	96		39
750	53			0	0	0	0	0	0	0		39
751	9	Mi5	E5	336	336	1	8	417	95	96		39.0625
752	9	Fa5#3	F5#4	343	344	1	8	417	95	96		39.125
753	9	Sol5	G5	349	349	1	8	417	95	96		39.1875
754	9	Fa5#3	F5#4	343	344	1	8	417	95	96		39.25
755	9	Sol5	G5	349	349	1	16	208	95	96		39.28125
756	9	Fa5#3	F5#4	343	344	1	16	208	95	96		39.3125
757	9	Sol5	G5	349	349	1	16	208	95	96		39.34375
758	9	La5	A5	358	358	1	16	208	95	96		39.375
759	9	Mi5	E5	336	336	1	4	833	95	96		39.5
760	9	Do5	C5	318	318	3	16	625	95	96		39.59375
761	9	Si4b2	B4b1	312	313	1	16	208	95	96		39.625
762	9	La4	A4	305	305	1	8	417	95	96		39.6875
763	9	Do5	C5	318	318	1	32	104	95	96		39.70313
764	9	Si4b2	B4b1	312	313	1	32	104	95	96		39.71875
765	9	La4	A4	305	305	1	16	208	95	96		39.75
766	9	La4	A4	305	305	1	4	833	95	96		39.875
767	9	La4	A4	305	305	1	4	833	95	96		40
768	53			0	0	0	0	0	0	0		40
769	9	La5	A5	358	358	3	16	625	95	96		40.09375
770	9	Si5	B5	367	367	1	16	208	95	96		40.125
771	9	Do6	C6	371	371	1	8	417	95	96		40.1875
772	9	La5	A5	358	358	1	8	417	95	96		40.25
773	9	Si5b2	B5b1	365	366	1	16	208	95	96		40.28125
774	9	Do6	C6	371	371	1	16	208	95	96		40.3125
775	9	Si5b2	B5b1	365	366	1	16	208	95	96		40.34375
776	9	Do6	C6	371	371	1	16	208	95	96		40.375
777	9	La5	A5	358	358	1	4	833	95	96		40.5
778	53			0	0	0	0	0	0	0		40.5
779	9	Fa5#3	F5#4	343	344	1	8	417	95	96		40.5625
780	9	Sol5	G5	349	349	1	8	417	95	96		40.625
781	9	La5	A5	358	358	1	8	417	95	96		40.6875
782	9	Si5b2	B5b1	365	366	1	8	417	95	96		40.75
783	9	Do6	C6	371	371	1	16	208	95	96		40.78125
784	9	Re6	D6	380	380	1	16	208	95	96		40.8125
785	9	Do6	C6	371	371	1	16	208	95	96		40.84375
786	9	Si5b2	B5b1	365	366	1	16	208	95	96		40.875
787	9	La5	A5	358	358	1	4	833	95	96		41
788	53			0	0	0	0	0	0	0		41
789	9	Mi5	E5	336	336	1	8	417	95	96		41.0625
790	9	Fa5#3	F5#4	343	344	1	8	417	95	96		41.125
791	9	Sol5	G5	349	349	1	8	417	95	96		41.1875
792	9	Fa5#3	F5#4	343	344	1	8	417	95	96		41.25
793	9	Sol5	G5	349	349	1	16	208	95	96		41.28125
794	9	Fa5#3	F5#4	343	344	1	16	208	95	96		41.3125
795	9	Sol5	G5	349	349	1	16	208	95	96		41.34375
796	9	La5	A5	358	358	1	16	208	95	96		41.375
797	9	Mi5	E5	336	336	1	4	833	95	96		41.5
798	9	Do5	C5	318	318	3	16	625	95	96		41.59375
799	9	Si4b2	B4b1	312	313	1	16	208	95	96		41.625
800	9	La4	A4	305	305	1	8	417	95	96		41.6875
801	9	Do5	C5	318	318	1	32	104	95	96		41.70313
802	9	Si4b2	B4b1	312	313	1	32	104	95	96		41.71875
803	9	La4	A4	305	305	1	16	208	95	96		41.75
804	9	La4	A4	305	305	1	4	833	95	96		41.875
805	9	La4	A4	305	305	1	4	833	95	96		42
806	53			0	0	0	0	0	0	0		42
807	9	Mi5	E5	336	336	1	4	833	95	96		42.125
808	9	Sol5	G5	349	349	1	16	208	95	96		42.15625
809	9	Fa5#3	F5#4	343	344	1	16	208	95	96		42.1875
810	9	Mi5	E5	336	336	1	16	208	95	96		42.21875
811	9	Re5	D5	327	327	1	16	208	95	96		42.25
812	9	Re5	D5	327	327	3	16	625	95	96		42.34375
813	9	Do5	C5	318	318	1	16	208	95	96		42.375
814	9	Mi5b5	E5b5	331	331	1	16	208	95	96		42.40625
815	9	Re5	D5	327	327	1	16	208	95	96		42.4375
816	9	Do5	C5	318	318	1	16	208	95	96		42.46875
817	9	Si4b2	B4b1	312	313	1	16	208	95	96		42.5
818	9	Do5	C5	318	318	3	16	625	95	96		42.59375
819	9	Si4b2	B4b1	312	313	1	16	208	95	96		42.625
820	9	La4	A4	305	305	1	8	417	95	96		42.6875
821	9	Si4b2	B4b1	312	313	1	8	417	95	96		42.75
822	9	Do5	C5	318	318	1	4	833	95	96		42.875
823	9	Sol4	G4	296	296	1	4	833	95	96		43
824	53			0	0	0	0	0	0	0		43
825	9	Mi5	E5	336	336	1	4	833	95	96		43.125
826	9	Sol5	G5	349	349	1	16	208	95	96		43.15625
827	9	Fa5#3	F5#4	343	344	1	16	208	95	96		43.1875
828	9	Mi5	E5	336	336	1	16	208	95	96		43.21875
829	9	Re5	D5	327	327	1	16	208	95	96		43.25
830	9	Re5	D5	327	327	3	16	625	95	96		43.34375
831	9	Do5	C5	318	318	1	16	208	95	96		43.375
832	9	Mi5b5	E5b5	331	331	1	16	208	95	96		43.40625
833	9	Re5	D5	327	327	1	16	208	95	96		43.4375
834	9	Do5	C5	318	318	1	16	208	95	96		43.46875
835	9	Si4b2	B4b1	312	313	1	16	208	95	96		43.5
836	9	Do5	C5	318	318	3	16	625	95	96		43.59375
837	9	Si4b2	B4b1	312	313	1	16	208	95	96		43.625
838	9	La4	A4	305	305	1	8	417	95	96		43.6875
839	9	Do5	C5	318	318	1	32	104	95	96		43.70313
840	9	Si4b2	B4b1	312	313	1	32	104	95	96		43.71875
841	9	La4	A4	305	305	1	16	208	95	96		43.75
842	9	La4	A4	305	305	1	4	833	95	96		43.875
843	9	La4	A4	305	305	1	4	833	95	96		44
844	53			0	0	0	0	0	0	0		44
845	9	Mi5	E5	336	336	1	4	833	95	96		44.125
846	9	Sol5	G5	349	349	1	16	208	95	96		44.15625
847	9	Fa5#3	F5#4	343	344	1	16	208	95	96		44.1875
848	9	Mi5	E5	336	336	1	16	208	95	96		44.21875
849	9	Re5	D5	327	327	1	16	208	95	96		44.25
850	9	Re5	D5	327	327	3	16	625	95	96		44.34375
851	9	Do5	C5	318	318	1	16	208	95	96		44.375
852	9	Mi5b5	E5b5	331	331	1	16	208	95	96		44.40625
853	9	Re5	D5	327	327	1	16	208	95	96		44.4375
854	9	Do5	C5	318	318	1	16	208	95	96		44.46875
855	9	Si4b2	B4b1	312	313	1	16	208	95	96		44.5
856	9	Do5	C5	318	318	3	16	625	95	96		44.59375
857	9	Si4b2	B4b1	312	313	1	16	208	95	96		44.625
858	9	La4	A4	305	305	1	8	417	95	96		44.6875
859	9	Si4b2	B4b1	312	313	1	8	417	95	96		44.75
860	9	Do5	C5	318	318	1	4	833	95	96		44.875
861	9	Sol4	G4	296	296	1	4	833	95	96		45
862	53			0	0	0	0	0	0	0		45
863	9	Mi5	E5	336	336	1	4	833	95	96		45.125
864	9	Sol5	G5	349	349	1	16	208	95	96		45.15625
865	9	Fa5#3	F5#4	343	344	1	16	208	95	96		45.1875
866	9	Mi5	E5	336	336	1	16	208	95	96		45.21875
867	9	Re5	D5	327	327	1	16	208	95	96		45.25
868	9	Re5	D5	327	327	3	16	625	95	96		45.34375
869	9	Do5	C5	318	318	1	16	208	95	96		45.375
870	9	Mi5b5	E5b5	331	331	1	16	208	95	96		45.40625
871	9	Re5	D5	327	327	1	16	208	95	96		45.4375
872	9	Do5	C5	318	318	1	16	208	95	96		45.46875
873	9	Si4b2	B4b1	312	313	1	16	208	95	96		45.5
874	9	Do5	C5	318	318	3	16	625	95	96		45.59375
875	9	Si4b2	B4b1	312	313	1	16	208	95	96		45.625
876	9	La4	A4	305	305	1	8	417	95	96		45.6875
877	9	Do5	C5	318	318	1	32	104	95	96		45.70313
878	9	Si4b2	B4b1	312	313	1	32	104	95	96		45.71875
879	9	La4	A4	305	305	1	16	208	95	96		45.75
880	9	La4	A4	305	305	1	4	833	95	96		45.875
881	9	La4	A4	305	305	1	4	833	95	96		46
882	53			0	0	0	0	0	0	0		46
883	9	Do5	C5	318	318	3	16	625	95	96		46.09375
884	9	Si4b2	B4b1	312	313	1	16	208	95	96		46.125
885	9	Do5	C5	318	318	1	16	208	95	96		46.15625
886	9	Re5	D5	327	327	1	16	208	95	96		46.1875
887	9	Mi5	E5	336	336	1	16	208	95	96		46.21875
888	9	Re5	D5	327	327	1	16	208	95	96		46.25
889	9	Do5	C5	318	318	3	16	625	95	96		46.34375
890	9	Si4b2	B4b1	312	313	1	16	208	95	96		46.375
891	9	Do5	C5	318	318	1	16	208	95	96		46.40625
892	9	Si4b2	B4b1	312	313	1	8	417	95	96		46.46875
893	9	La4	A4	305	305	1	16	208	95	96		46.5
894	9	La4	A4	305	305	1	4	833	95	96		46.625
895	53			0	0	0	0	0	0	0		46.625
896	9	Do5	C5	318	318	3	16	625	95	96		46.71875
897	9	Si4b2	B4b1	312	313	1	16	208	95	96		46.75
898	9	Do5	C5	318	318	1	16	208	95	96		46.78125
899	9	Re5	D5	327	327	1	16	208	95	96		46.8125
900	9	Mi5	E5	336	336	1	16	208	95	96		46.84375
901	9	Re5	D5	327	327	1	16	208	95	96		46.875
902	9	Do5	C5	318	318	3	16	625	95	96		46.96875
903	9	Si4b2	B4b1	312	313	1	16	208	95	96		47
904	9	Do5	C5	318	318	1	16	208	95	96		47.03125
905	9	Si4b2	B4b1	312	313	1	8	417	95	96		47.09375
906	9	La4	A4	305	305	1	16	208	95	96		47.125
907	9	La4	A4	305	305	1	4	833	95	96		47.25
908	53			0	0	0	0	0	0	0		47.25
909	9	Mi5	E5	336	336	1	4	833	95	96		47.375
910	9	Mi5	E5	336	336	1	16	208	95	96		47.40625
911	9	Re5	D5	327	327	1	16	208	95	96		47.4375
912	9	Do5	C5	318	318	1	8	417	95	96		47.5
913	9	Do5	C5	318	318	3	16	625	95	96		47.59375
914	9	Si4b2	B4b1	312	313	1	16	208	95	96		47.625
915	9	La4	A4	305	305	1	8	417	95	96		47.6875
916	9	Do5	C5	318	318	1	32	104	95	96		47.70313
917	9	Si4b2	B4b1	312	313	1	32	104	95	96		47.71875
918	9	La4	A4	305	305	1	16	208	95	96		47.75
919	9	La4	A4	305	305	1	4	833	95	96		47.875
920	9	La4	A4	305	305	1	4	833	95	96		48
921	53			0	0	0	0	0	0	0		48
922	9	Do5	C5	318	318	3	16	625	95	96		48.09375
923	9	Si4b2	B4b1	312	313	1	16	208	95	96		48.125
924	9	Do5	C5	318	318	1	16	208	95	96		48.15625
925	9	Re5	D5	327	327	1	16	208	95	96		48.1875
926	9	Mi5	E5	336	336	1	16	208	95	96		48.21875
927	9	Re5	D5	327	327	1	16	208	95	96		48.25
928	9	Do5	C5	318	318	3	16	625	95	96		48.34375
929	9	Si4b2	B4b1	312	313	1	16	208	95	96		48.375
930	9	Do5	C5	318	318	1	16	208	95	96		48.40625
931	9	Si4b2	B4b1	312	313	1	8	417	95	96		48.46875
932	9	La4	A4	305	305	1	16	208	95	96		48.5
933	9	La4	A4	305	305	1	4	833	95	96		48.625
934	53			0	0	0	0	0	0	0		48.625
935	9	Do5	C5	318	318	3	16	625	95	96		48.71875
936	9	Si4b2	B4b1	312	313	1	16	208	95	96		48.75
937	9	Do5	C5	318	318	1	16	208	95	96		48.78125
938	9	Re5	D5	327	327	1	16	208	95	96		48.8125
939	9	Mi5	E5	336	336	1	16	208	95	96		48.84375
940	9	Re5	D5	327	327	1	16	208	95	96		48.875
941	9	Do5	C5	318	318	3	16	625	95	96		48.96875
942	9	Si4b2	B4b1	312	313	1	16	208	95	96		49
943	9	Do5	C5	318	318	1	16	208	95	96		49.03125
944	9	Si4b2	B4b1	312	313	1	8	417	95	96		49.09375
945	9	La4	A4	305	305	1	16	208	95	96		49.125
946	9	La4	A4	305	305	1	4	833	95	96		49.25
947	53			0	0	0	0	0	0	0		49.25
948	9	Mi5	E5	336	336	1	4	833	95	96		49.375
949	9	Mi5	E5	336	336	1	16	208	95	96		49.40625
950	9	Re5	D5	327	327	1	16	208	95	96		49.4375
951	9	Do5	C5	318	318	1	8	417	95	96		49.5
952	9	Do5	C5	318	318	3	16	625	95	96		49.59375
953	9	Si4b2	B4b1	312	313	1	16	208	95	96		49.625
954	9	La4	A4	305	305	1	8	417	95	96		49.6875
955	9	Do5	C5	318	318	1	32	104	95	96		49.70313
956	9	Si4b2	B4b1	312	313	1	32	104	95	96		49.71875
957	9	La4	A4	305	305	1	16	208	95	96		49.75
958	9	La4	A4	305	305	1	4	833	95	96		49.875
959	9	La4	A4	305	305	1	4	833	95	96		50
960	53			0	0	0	0	0	0	0		50
