Sýra	Kod	Nota53	NotaAE	Koma53	KomaAE	Pay	Payda	Ms	LNS	Bas	Soz1	Offset
1	9	La5	A5	358	358	1	16	208	95	96	1. HANE	0.0625
2	9	Sol5	G5	349	349	1	16	208	95	96		0.125
3	9	Fa5#3	F5#4	343	344	1	8	417	95	96		0.25
4	9	Sol5	G5	349	349	1	8	417	95	96		0.375
5	9	La5	A5	358	358	1	8	417	95	96		0.5
6	9	Sol5	G5	349	349	1	4	833	95	96		0.75
7	9	La5	A5	358	358	1	4	833	95	96		1
8	9	Sol5	G5	349	349	1	4	833	95	96		1.25
9	53			0	0	0	0	0	0	0		1.25
10	9	La5	A5	358	358	1	8	417	95	96		1.375
11	9	Si5b2	B5b1	365	366	1	8	417	95	96		1.5
12	9	La5	A5	358	358	1	8	417	95	96		1.625
13	9	Do6	C6	371	371	1	8	417	95	96		1.75
14	9	Si5b1	B5b1	366	366	1	8	417	95	96		1.875
15	9	La5	A5	358	358	1	8	417	95	96		2
16	9	La5	A5	358	358	1	16	208	95	96		2.0625
17	9	Sol5	G5	349	349	1	16	208	95	96		2.125
18	9	La5	A5	358	358	1	16	208	95	96		2.1875
19	9	Si5b1	B5b1	366	366	1	16	208	95	96		2.25
20	9	La5	A5	358	358	1	8	417	95	96		2.375
21	9	Sol5	G5	349	349	1	8	417	95	96		2.5
22	9	Fa5#3	F5#4	343	344	3	16	625	95	96		2.6875
23	9	Mi5	E5	336	336	1	16	208	95	96		2.75
24	9	Re5	D5	327	327	1	4	833	95	96		3
25	9			-1	-1	1	4	833	100	0		3.25
26	53			0	0	0	0	0	0	0		3.25
27	9	Fa5#3	F5#4	343	344	1	8	417	95	96		3.375
28	9	Sol5	G5	349	349	1	8	417	95	96		3.5
29	9	Fa5#3	F5#4	343	344	1	4	833	95	96		3.75
30	9	Sol5	G5	349	349	1	4	833	95	96		4
31	9	La5	A5	358	358	1	8	417	95	96		4.125
32	9	Si5b2	B5b1	365	366	1	8	417	95	96		4.25
33	9	La5	A5	358	358	1	8	417	95	96		4.375
34	9	Do6	C6	371	371	1	8	417	95	96		4.5
35	9	Si5b2	B5b1	365	366	1	4	833	95	96		4.75
36	53			0	0	0	0	0	0	0		4.75
37	9	Re6	D6	380	380	1	16	208	95	96		4.8125
38	9	Do6	C6	371	371	1	16	208	95	96		4.875
39	9	Re6	D6	380	380	1	8	417	95	96		5
40	9	Do6	C6	371	371	1	8	417	95	96		5.125
41	9	Si5b2	B5b1	365	366	1	4	833	95	96		5.375
42	9	Do6	C6	371	371	1	8	417	95	96		5.5
43	9	Si5b2	B5b1	365	366	1	4	833	95	96		5.75
44	9	La5	A5	358	358	1	4	833	95	96		6
45	9	Sol5	G5	349	349	1	4	833	95	96		6.25
46	9	La5	A5	358	358	1	16	208	95	96		6.3125
47	9	Do6	C6	371	371	1	16	208	95	96		6.375
48	9	Si5b2	B5b1	365	366	1	16	208	95	96		6.4375
49	11	La5	A5	358	358	1	16	208	95	96		6.5
50	9	La5	A5	358	358	3	8	1250	95	96		6.875
51	9			-1	-1	1	8	417	100	0		7
52	53			0	0	0	0	0	0	0		7
53	9	Sol5	G5	349	349	1	8	417	95	96		7.125
54	9	Fa5#3	F5#4	343	344	1	8	417	95	96		7.25
55	9	Sol5	G5	349	349	1	8	417	95	96		7.375
56	9	La5	A5	358	358	1	8	417	95	96		7.5
57	9	Sol5	G5	349	349	1	8	417	95	96		7.625
58	9	La5	A5	358	358	1	8	417	95	96		7.75
59	9	Sol5	G5	349	349	1	8	417	95	96		7.875
60	9	Fa5#3	F5#4	343	344	1	8	417	95	96		8
61	9	Mi5	E5	336	336	3	8	1250	95	96		8.375
62	53			0	0	0	0	0	0	0		8.375
63	9	Do6	C6	371	371	1	8	417	95	96		8.5
64	9	Do6	C6	371	371	3	16	625	95	96		8.6875
65	9	Si5b1	B5b1	366	366	1	16	208	95	96		8.75
66	9	Si5b1	B5b1	366	366	3	16	625	95	96		8.9375
67	9	La5	A5	358	358	1	16	208	95	96		9
68	9	La5	A5	358	358	3	16	625	95	96		9.1875
69	9	Sol5	G5	349	349	1	16	208	95	96		9.25
70	9	Sol5	G5	349	349	3	16	625	95	96		9.4375
71	9	Fa5#3	F5#4	343	344	1	16	208	95	96		9.5
72	9	La5	A5	358	358	1	16	208	95	96		9.5625
73	9	Sol5	G5	349	349	1	16	208	95	96		9.625
74	9	Fa5#3	F5#4	343	344	1	16	208	95	96		9.6875
75	9	Mi5	E5	336	336	1	16	208	95	96		9.75
76	9	Re5	D5	327	327	1	4	833	95	96		10
77	53			0	0	0	0	0	0	0		10
78	9	Fa5#3	F5#4	343	344	1	4	833	95	96		10.25
79	9	Sol5	G5	349	349	1	8	417	95	96		10.375
80	9	Fa5#3	F5#4	343	344	1	8	417	95	96		10.5
81	9	Sol5	G5	349	349	1	4	833	95	96		10.75
82	9	La5	A5	358	358	1	8	417	95	96		10.875
83	9	Si5b1	B5b1	366	366	1	8	417	95	96		11
84	9	La5	A5	358	358	3	16	625	95	96		11.1875
85	9	Sol5	G5	349	349	1	16	208	95	96		11.25
86	9	Fa5#3	F5#4	343	344	1	8	417	95	96		11.375
87	9	Sol5	G5	349	349	1	8	417	95	96		11.5
88	9	Fa5#3	F5#4	343	344	1	4	833	95	96		11.75
89	9	La5	A5	358	358	1	16	208	95	96		11.8125
90	9	Sol5	G5	349	349	1	16	208	95	96		11.875
91	9	La5	A5	358	358	1	8	417	95	96		12
92	9	Sol5	G5	349	349	1	8	417	95	96		12.125
93	9	Fa5#3	F5#4	343	344	1	4	833	95	96		12.375
94	9	Sol5	G5	349	349	1	8	417	95	96		12.5
95	9	Fa5#3	F5#4	343	344	1	4	833	95	96		12.75
96	9	Mi5	E5	336	336	1	4	833	95	96		13
97	9	Re5	D5	327	327	1	4	833	95	96		13.25
98	9	Mi5	E5	336	336	1	16	208	95	96		13.3125
99	9	Sol5	G5	349	349	1	16	208	95	96		13.375
100	9	Fa5#2	F5#1	342	341	1	16	208	95	96		13.4375
101	11	Mi5	E5	336	336	1	16	208	95	90		13.5
102	9	Mi5	E5	336	336	3	8	1250	95	96		13.875
103	9			-1	-1	1	8	417	100	0		14
104	53			0	0	0	0	0	0	0		14
105	9	La5	A5	358	358	1	16	208	95	96	TESLÝM	14.0625
106	9	Si5b2	B5b1	365	366	1	16	208	95	96		14.125
107	9	Do6	C6	371	371	1	4	833	95	96		14.375
108	9	Si5b2	B5b1	365	366	1	16	208	95	96		14.4375
109	9	La5	A5	358	358	1	16	208	95	96		14.5
110	9	La5	A5	358	358	3	16	625	95	96		14.6875
111	9	Sol5	G5	349	349	1	16	208	95	96		14.75
112	9	Fa5	F5	340	340	1	16	208	95	96		14.8125
113	9	Mi5	E5	336	336	1	16	208	95	96		14.875
114	9	Fa5	F5	340	340	1	8	417	95	96		15
115	53			0	0	0	0	0	0	0		15
116	9	Mi5	E5	336	336	1	16	208	95	96		15.0625
117	9	Fa5	F5	340	340	1	16	208	95	96		15.125
118	9	Sol5	G5	349	349	1	4	833	95	96		15.375
119	9	La5	A5	358	358	1	8	417	95	96		15.5
120	9	Sol5	G5	349	349	1	8	417	95	96		15.625
121	9	Fa5	F5	340	340	1	8	417	95	96		15.75
122	9	Mi5	E5	336	336	1	8	417	95	96		15.875
123	9	Re5	D5	327	327	1	8	417	95	96		16
124	53			0	0	0	0	0	0	0		16
125	9	Do5	C5	318	318	1	8	417	95	96		16.125
126	9	Re5	D5	327	327	1	4	833	95	96		16.375
127	9	Mi5	E5	336	336	1	8	417	95	96		16.5
128	9	Re5	D5	327	327	1	8	417	95	96		16.625
129	9	Mi5	E5	336	336	1	8	417	95	96		16.75
130	9	Re5	D5	327	327	1	8	417	95	96		16.875
131	9	Do5	C5	318	318	1	8	417	95	96		17
132	9	Sol5	G5	349	349	1	8	417	95	96		17.125
133	9	Fa5	F5	340	340	1	8	417	95	96		17.25
134	9	Mi5	E5	336	336	1	8	417	95	96		17.375
135	9	Re5	D5	327	327	1	8	417	95	96		17.5
136	9	Re5	D5	327	327	1	16	208	95	96		17.5625
137	9	Do5	C5	318	318	1	16	208	95	96		17.625
138	9	Do5	C5	318	318	1	16	208	95	96		17.6875
139	9	Si4b2	B4b1	312	313	1	16	208	95	96		17.75
140	9	Do5	C5	318	318	1	4	833	95	96		18
141	53			0	0	0	0	0	0	0		18
142	9	Sol4	G4	296	296	1	8	417	95	96		18.125
143	9	Do5	C5	318	318	1	4	833	95	96		18.375
144	9	Re5	D5	327	327	1	8	417	95	96		18.5
145	9	Mi5	E5	336	336	1	2	1667	95	96		19
146	53			0	0	0	0	0	0	0		19
147	9	Re5	D5	327	327	3	16	625	95	96		19.1875
148	9	Mi5	E5	336	336	1	16	208	95	96		19.25
149	9	Fa5	F5	340	340	1	8	417	95	96		19.375
150	9	Sol5	G5	349	349	1	8	417	95	96		19.5
151	9	Mi5	E5	336	336	1	8	417	95	96		19.625
152	9	Fa5	F5	340	340	1	8	417	95	96		19.75
153	9	Re5	D5	327	327	1	8	417	95	96		19.875
154	9	Mi5	E5	336	336	1	8	417	95	96		20
155	9	Do5	C5	318	318	1	8	417	95	96		20.125
156	9	Re5	D5	327	327	1	8	417	95	96		20.25
157	9	Do5	C5	318	318	1	8	417	95	96		20.375
158	9	Si4b2	B4b1	312	313	1	8	417	95	96		20.5
159	9	Do5	C5	318	318	3	16	625	95	96		20.6875
160	9	Si4b2	B4b1	312	313	1	16	208	95	96		20.75
161	9	La4	A4	305	305	1	4	833	95	96		21
162	53			0	0	0	0	0	0	0		21
163	9	Mi5	E5	336	336	1	16	208	95	96		21.0625
164	9	Fa5	F5	340	340	1	16	208	95	96		21.125
165	9	Mi5	E5	336	336	1	16	208	95	96		21.1875
166	9	Fa5	F5	340	340	1	16	208	95	96		21.25
167	9	La5	A5	358	358	1	16	208	95	96		21.3125
168	9	Sol5	G5	349	349	1	16	208	95	96		21.375
169	9	Fa5	F5	340	340	1	16	208	95	96		21.4375
170	9	Mi5	E5	336	336	1	16	208	95	96		21.5
171	9	Re5	D5	327	327	1	4	833	95	96		21.75
172	9			-1	-1	1	4	833	100	0		22
173	53			0	0	0	0	0	0	0		22
174	9	Do5	C5	318	318	3	16	625	95	96		22.1875
175	9	Re5	D5	327	327	1	16	208	95	96		22.25
176	9	Mi5	E5	336	336	1	4	833	95	96		22.5
177	9	Re5	D5	327	327	1	16	208	95	96		22.5625
178	9	Mi5	E5	336	336	1	16	208	95	96		22.625
179	9	Re5	D5	327	327	1	16	208	95	96		22.6875
180	9	Mi5	E5	336	336	1	16	208	95	96		22.75
181	9	Sol5	G5	349	349	1	16	208	95	96		22.8125
182	9	Fa5	F5	340	340	1	16	208	95	96		22.875
183	9	Mi5	E5	336	336	1	16	208	95	96		22.9375
184	9	Re5	D5	327	327	1	16	208	95	96		23
185	9	Do5	C5	318	318	1	4	833	95	96		23.25
186	9			-1	-1	1	4	833	100	0		23.5
187	53			0	0	0	0	0	0	0		23.5
188	9	Si4b2	B4b1	312	313	3	16	625	95	96		23.6875
189	9	Do5	C5	318	318	1	16	208	95	96		23.75
190	9	Re5	D5	327	327	1	4	833	95	96		24
191	9	Do5	C5	318	318	3	16	625	95	96		24.1875
192	9	Re5	D5	327	327	1	16	208	95	96		24.25
193	9	Mi5	E5	336	336	1	8	417	95	96		24.375
194	9	Re5	D5	327	327	1	16	208	95	96		24.4375
195	9	Do5	C5	318	318	1	16	208	95	96		24.5
196	9	Si4b2	B4b1	312	313	1	8	417	95	96		24.625
197	9	Do5	C5	318	318	1	8	417	95	96		24.75
198	9	Re5	D5	327	327	1	8	417	95	96		24.875
199	9	Do5	C5	318	318	1	16	208	95	96		24.9375
200	9	Si4b2	B4b1	312	313	1	16	208	95	96		25
201	9	La4	A4	305	305	1	8	417	95	96		25.125
202	9	Si4b2	B4b1	312	313	1	8	417	95	96		25.25
203	9	Re5	D5	327	327	1	16	208	95	96		25.3125
204	9	Do5	C5	318	318	1	16	208	95	96		25.375
205	9	Si4b2	B4b1	312	313	1	16	208	95	96		25.4375
206	9	La4	A4	305	305	1	16	208	95	96		25.5
207	9	Sol4	G4	296	296	1	8	417	95	96		25.625
208	9	La4	A4	305	305	1	8	417	95	96		25.75
209	9	Si4b2	B4b1	312	313	1	8	417	95	96		25.875
210	9	Do5	C5	318	318	1	8	417	95	96		26
211	9	Re5	D5	327	327	3	16	625	95	96		26.1875
212	9	Do5	C5	318	318	1	16	208	95	96		26.25
213	9	Si4b2	B4b1	312	313	1	8	417	95	96		26.375
214	9	Do5	C5	318	318	1	8	417	95	96		26.5
215	9	Si4b2	B4b1	312	313	1	4	833	95	96		26.75
216	9	La4	A4	305	305	1	4	833	95	96		27
217	9	Sol4	G4	296	296	1	4	833	95	96		27.25
218	9	La4	A4	305	305	1	16	208	95	96		27.3125
219	9	Do5	C5	318	318	1	16	208	95	96		27.375
220	9	Si4b2	B4b1	312	313	1	16	208	95	96		27.4375
221	11	La4	A4	305	305	1	16	208	95	96		27.5
222	9	La4	A4	305	305	1	2	1667	95	96		28
223	53			0	0	0	0	0	0	0		28
224	9	Mi5	E5	336	336	1	8	417	95	96		28.125
225	9	Fa5	F5	340	340	1	8	417	95	96	2. HANE	28.25
226	9	Mi5	E5	336	336	1	8	417	95	96		28.375
227	9	Re5	D5	327	327	1	8	417	95	96		28.5
228	9	Do5#4	C5#4	322	322	1	8	417	95	96		28.625
229	9	Re5	D5	327	327	1	8	417	95	96		28.75
230	9	Mi5	E5	336	336	1	8	417	95	96		28.875
231	9	Fa5#2	F5#1	342	341	1	8	417	95	96		29
232	9	Re5	D5	327	327	1	8	417	95	96		29.125
233	9	Sol5	G5	349	349	1	4	833	95	96		29.375
234	9	Fa5#3	F5#4	343	344	1	16	208	95	96		29.4375
235	11	Mi5	E5	336	336	1	16	208	95	96		29.5
236	9	Mi5	E5	336	336	1	2	1667	95	96		30
237	53			0	0	0	0	0	0	0		30
238	9	Fa5	F5	340	340	1	8	417	95	96		30.125
239	9	Mi5	E5	336	336	1	8	417	95	96		30.25
240	9	Fa5	F5	340	340	1	8	417	95	96		30.375
241	9	Sol5	G5	349	349	1	8	417	95	96		30.5
242	9	La5	A5	358	358	1	8	417	95	96		30.625
243	9	Sol5	G5	349	349	1	8	417	95	96		30.75
244	9	Fa5	F5	340	340	1	8	417	95	96		30.875
245	9	Mi5	E5	336	336	1	8	417	95	96		31
246	9	Sol5	G5	349	349	1	8	417	95	96		31.125
247	9	Fa5	F5	340	340	1	8	417	95	96		31.25
248	9	Mi5	E5	336	336	1	8	417	95	96		31.375
249	9	Re5	D5	327	327	1	8	417	95	96		31.5
250	9	Mi5	E5	336	336	3	16	625	95	96		31.6875
251	9	Re5	D5	327	327	1	16	208	95	96		31.75
252	9	Do5	C5	318	318	1	4	833	95	96		32
253	53			0	0	0	0	0	0	0		32
254	9	Re5	D5	327	327	1	4	833	95	96		32.25
255	9	Mi5	E5	336	336	3	16	625	95	96		32.4375
256	9	Re5	D5	327	327	1	16	208	95	96		32.5
257	9	Do5	C5	318	318	3	16	625	95	96		32.6875
258	9	Si4b2	B4b1	312	313	1	16	208	95	96		32.75
259	9	Re5	D5	327	327	1	16	208	95	96		32.8125
260	9	Si4b2	B4b1	312	313	1	16	208	95	96		32.875
261	9	Si4b2	B4b1	312	313	1	16	208	95	96		32.9375
262	11	La4	A4	305	305	1	16	208	95	96		33
263	9	La4	A4	305	305	3	8	1250	95	96		33.375
264	53			0	0	0	0	0	0	0		33.375
265	9	Sol4	G4	296	296	1	8	417	95	96		33.5
266	9	Mi5	E5	336	336	3	16	625	95	96		33.6875
267	9	Re5	D5	327	327	1	16	208	95	96		33.75
268	9	Do5#4	C5#4	322	322	1	16	208	95	96		33.8125
269	9	Re5	D5	327	327	1	16	208	95	96		33.875
270	9	Mi5	E5	336	336	1	16	208	95	96		33.9375
271	9	Fa5	F5	340	340	1	16	208	95	96		34
272	9	Re5	D5	327	327	1	4	833	95	96		34.25
273	9	Mi5	E5	336	336	1	4	833	95	96		34.5
274	53			0	0	0	0	0	0	0		34.5
275	9	Mi5	E5	336	336	1	8	417	95	96		34.625
276	9	Fa5	F5	340	340	1	8	417	95	96		34.75
277	9	Mi5	E5	336	336	1	8	417	95	96		34.875
278	9	Re5	D5	327	327	1	8	417	95	96		35
279	9			-1	-1	1	8	417	100	0		35.125
280	9	Sol5	G5	349	349	1	8	417	95	96		35.25
281	9	Fa5	F5	340	340	1	8	417	95	96		35.375
282	9	Mi5	E5	336	336	1	8	417	95	96		35.5
283	9	Mi5	E5	336	336	1	16	208	95	96		35.5625
284	9	Re5	D5	327	327	1	16	208	95	96		35.625
285	9	Re5	D5	327	327	1	16	208	95	96		35.6875
286	9	Do5#4	C5#4	322	322	1	16	208	95	96		35.75
287	9	Re5	D5	327	327	1	4	833	100	96		36
288	9	Re5	D5	327	327	1	4	833	95	96		36.25
289	53			0	0	0	0	0	0	0		36.25
290	9	Mi5	E5	336	336	1	8	417	95	96		36.375
291	9	Fa5#3	F5#4	343	344	1	8	417	95	96		36.5
292	9	Sol5	G5	349	349	1	8	417	95	96		36.625
293	9	La5	A5	358	358	1	8	417	95	96		36.75
294	9	Sol5	G5	349	349	1	8	417	95	96		36.875
295	9	Fa5#2	F5#1	342	341	1	8	417	95	96		37
296	9	Sol5	G5	349	349	1	8	417	95	96		37.125
297	9	Fa5#3	F5#4	343	344	1	8	417	95	96		37.25
298	9	Sol5	G5	349	349	1	8	417	95	96		37.375
299	9	La5	A5	358	358	1	16	208	95	96		37.4375
300	9	Do6	C6	371	371	1	16	208	95	96		37.5
301	9	Si5b2	B5b1	365	366	1	16	208	95	96		37.5625
302	9	La5	A5	358	358	1	16	208	95	96		37.625
303	9	Sol5	G5	349	349	1	16	208	95	96		37.6875
304	9	Fa5#3	F5#4	343	344	1	16	208	95	96		37.75
305	9	Mi5	E5	336	336	1	4	833	95	96		38
306	53			0	0	0	0	0	0	0		38
307	9			-1	-1	1	8	417	100	0		38.125
308	9	Do6	C6	371	371	1	4	833	95	96		38.375
309	9	Do6	C6	371	371	1	16	208	95	96		38.4375
310	9	Si5b2	B5b1	365	366	1	16	208	95	96		38.5
311	9	Si5b2	B5b1	365	366	3	16	625	95	96		38.6875
312	9	La5	A5	358	358	1	16	208	95	96		38.75
313	9	La5	A5	358	358	3	16	625	95	96		38.9375
314	9	Sol5	G5	349	349	1	16	208	95	96		39
315	9	Sol5	G5	349	349	3	16	625	95	96		39.1875
316	9	Fa5#3	F5#4	343	344	1	16	208	95	96		39.25
317	9	Fa5#3	F5#4	343	344	3	16	625	95	96		39.4375
318	9	Mi5	E5	336	336	1	16	208	95	96		39.5
319	9	Mi5	E5	336	336	3	16	625	95	96		39.6875
320	9	Re5	D5	327	327	1	16	208	95	96		39.75
321	9	La5	A5	358	358	1	16	208	95	96		39.8125
322	9	Sol5	G5	349	349	1	16	208	95	96		39.875
323	9	Fa5#3	F5#4	343	344	1	16	208	95	96		39.9375
324	9	Sol5	G5	349	349	1	16	208	95	96		40
325	9	La5	A5	358	358	1	4	833	95	96		40.25
326	53			0	0	0	0	0	0	0		40.25
327	9	Fa5#3	F5#4	343	344	1	8	417	95	96		40.375
328	9	Sol5	G5	349	349	1	8	417	95	96		40.5
329	9	Fa5#3	F5#4	343	344	1	4	833	95	96		40.75
330	9	Mi5	E5	336	336	1	4	833	95	96		41
331	9	Re5	D5	327	327	1	4	833	95	96		41.25
332	9	Mi5	E5	336	336	1	16	208	95	96		41.3125
333	9	Sol5	G5	349	349	1	16	208	95	96		41.375
334	9	Fa5#2	F5#1	342	341	1	16	208	95	96		41.4375
335	11	Mi5	E5	336	336	1	16	208	95	96		41.5
336	9	Mi5	E5	336	336	1	2	1667	95	96		42
337	53			0	0	0	0	0	0	0		42
338	9	La5	A5	358	358	1	16	208	95	96	TESLÝM	42.0625
339	9	Si5b2	B5b1	365	366	1	16	208	95	96		42.125
340	9	Do6	C6	371	371	1	4	833	95	96		42.375
341	9	Si5b2	B5b1	365	366	1	16	208	95	96		42.4375
342	9	La5	A5	358	358	1	16	208	95	96		42.5
343	9	La5	A5	358	358	3	16	625	95	96		42.6875
344	9	Sol5	G5	349	349	1	16	208	95	96		42.75
345	9	Fa5	F5	340	340	1	16	208	95	96		42.8125
346	9	Mi5	E5	336	336	1	16	208	95	96		42.875
347	9	Fa5	F5	340	340	1	8	417	95	96		43
348	53			0	0	0	0	0	0	0		43
349	9	Mi5	E5	336	336	1	16	208	95	96		43.0625
350	9	Fa5	F5	340	340	1	16	208	95	96		43.125
351	9	Sol5	G5	349	349	1	4	833	95	96		43.375
352	9	La5	A5	358	358	1	8	417	95	96		43.5
353	9	Sol5	G5	349	349	1	8	417	95	96		43.625
354	9	Fa5	F5	340	340	1	8	417	95	96		43.75
355	9	Mi5	E5	336	336	1	8	417	95	96		43.875
356	9	Re5	D5	327	327	1	8	417	95	96		44
357	53			0	0	0	0	0	0	0		44
358	9	Do5	C5	318	318	1	8	417	95	96		44.125
359	9	Re5	D5	327	327	1	4	833	95	96		44.375
360	9	Mi5	E5	336	336	1	8	417	95	96		44.5
361	9	Re5	D5	327	327	1	8	417	95	96		44.625
362	9	Mi5	E5	336	336	1	8	417	95	96		44.75
363	9	Re5	D5	327	327	1	8	417	95	96		44.875
364	9	Do5	C5	318	318	1	8	417	95	96		45
365	9	Sol5	G5	349	349	1	8	417	95	96		45.125
366	9	Fa5	F5	340	340	1	8	417	95	96		45.25
367	9	Mi5	E5	336	336	1	8	417	95	96		45.375
368	9	Re5	D5	327	327	1	8	417	95	96		45.5
369	9	Re5	D5	327	327	1	16	208	95	96		45.5625
370	9	Do5	C5	318	318	1	16	208	95	96		45.625
371	9	Do5	C5	318	318	1	16	208	95	96		45.6875
372	9	Si4b2	B4b1	312	313	1	16	208	95	96		45.75
373	9	Do5	C5	318	318	1	4	833	95	96		46
374	53			0	0	0	0	0	0	0		46
375	9	Sol4	G4	296	296	1	8	417	95	96		46.125
376	9	Do5	C5	318	318	1	4	833	95	96		46.375
377	9	Re5	D5	327	327	1	8	417	95	96		46.5
378	9	Mi5	E5	336	336	1	2	1667	95	96		47
379	53			0	0	0	0	0	0	0		47
380	9	Re5	D5	327	327	3	16	625	95	96		47.1875
381	9	Mi5	E5	336	336	1	16	208	95	96		47.25
382	9	Fa5	F5	340	340	1	8	417	95	96		47.375
383	9	Sol5	G5	349	349	1	8	417	95	96		47.5
384	9	Mi5	E5	336	336	1	8	417	95	96		47.625
385	9	Fa5	F5	340	340	1	8	417	95	96		47.75
386	9	Re5	D5	327	327	1	8	417	95	96		47.875
387	9	Mi5	E5	336	336	1	8	417	95	96		48
388	9	Do5	C5	318	318	1	8	417	95	96		48.125
389	9	Re5	D5	327	327	1	8	417	95	96		48.25
390	9	Do5	C5	318	318	1	8	417	95	96		48.375
391	9	Si4b2	B4b1	312	313	1	8	417	95	96		48.5
392	9	Do5	C5	318	318	3	16	625	95	96		48.6875
393	9	Si4b2	B4b1	312	313	1	16	208	95	96		48.75
394	9	La4	A4	305	305	1	4	833	95	96		49
395	53			0	0	0	0	0	0	0		49
396	9	Mi5	E5	336	336	1	16	208	95	96		49.0625
397	9	Fa5	F5	340	340	1	16	208	95	96		49.125
398	9	Mi5	E5	336	336	1	16	208	95	96		49.1875
399	9	Fa5	F5	340	340	1	16	208	95	96		49.25
400	9	La5	A5	358	358	1	16	208	95	96		49.3125
401	9	Sol5	G5	349	349	1	16	208	95	96		49.375
402	9	Fa5	F5	340	340	1	16	208	95	96		49.4375
403	9	Mi5	E5	336	336	1	16	208	95	96		49.5
404	9	Re5	D5	327	327	1	4	833	95	96		49.75
405	9			-1	-1	1	4	833	100	0		50
406	53			0	0	0	0	0	0	0		50
407	9	Do5	C5	318	318	3	16	625	95	96		50.1875
408	9	Re5	D5	327	327	1	16	208	95	96		50.25
409	9	Mi5	E5	336	336	1	4	833	95	96		50.5
410	9	Re5	D5	327	327	1	16	208	95	96		50.5625
411	9	Mi5	E5	336	336	1	16	208	95	96		50.625
412	9	Re5	D5	327	327	1	16	208	95	96		50.6875
413	9	Mi5	E5	336	336	1	16	208	95	96		50.75
414	9	Sol5	G5	349	349	1	16	208	95	96		50.8125
415	9	Fa5	F5	340	340	1	16	208	95	96		50.875
416	9	Mi5	E5	336	336	1	16	208	95	96		50.9375
417	9	Re5	D5	327	327	1	16	208	95	96		51
418	9	Do5	C5	318	318	1	4	833	95	96		51.25
419	9			-1	-1	1	4	833	100	0		51.5
420	53			0	0	0	0	0	0	0		51.5
421	9	Si4b2	B4b1	312	313	3	16	625	95	96		51.6875
422	9	Do5	C5	318	318	1	16	208	95	96		51.75
423	9	Re5	D5	327	327	1	4	833	95	96		52
424	9	Do5	C5	318	318	3	16	625	95	96		52.1875
425	9	Re5	D5	327	327	1	16	208	95	96		52.25
426	9	Mi5	E5	336	336	1	8	417	95	96		52.375
427	9	Re5	D5	327	327	1	16	208	95	96		52.4375
428	9	Do5	C5	318	318	1	16	208	95	96		52.5
429	9	Si4b2	B4b1	312	313	1	8	417	95	96		52.625
430	9	Do5	C5	318	318	1	8	417	95	96		52.75
431	9	Re5	D5	327	327	1	8	417	95	96		52.875
432	9	Do5	C5	318	318	1	16	208	95	96		52.9375
433	9	Si4b2	B4b1	312	313	1	16	208	95	96		53
434	9	La4	A4	305	305	1	8	417	95	96		53.125
435	9	Si4b2	B4b1	312	313	1	8	417	95	96		53.25
436	9	Re5	D5	327	327	1	16	208	95	96		53.3125
437	9	Do5	C5	318	318	1	16	208	95	96		53.375
438	9	Si4b2	B4b1	312	313	1	16	208	95	96		53.4375
439	9	La4	A4	305	305	1	16	208	95	96		53.5
440	9	Sol4	G4	296	296	1	8	417	95	96		53.625
441	9	La4	A4	305	305	1	8	417	95	96		53.75
442	9	Si4b2	B4b1	312	313	1	8	417	95	96		53.875
443	9	Do5	C5	318	318	1	8	417	95	96		54
444	9	Re5	D5	327	327	3	16	625	95	96		54.1875
445	9	Do5	C5	318	318	1	16	208	95	96		54.25
446	9	Si4b2	B4b1	312	313	1	8	417	95	96		54.375
447	9	Do5	C5	318	318	1	8	417	95	96		54.5
448	9	Si4b2	B4b1	312	313	1	4	833	95	96		54.75
449	9	La4	A4	305	305	1	4	833	95	96		55
450	9	Sol4	G4	296	296	1	4	833	95	96		55.25
451	9	La4	A4	305	305	1	16	208	95	96		55.3125
452	9	Do5	C5	318	318	1	16	208	95	96		55.375
453	9	Si4b2	B4b1	312	313	1	16	208	95	96		55.4375
454	11	La4	A4	305	305	1	16	208	95	96		55.5
455	9	La4	A4	305	305	1	2	1667	95	96		56
456	53			0	0	0	0	0	0	0		56
457	9			-1	-1	1	8	417	100	0		56.125
458	9	Do6	C6	371	371	1	8	417	95	96	3. HANE	56.25
459	9	Si5b2	B5b1	365	366	1	8	417	95	96		56.375
460	9	La5	A5	358	358	1	8	417	95	96		56.5
461	9	Sol5	G5	349	349	1	16	208	95	96		56.5625
462	9	Fa5#3	F5#4	343	344	1	16	208	95	96		56.625
463	9	Mi5	E5	336	336	1	8	417	95	96		56.75
464	9	Fa5#3	F5#4	343	344	1	8	417	95	96		56.875
465	9	Sol5	G5	349	349	1	8	417	95	96		57
466	9	Fa5#3	F5#4	343	344	1	8	417	95	96		57.125
467	9	Sol5	G5	349	349	1	8	417	95	96		57.25
468	9	La5	A5	358	358	1	8	417	95	96		57.375
469	9	Si5b2	B5b1	365	366	1	8	417	95	96		57.5
470	9	Sol5	G5	349	349	1	4	833	95	96		57.75
471	9	La5	A5	358	358	1	4	833	95	96		58
472	9	Re5	D5	327	327	1	4	833	95	96		58.25
473	9	La5	A5	358	358	3	16	625	95	96		58.4375
474	9	Sol5	G5	349	349	1	16	208	95	96		58.5
475	9	La5	A5	358	358	1	2	1667	95	96		59
476	53			0	0	0	0	0	0	0		59
477	9	Si5b5	B5b5	362	362	3	16	625	95	96		59.1875
478	9	La5	A5	358	358	1	16	208	95	96		59.25
479	9	Sol5	G5	349	349	1	8	417	95	96		59.375
480	9	La5	A5	358	358	1	8	417	95	96		59.5
481	9	Sol5	G5	349	349	1	8	417	95	96		59.625
482	9	La5	A5	358	358	1	8	417	95	96		59.75
483	9	Sol5	G5	349	349	1	8	417	95	96		59.875
484	9	Fa5	F5	340	340	1	8	417	95	96		60
485	9			-1	-1	1	8	417	100	0		60.125
486	9	Si5b5	B5b5	362	362	1	8	417	95	96		60.25
487	9	La5	A5	358	358	1	8	417	95	96		60.375
488	9	Sol5	G5	349	349	1	8	417	95	96		60.5
489	9	Fa5	F5	340	340	3	16	625	95	96		60.6875
490	9	Mi5	E5	336	336	1	16	208	95	96		60.75
491	9	Mi5	E5	336	336	1	16	208	95	96		60.8125
492	9	Re5	D5	327	327	1	16	208	95	96		60.875
493	9	Re5	D5	327	327	1	16	208	95	96		60.9375
494	9	Do5#4	C5#4	322	322	1	16	208	95	96		61
495	9	Re5	D5	327	327	1	4	833	95	96		61.25
496	53			0	0	0	0	0	0	0		61.25
497	9	Mi5	E5	336	336	1	8	417	95	96		61.375
498	9	Fa5	F5	340	340	1	8	417	95	96		61.5
499	9	Sol5	G5	349	349	1	8	417	95	96		61.625
500	9	Si5b5	B5b5	362	362	1	8	417	95	96		61.75
501	9	La5	A5	358	358	1	8	417	95	96		61.875
502	9	Sol5	G5	349	349	1	8	417	95	96		62
503	54			0	0	0	0	0	0	0	hicaz-zirgule@la5	62
504	9	Fa5	F5	340	340	1	8	417	95	96		62.125
505	9	Mi5	E5	336	336	1	8	417	95	96		62.25
506	9	Re5	D5	327	327	1	8	417	95	96		62.375
507	9	Do6#4	C6#4	375	375	1	8	417	95	96		62.5
508	9	Si5b4	B5b4	363	363	3	16	625	95	96		62.6875
509	9	La5	A5	358	358	1	16	208	95	96		62.75
510	9	Sol5#4	G5#4	353	353	1	8	417	95	96		62.875
511	9	La5	A5	358	358	1	8	417	95	96		63
512	9	Sol5#4	G5#4	353	353	1	8	417	95	96		63.125
513	9	La5	A5	358	358	1	8	417	95	96		63.25
514	9	Si5b4	B5b4	363	363	1	16	208	95	96		63.3125
515	9	Do6#4	C6#4	375	375	1	16	208	95	96		63.375
516	9	Si5b4	B5b4	363	363	1	16	208	95	96		63.4375
517	11	La5	A5	358	358	1	16	208	95	96		63.5
518	9	La5	A5	358	358	1	2	1667	95	96		64
519	55			0	0	0	0	0	0	0		64
520	53			0	0	0	0	0	0	0		64
521	9	Do6#4	C6#4	375	375	1	8	417	95	96		64.125
522	9	Re6	D6	380	380	1	4	833	95	96		64.375
523	9	Do6#4	C6#4	375	375	1	16	208	95	96		64.4375
524	9	Si5b4	B5b4	363	363	1	16	208	95	96		64.5
525	9	Si5b4	B5b4	363	363	3	16	625	95	96		64.6875
526	9	La5	A5	358	358	1	16	208	95	96		64.75
527	9	Do6#4	C6#4	375	375	1	8	417	95	96		64.875
528	9	Si5b4	B5b4	363	363	1	16	208	95	96		64.9375
529	9	La5	A5	358	358	1	16	208	95	96		65
530	9	La5	A5	358	358	3	16	625	95	96		65.1875
531	9	Sol5	G5	349	349	1	16	208	95	96		65.25
532	9	Si5b5	B5b5	362	362	1	8	417	95	96		65.375
533	9	La5	A5	358	358	1	16	208	95	96		65.4375
534	9	Sol5	G5	349	349	1	16	208	95	96		65.5
535	9	Sol5	G5	349	349	3	16	625	95	96		65.6875
536	9	Fa5	F5	340	340	1	16	208	95	96		65.75
537	9	La5	A5	358	358	1	8	417	95	96		65.875
538	9	Sol5	G5	349	349	1	16	208	95	96		65.9375
539	9	Fa5	F5	340	340	1	16	208	95	96		66
540	9	Fa5	F5	340	340	1	4	833	95	96		66.25
541	53			0	0	0	0	0	0	0		66.25
542	9	Mi5	E5	336	336	1	8	417	95	96		66.375
543	9	Fa5	F5	340	340	1	8	417	95	96		66.5
544	9	Sol5	G5	349	349	1	8	417	95	96		66.625
545	9	La5b4	A5b4	354	354	1	8	417	95	96		66.75
546	9	Sol5	G5	349	349	1	8	417	95	96		66.875
547	9	Fa5	F5	340	340	1	8	417	95	96		67
548	9	Sol5	G5	349	349	1	8	417	95	96		67.125
549	9	Fa5	F5	340	340	1	8	417	95	96		67.25
550	9	Do6	C6	371	371	1	16	208	95	96		67.3125
551	9	Si5b1	B5b1	366	366	1	16	208	95	96		67.375
552	9	La5b4	A5b4	354	354	1	16	208	95	96		67.4375
553	9	Sol5	G5	349	349	1	16	208	95	96		67.5
554	9	Fa5	F5	340	340	1	8	417	95	96		67.625
555	9	Mi5	E5	336	336	1	8	417	95	96		67.75
556	9	La5	A5	358	358	1	16	208	95	96		67.8125
557	9	Sol5	G5	349	349	1	16	208	95	96		67.875
558	9	Fa5	F5	340	340	1	16	208	95	96		67.9375
559	9	Mi5	E5	336	336	1	16	208	95	96		68
560	9	Re5	D5	327	327	1	8	417	95	96		68.125
561	9	Do5#4	C5#4	322	322	1	8	417	95	96		68.25
562	9	Re5	D5	327	327	1	8	417	95	96		68.375
563	9	Mi5	E5	336	336	1	8	417	95	96		68.5
564	9	Re5	D5	327	327	1	8	417	95	96		68.625
565	9	Mi5	E5	336	336	3	8	1250	95	96		69
566	53			0	0	0	0	0	0	0		69
567	9	Fa5#3	F5#4	343	344	1	8	417	95	96		69.125
568	9	Sol5	G5	349	349	3	8	1250	95	96		69.5
569	9	Sol5	G5	349	349	1	16	208	95	96		69.5625
570	9	Si5b5	B5b5	362	362	1	16	208	95	96		69.625
571	9	La5	A5	358	358	1	16	208	95	96		69.6875
572	9	Sol5	G5	349	349	1	16	208	95	96		69.75
573	9	Fa5	F5	340	340	1	16	208	95	96		69.8125
574	9	Mi5	E5	336	336	1	16	208	95	96		69.875
575	9	Re5	D5	327	327	1	8	417	95	96		70
576	53			0	0	0	0	0	0	0		70
577	9	Mi5	E5	336	336	1	8	417	95	96		70.125
578	9	Fa5	F5	340	340	3	8	1250	95	96		70.5
579	9	Fa5	F5	340	340	1	16	208	95	96		70.5625
580	9	La5	A5	358	358	1	16	208	95	96		70.625
581	9	Sol5	G5	349	349	1	16	208	95	96		70.6875
582	9	Fa5	F5	340	340	1	16	208	95	96		70.75
583	9	Mi5	E5	336	336	1	16	208	95	96		70.8125
584	9	Re5	D5	327	327	1	16	208	95	96		70.875
585	9	Do5	C5	318	318	1	8	417	95	96		71
586	9	Sol5	G5	349	349	1	8	417	95	96		71.125
587	9	Fa5	F5	340	340	1	8	417	95	96		71.25
588	9	Mi5	E5	336	336	1	8	417	95	96		71.375
589	9	Re5	D5	327	327	1	8	417	95	96		71.5
590	9	Do5	C5	318	318	3	16	625	95	96		71.6875
591	9	Si4b2	B4b1	312	313	1	16	208	95	96		71.75
592	9	La4	A4	305	305	1	8	417	95	96		71.875
593	9	Si4b2	B4b1	312	313	1	8	417	95	96		72
594	9	Do5	C5	318	318	1	8	417	95	96		72.125
595	9	Re5	D5	327	327	1	8	417	95	96		72.25
596	9	Do5	C5	318	318	1	8	417	95	96		72.375
597	9	Si4b2	B4b1	312	313	1	8	417	95	96		72.5
598	9	Do5	C5	318	318	1	4	833	95	96		72.75
599	9	Re5	D5	327	327	1	4	833	95	96		73
600	53			0	0	0	0	0	0	0		73
601	9			-1	-1	1	4	833	100	0		73.25
602	9	Mi5	E5	336	336	1	8	417	95	96		73.375
603	9	Fa5#3	F5#4	343	344	1	8	417	95	96		73.5
604	9	Sol5	G5	349	349	1	8	417	95	96		73.625
605	9	Fa5#3	F5#4	343	344	1	8	417	95	96		73.75
606	9	La5	A5	358	358	1	8	417	95	96		73.875
607	9	Sol5	G5	349	349	1	8	417	95	96		74
608	9	Fa5	F5	340	340	3	16	625	95	96		74.1875
609	9	Mi5	E5	336	336	1	16	208	95	96		74.25
610	9	Re5	D5	327	327	1	8	417	95	96		74.375
611	9	Mi5	E5	336	336	1	8	417	95	96		74.5
612	9	Re5	D5	327	327	3	16	625	95	96		74.6875
613	9	Do5	C5	318	318	1	16	208	95	96		74.75
614	9	Re5	D5	327	327	1	8	417	95	96		74.875
615	9	Sol5	G5	349	349	1	8	417	95	96		75
616	53			0	0	0	0	0	0	0		75
617	9			-1	-1	1	8	417	100	0		75.125
618	9	Fa5#3	F5#4	343	344	1	4	833	95	96		75.375
619	9	Re5	D5	327	327	1	8	417	95	96		75.5
620	9	Mi5	E5	336	336	1	8	417	95	96		75.625
621	9	Fa5	F5	340	340	1	8	417	95	96		75.75
622	9	Mi5	E5	336	336	1	8	417	95	96		75.875
623	9	Re5	D5	327	327	1	8	417	95	96		76
624	9	Do5#4	C5#4	322	322	1	4	833	95	96		76.25
625	9	Fa5	F5	340	340	1	16	208	95	96		76.3125
626	9	Mi5	E5	336	336	1	16	208	95	96		76.375
627	9	Re5	D5	327	327	1	16	208	95	96		76.4375
628	9	Mi5	E5	336	336	1	16	208	95	96		76.5
629	9	Re5	D5	327	327	3	8	1250	95	96		76.875
630	9			-1	-1	1	8	417	100	0		77
631	53			0	0	0	0	0	0	0		77
632	9	La5	A5	358	358	1	16	208	95	96	TESLÝM	77.0625
633	9	Si5b2	B5b1	365	366	1	16	208	95	96		77.125
634	9	Do6	C6	371	371	1	4	833	95	96		77.375
635	9	Si5b2	B5b1	365	366	1	16	208	95	96		77.4375
636	9	La5	A5	358	358	1	16	208	95	96		77.5
637	9	La5	A5	358	358	3	16	625	95	96		77.6875
638	9	Sol5	G5	349	349	1	16	208	95	96		77.75
639	9	Fa5	F5	340	340	1	16	208	95	96		77.8125
640	9	Mi5	E5	336	336	1	16	208	95	96		77.875
641	9	Fa5	F5	340	340	1	8	417	95	96		78
642	53			0	0	0	0	0	0	0		78
643	9	Mi5	E5	336	336	1	16	208	95	96		78.0625
644	9	Fa5	F5	340	340	1	16	208	95	96		78.125
645	9	Sol5	G5	349	349	1	4	833	95	96		78.375
646	9	La5	A5	358	358	1	8	417	95	96		78.5
647	9	Sol5	G5	349	349	1	8	417	95	96		78.625
648	9	Fa5	F5	340	340	1	8	417	95	96		78.75
649	9	Mi5	E5	336	336	1	8	417	95	96		78.875
650	9	Re5	D5	327	327	1	8	417	95	96		79
651	53			0	0	0	0	0	0	0		79
652	9	Do5	C5	318	318	1	8	417	95	96		79.125
653	9	Re5	D5	327	327	1	4	833	95	96		79.375
654	9	Mi5	E5	336	336	1	8	417	95	96		79.5
655	9	Re5	D5	327	327	1	8	417	95	96		79.625
656	9	Mi5	E5	336	336	1	8	417	95	96		79.75
657	9	Re5	D5	327	327	1	8	417	95	96		79.875
658	9	Do5	C5	318	318	1	8	417	95	96		80
659	9	Sol5	G5	349	349	1	8	417	95	96		80.125
660	9	Fa5	F5	340	340	1	8	417	95	96		80.25
661	9	Mi5	E5	336	336	1	8	417	95	96		80.375
662	9	Re5	D5	327	327	1	8	417	95	96		80.5
663	9	Re5	D5	327	327	1	16	208	95	96		80.5625
664	9	Do5	C5	318	318	1	16	208	95	96		80.625
665	9	Do5	C5	318	318	1	16	208	95	96		80.6875
666	9	Si4b2	B4b1	312	313	1	16	208	95	96		80.75
667	9	Do5	C5	318	318	1	4	833	95	96		81
668	53			0	0	0	0	0	0	0		81
669	9	Sol4	G4	296	296	1	8	417	95	96		81.125
670	9	Do5	C5	318	318	1	4	833	95	96		81.375
671	9	Re5	D5	327	327	1	8	417	95	96		81.5
672	9	Mi5	E5	336	336	1	2	1667	95	96		82
673	53			0	0	0	0	0	0	0		82
674	9	Re5	D5	327	327	3	16	625	95	96		82.1875
675	9	Mi5	E5	336	336	1	16	208	95	96		82.25
676	9	Fa5	F5	340	340	1	8	417	95	96		82.375
677	9	Sol5	G5	349	349	1	8	417	95	96		82.5
678	9	Mi5	E5	336	336	1	8	417	95	96		82.625
679	9	Fa5	F5	340	340	1	8	417	95	96		82.75
680	9	Re5	D5	327	327	1	8	417	95	96		82.875
681	9	Mi5	E5	336	336	1	8	417	95	96		83
682	9	Do5	C5	318	318	1	8	417	95	96		83.125
683	9	Re5	D5	327	327	1	8	417	95	96		83.25
684	9	Do5	C5	318	318	1	8	417	95	96		83.375
685	9	Si4b2	B4b1	312	313	1	8	417	95	96		83.5
686	9	Do5	C5	318	318	3	16	625	95	96		83.6875
687	9	Si4b2	B4b1	312	313	1	16	208	95	96		83.75
688	9	La4	A4	305	305	1	4	833	95	96		84
689	53			0	0	0	0	0	0	0		84
690	9	Mi5	E5	336	336	1	16	208	95	96		84.0625
691	9	Fa5	F5	340	340	1	16	208	95	96		84.125
692	9	Mi5	E5	336	336	1	16	208	95	96		84.1875
693	9	Fa5	F5	340	340	1	16	208	95	96		84.25
694	9	La5	A5	358	358	1	16	208	95	96		84.3125
695	9	Sol5	G5	349	349	1	16	208	95	96		84.375
696	9	Fa5	F5	340	340	1	16	208	95	96		84.4375
697	9	Mi5	E5	336	336	1	16	208	95	96		84.5
698	9	Re5	D5	327	327	1	4	833	95	96		84.75
699	9			-1	-1	1	4	833	100	0		85
700	53			0	0	0	0	0	0	0		85
701	9	Do5	C5	318	318	3	16	625	95	96		85.1875
702	9	Re5	D5	327	327	1	16	208	95	96		85.25
703	9	Mi5	E5	336	336	1	4	833	95	96		85.5
704	9	Re5	D5	327	327	1	16	208	95	96		85.5625
705	9	Mi5	E5	336	336	1	16	208	95	96		85.625
706	9	Re5	D5	327	327	1	16	208	95	96		85.6875
707	9	Mi5	E5	336	336	1	16	208	95	96		85.75
708	9	Sol5	G5	349	349	1	16	208	95	96		85.8125
709	9	Fa5	F5	340	340	1	16	208	95	96		85.875
710	9	Mi5	E5	336	336	1	16	208	95	96		85.9375
711	9	Re5	D5	327	327	1	16	208	95	96		86
712	9	Do5	C5	318	318	1	4	833	95	96		86.25
713	9			-1	-1	1	4	833	100	0		86.5
714	53			0	0	0	0	0	0	0		86.5
715	9	Si4b2	B4b1	312	313	3	16	625	95	96		86.6875
716	9	Do5	C5	318	318	1	16	208	95	96		86.75
717	9	Re5	D5	327	327	1	4	833	95	96		87
718	9	Do5	C5	318	318	3	16	625	95	96		87.1875
719	9	Re5	D5	327	327	1	16	208	95	96		87.25
720	9	Mi5	E5	336	336	1	8	417	95	96		87.375
721	9	Re5	D5	327	327	1	16	208	95	96		87.4375
722	9	Do5	C5	318	318	1	16	208	95	96		87.5
723	9	Si4b2	B4b1	312	313	1	8	417	95	96		87.625
724	9	Do5	C5	318	318	1	8	417	95	96		87.75
725	9	Re5	D5	327	327	1	8	417	95	96		87.875
726	9	Do5	C5	318	318	1	16	208	95	96		87.9375
727	9	Si4b2	B4b1	312	313	1	16	208	95	96		88
728	9	La4	A4	305	305	1	8	417	95	96		88.125
729	9	Si4b2	B4b1	312	313	1	8	417	95	96		88.25
730	9	Re5	D5	327	327	1	16	208	95	96		88.3125
731	9	Do5	C5	318	318	1	16	208	95	96		88.375
732	9	Si4b2	B4b1	312	313	1	16	208	95	96		88.4375
733	9	La4	A4	305	305	1	16	208	95	96		88.5
734	9	Sol4	G4	296	296	1	8	417	95	96		88.625
735	9	La4	A4	305	305	1	8	417	95	96		88.75
736	9	Si4b2	B4b1	312	313	1	8	417	95	96		88.875
737	9	Do5	C5	318	318	1	8	417	95	96		89
738	9	Re5	D5	327	327	3	16	625	95	96		89.1875
739	9	Do5	C5	318	318	1	16	208	95	96		89.25
740	9	Si4b2	B4b1	312	313	1	8	417	95	96		89.375
741	9	Do5	C5	318	318	1	8	417	95	96		89.5
742	9	Si4b2	B4b1	312	313	1	4	833	95	96		89.75
743	9	La4	A4	305	305	1	4	833	95	96		90
744	9	Sol4	G4	296	296	1	4	833	95	96		90.25
745	9	La4	A4	305	305	1	16	208	95	96		90.3125
746	9	Do5	C5	318	318	1	16	208	95	96		90.375
747	9	Si4b2	B4b1	312	313	1	16	208	95	96		90.4375
748	11	La4	A4	305	305	1	16	208	95	96		90.5
749	9	La4	A4	305	305	1	2	1667	95	96		91
750	53			0	0	0	0	0	0	0		91
