Sýra	Kod	Nota53	NotaAE	Koma53	KomaAE	Pay	Payda	Ms	LNS	Bas	Soz1	Offset
1	9	Fa5#3	F5#4	343	344	1	16	179	95	96	ARANAÐME 	0.0625
2	9	Sol5	G5	349	349	1	16	179	95	96	.	0.125
3	9	La5	A5	358	358	1	8	357	95	96	.	0.25
4	9			-1	-1	1	8	357	100	0		0.375
5	9	La5	A5	358	358	1	8	357	50	96	.	0.5
6	9	La5	A5	358	358	1	4	714	50	96	.	0.75
7	9	La5	A5	358	358	1	4	714	50	96	.	1
8	53			0	0	0	0	0	0	0		1
9	9	La5	A5	358	358	1	16	179	95	96	.	1.0625
10	9	Si5b1	B5b1	366	366	1	16	179	95	96	.	1.125
11	9	Sol5	G5	349	349	1	16	179	95	96	.	1.1875
12	9	La5	A5	358	358	1	16	179	95	96	.	1.25
13	9	Fa5#3	F5#4	343	344	1	16	179	95	96	.	1.3125
14	9	Sol5	G5	349	349	1	16	179	95	96	.	1.375
15	9	Mi5	E5	336	336	1	16	179	95	96	.	1.4375
16	9	Fa5#3	F5#4	343	344	1	16	179	95	96	.	1.5
17	9	Re5	D5	327	327	1	2	1429	95	96	.	2
18	53			0	0	0	0	0	0	0		2
19	9	Mi5	E5	336	336	1	16	179	95	96	.	2.0625
20	9	Fa5#3	F5#4	343	344	1	16	179	95	96	.	2.125
21	9	Sol5	G5	349	349	1	8	357	95	96	.	2.25
22	9			-1	-1	1	8	357	100	0		2.375
23	9	Sol5	G5	349	349	1	8	357	50	96	.	2.5
24	9	Sol5	G5	349	349	1	4	714	50	96	.	2.75
25	9	Sol5	G5	349	349	1	4	714	50	96	.	3
26	9	Sol5	G5	349	349	1	16	179	95	96	.	3.0625
27	9	La5	A5	358	358	1	16	179	95	96	.	3.125
28	9	Fa5#3	F5#4	343	344	1	16	179	95	96	.	3.1875
29	9	Sol5	G5	349	349	1	16	179	95	96	.	3.25
30	9	Mi5	E5	336	336	1	16	179	95	96	.	3.3125
31	9	Fa5#3	F5#4	343	344	1	16	179	95	96	.	3.375
32	9	Re5	D5	327	327	1	16	179	95	96	.	3.4375
33	9	Mi5	E5	336	336	1	16	179	95	96	.	3.5
34	9	Do5	C5	318	318	1	2	1429	95	96	.	4
35	53			0	0	0	0	0	0	0		4
36	9	Si4b2	B4b1	312	313	1	16	179	95	96	.	4.0625
37	9	Do5	C5	318	318	1	16	179	95	96	.	4.125
38	9	Re5	D5	327	327	1	8	357	95	96	.	4.25
39	9			-1	-1	1	8	357	100	0	.	4.375
40	9	Re5	D5	327	327	1	8	357	50	96	.	4.5
41	9	Re5	D5	327	327	1	4	714	50	96	.	4.75
42	9	Re5	D5	327	327	1	4	714	50	96	.	5
43	9	Re5	D5	327	327	1	16	179	95	96	.	5.0625
44	9	Mi5	E5	336	336	1	16	179	95	96	.	5.125
45	9	Do5	C5	318	318	1	16	179	95	96	.	5.1875
46	9	Re5	D5	327	327	1	16	179	95	96	.	5.25
47	9	Si4b2	B4b1	312	313	1	16	179	95	96	.	5.3125
48	9	Do5	C5	318	318	1	16	179	95	96	.	5.375
49	9	La4	A4	305	305	1	16	179	95	96	.	5.4375
50	9	Si4b2	B4b1	312	313	1	16	179	95	96	.	5.5
51	9	Sol4	G4	296	296	1	2	1429	95	96	.	6
52	53			0	0	0	0	0	0	0		6
53	9	La4	A4	305	305	1	16	179	95	96	.	6.0625
54	9	Si4b2	B4b1	312	313	1	16	179	95	96	.	6.125
55	9	Do5	C5	318	318	1	16	179	95	96	.	6.1875
56	9	Re5	D5	327	327	1	16	179	95	96	.	6.25
57	9	Do5	C5	318	318	1	16	179	95	96	.	6.3125
58	9	Si4b2	B4b1	312	313	1	16	179	95	96	.	6.375
59	9	Si4b2	B4b1	312	313	1	16	179	95	96	.	6.4375
60	9	La4	A4	305	305	1	16	179	95	96	.	6.5
61	9	La4	A4	305	305	1	8	357	95	96	.	6.625
62	9	Sol4	G4	296	296	1	8	357	95	96	.	6.75
63	9	Do5	C5	318	318	1	8	357	95	96	.	6.875
64	9	Si4b2	B4b1	312	313	1	16	179	95	96	.	6.9375
65	11	La4	A4	305	305	1	16	179	95	96	.	7
66	9	La4	A4	305	305	1	2	1429	95	96	.	7.5
67	53			0	0	0	0	0	0	0		7.5
68	9	Re5	D5	327	327	1	16	179	95	96	.	7.5625
69	9	Mi5	E5	336	336	1	16	179	95	96	.	7.625
70	9	Fa5#3	F5#4	343	344	1	16	179	95	96	.	7.6875
71	9	Sol5	G5	349	349	1	16	179	95	96	.	7.75
72	9	La5	A5	358	358	1	4	714	95	96	.	8
73	53			0	0	0	0	0	0	0		8
74	9	Fa5#3	F5#4	343	344	1	16	179	95	96	ARANAÐME 	8.0625
75	9	Sol5	G5	349	349	1	16	179	95	96	.	8.125
76	9	La5	A5	358	358	1	8	357	95	96	.	8.25
77	9			-1	-1	1	8	357	100	0		8.375
78	9	La5	A5	358	358	1	8	357	50	96	.	8.5
79	9	La5	A5	358	358	1	4	714	50	96	.	8.75
80	9	La5	A5	358	358	1	4	714	50	96	.	9
81	53			0	0	0	0	0	0	0		9
82	9	La5	A5	358	358	1	16	179	95	96	.	9.0625
83	9	Si5b1	B5b1	366	366	1	16	179	95	96	.	9.125
84	9	Sol5	G5	349	349	1	16	179	95	96	.	9.1875
85	9	La5	A5	358	358	1	16	179	95	96	.	9.25
86	9	Fa5#3	F5#4	343	344	1	16	179	95	96	.	9.3125
87	9	Sol5	G5	349	349	1	16	179	95	96	.	9.375
88	9	Mi5	E5	336	336	1	16	179	95	96	.	9.4375
89	9	Fa5#3	F5#4	343	344	1	16	179	95	96	.	9.5
90	9	Re5	D5	327	327	1	2	1429	95	96	.	10
91	53			0	0	0	0	0	0	0		10
92	9	Mi5	E5	336	336	1	16	179	95	96	.	10.0625
93	9	Fa5#3	F5#4	343	344	1	16	179	95	96	.	10.125
94	9	Sol5	G5	349	349	1	8	357	95	96	.	10.25
95	9			-1	-1	1	8	357	100	0		10.375
96	9	Sol5	G5	349	349	1	8	357	50	96	.	10.5
97	9	Sol5	G5	349	349	1	4	714	50	96	.	10.75
98	9	Sol5	G5	349	349	1	4	714	50	96	.	11
99	9	Sol5	G5	349	349	1	16	179	95	96	.	11.0625
100	9	La5	A5	358	358	1	16	179	95	96	.	11.125
101	9	Fa5#3	F5#4	343	344	1	16	179	95	96	.	11.1875
102	9	Sol5	G5	349	349	1	16	179	95	96	.	11.25
103	9	Mi5	E5	336	336	1	16	179	95	96	.	11.3125
104	9	Fa5#3	F5#4	343	344	1	16	179	95	96	.	11.375
105	9	Re5	D5	327	327	1	16	179	95	96	.	11.4375
106	9	Mi5	E5	336	336	1	16	179	95	96	.	11.5
107	9	Do5	C5	318	318	1	2	1429	95	96	.	12
108	53			0	0	0	0	0	0	0		12
109	9	Si4b2	B4b1	312	313	1	16	179	95	96	.	12.0625
110	9	Do5	C5	318	318	1	16	179	95	96	.	12.125
111	9	Re5	D5	327	327	1	8	357	95	96	.	12.25
112	9			-1	-1	1	8	357	100	0	.	12.375
113	9	Re5	D5	327	327	1	8	357	50	96	.	12.5
114	9	Re5	D5	327	327	1	4	714	50	96	.	12.75
115	9	Re5	D5	327	327	1	4	714	50	96	.	13
116	9	Re5	D5	327	327	1	16	179	95	96	.	13.0625
117	9	Mi5	E5	336	336	1	16	179	95	96	.	13.125
118	9	Do5	C5	318	318	1	16	179	95	96	.	13.1875
119	9	Re5	D5	327	327	1	16	179	95	96	.	13.25
120	9	Si4b2	B4b1	312	313	1	16	179	95	96	.	13.3125
121	9	Do5	C5	318	318	1	16	179	95	96	.	13.375
122	9	La4	A4	305	305	1	16	179	95	96	.	13.4375
123	9	Si4b2	B4b1	312	313	1	16	179	95	96	.	13.5
124	9	Sol4	G4	296	296	1	2	1429	95	96	.	14
125	53			0	0	0	0	0	0	0		14
126	9	La4	A4	305	305	1	16	179	95	96	.	14.0625
127	9	Si4b2	B4b1	312	313	1	16	179	95	96	.	14.125
128	9	Do5	C5	318	318	1	16	179	95	96	.	14.1875
129	9	Re5	D5	327	327	1	16	179	95	96	.	14.25
130	9	Do5	C5	318	318	1	16	179	95	96	.	14.3125
131	9	Si4b2	B4b1	312	313	1	16	179	95	96	.	14.375
132	9	Si4b2	B4b1	312	313	1	16	179	95	96	.	14.4375
133	9	La4	A4	305	305	1	16	179	95	96	.	14.5
134	9	La4	A4	305	305	1	8	357	95	96	.	14.625
135	9	Sol4	G4	296	296	1	8	357	95	96	.	14.75
136	9	Do5	C5	318	318	1	8	357	95	96	.	14.875
137	9	Si4b2	B4b1	312	313	1	16	179	95	96	.	14.9375
138	11	La4	A4	305	305	1	16	179	95	96	.	15
139	9	La4	A4	305	305	3	4	2143	95	96	.	15.75
140	53			0	0	0	0	0	0	0		15.75
141	9	Re5	D5	327	327	1	16	179	95	96	.	15.8125
142	9	Mi5	E5	336	336	1	16	179	95	96	.	15.875
143	9	Fa5#3	F5#4	343	344	1	16	179	95	96	.	15.9375
144	9	Sol5	G5	349	349	1	16	179	95	96	.	16
145	1	La5	A5	358	358	1	4	714	95	96	.	16.25
146	53			0	0	0	0	0	0	0		16.25
147	9	Fa5#3	F5#4	343	344	1	8	357	95	96	Ýþ	16.375
148	9	Sol5	G5	349	349	1	8	357	95	96	te 	16.5
149	9	La5	A5	358	358	1	8	357	95	96	se	16.625
150	9	La5	A5	358	358	3	8	1071	95	96	ni 	17
151	8	Si5b1	B5b1	366	366	0	0	0	95	96		17
152	9	La5	A5	358	358	1	8	357	99	96	se	17.125
153	8	Si5b1	B5b1	366	366	0	0	0	99	96		17.125
154	9	Sol5	G5	349	349	1	8	357	95	96		17.25
155	9	Sol5	G5	349	349	1	8	357	99	96	ven 	17.375
156	9	Fa5#3	F5#4	343	344	1	8	357	95	96		17.5
157	9	Fa5#3	F5#4	343	344	1	8	357	95	96	be	17.625
158	8	Sol5	G5	349	349	0	0	0	95	96		17.625
159	9	Mi5	E5	336	336	1	4	714	99	96	nim  	17.875
160	9	Re5	D5	327	327	1	8	357	95	96		18
161	53			0	0	0	0	0	0	0		18
162	9	Re5	D5	327	327	1	8	357	95	96	Se	18.125
163	9	Mi5	E5	336	336	3	8	1071	95	96	nin 	18.5
164	9	Mi5	E5	336	336	1	4	714	95	96	aþ	18.75
165	9	La5	A5	358	358	1	4	714	99	96	kýn	19
166	9	Mi5	E5	336	336	1	8	357	95	96		19.125
167	9	Mi5	E5	336	336	1	4	714	95	96	la 	19.375
168	9	Re5	D5	327	327	1	8	357	95	96	ö	19.5
169	9	Re5	D5	327	327	1	16	179	99	96	le	19.5625
170	9	Do5	C5	318	318	1	16	179	99	96		19.625
171	9	Do5	C5	318	318	1	16	179	99	96		19.6875
172	9	Re5	D5	327	327	1	16	179	95	96		19.75
173	9	Do5	C5	318	318	1	16	179	99	96	nim  	19.8125
174	9	Si4b2	B4b1	312	313	1	16	179	99	96		19.875
175	9	Si4b2	B4b1	312	313	1	16	179	99	96		19.9375
176	9	La4	A4	305	305	1	16	179	95	96		20
177	53			0	0	0	0	0	0	0		20
178	1	La5	A5	358	358	1	4	714	95	96	.	20.25
179	53			0	0	0	0	0	0	0		20.25
180	9	Fa5#3	F5#4	343	344	1	8	357	95	96	Ýþ	20.375
181	9	Sol5	G5	349	349	1	8	357	95	96	te 	20.5
182	9	La5	A5	358	358	1	8	357	95	96	se	20.625
183	9	La5	A5	358	358	3	8	1071	95	96	ni 	21
184	8	Si5b1	B5b1	366	366	0	0	0	95	96		21
185	9	La5	A5	358	358	1	8	357	99	96	se	21.125
186	8	Si5b1	B5b1	366	366	0	0	0	99	96		21.125
187	9	Sol5	G5	349	349	1	8	357	95	96		21.25
188	9	Sol5	G5	349	349	1	8	357	99	96	ven 	21.375
189	9	Fa5#3	F5#4	343	344	1	8	357	95	96		21.5
190	9	Fa5#3	F5#4	343	344	1	8	357	95	96	be	21.625
191	8	Sol5	G5	349	349	0	0	0	95	96		21.625
192	9	Mi5	E5	336	336	1	4	714	99	96	nim  	21.875
193	9	Re5	D5	327	327	1	8	357	95	96		22
194	53			0	0	0	0	0	0	0		22
195	9	Re5	D5	327	327	1	8	357	95	96	Se	22.125
196	9	Mi5	E5	336	336	3	8	1071	95	96	nin 	22.5
197	9	Mi5	E5	336	336	1	4	714	95	96	aþ	22.75
198	9	La5	A5	358	358	1	4	714	99	96	kýn	23
199	9	Mi5	E5	336	336	1	8	357	95	96		23.125
200	9	Mi5	E5	336	336	1	8	357	99	96	la 	23.25
201	9	Re5	D5	327	327	1	8	357	95	96		23.375
202	9	Re5	D5	327	327	1	8	357	95	96	ö	23.5
203	9	Re5	D5	327	327	1	16	179	99	96	le	23.5625
204	9	Do5	C5	318	318	1	16	179	99	96		23.625
205	9	Do5	C5	318	318	1	16	179	99	96		23.6875
206	9	Re5	D5	327	327	1	16	179	95	96		23.75
207	9	Do5	C5	318	318	1	16	179	99	96	nim  	23.8125
208	9	Si4b2	B4b1	312	313	1	16	179	99	96		23.875
209	9	Si4b2	B4b1	312	313	1	16	179	99	96		23.9375
210	11	La4	A4	305	305	1	16	179	99	96		24
211	9	La4	A4	305	305	1	4	714	95	96		24.25
212	53			0	0	0	0	0	0	0		24.25
213	9	Do5	C5	318	318	1	8	357	95	96	Gü	24.375
214	9	Re5	D5	327	327	1	8	357	95	96	nah_	24.5
215	9	Mi5	E5	336	336	1	8	357	95	96	i	24.625
216	9	Mi5	E5	336	336	1	4	714	99	96	se 	24.875
217	9	Re5	D5	327	327	1	8	357	95	96		25
218	9	Sol5	G5	349	349	1	8	357	95	96	gö	25.125
219	8	Sol5	G5	349	349	0	0	0	95	96		25.125
220	9	Mi5	E5	336	336	1	4	714	99	96	nül 	25.375
221	9	Re5	D5	327	327	1	8	357	95	96		25.5
222	9	Re5	D5	327	327	1	16	179	99	96	ver	25.5625
223	9	Do5	C5	318	318	1	16	179	99	96		25.625
224	9	Do5	C5	318	318	1	16	179	99	96		25.6875
225	9	Si4b2	B4b1	312	313	1	16	179	95	96		25.75
226	9	Re5	D5	327	327	1	4	714	95	96	mek  	26
227	53			0	0	0	0	0	0	0		26
228	9	Re5	D5	327	327	1	16	179	95	96	SAZ	26.0625
229	9	Do5	C5	318	318	1	16	179	95	96	.	26.125
230	9	Si4b2	B4b1	312	313	1	16	179	95	96	.	26.1875
231	9	La4	A4	305	305	1	16	179	95	96	.	26.25
232	53			0	0	0	0	0	0	0		26.25
233	9	La4	A4	305	305	1	8	357	95	96	Gel 	26.375
234	9	Si4b2	B4b1	312	313	1	8	357	95	96	boy	26.5
235	9	Do5	C5	318	318	1	16	179	99	96	nu	26.5625
236	9	Si4b2	B4b1	312	313	1	16	179	99	96		26.625
237	9	Do5	C5	318	318	1	16	179	99	96		26.6875
238	9	Re5	D5	327	327	1	16	179	95	96		26.75
239	9	Do5	C5	318	318	1	8	357	99	96	mu 	26.875
240	9	Si4b2	B4b1	312	313	1	16	179	99	96		26.9375
241	9	La4	A4	305	305	1	16	179	99	96		27
242	9	Si4b2	B4b1	312	313	1	8	357	95	96		27.125
243	53			0	0	0	0	0	0	0		27.125
244	54			0	0	0	0	0	0	0	nikriz@sol4	27.125
245	9	Mi5	E5	336	336	1	8	357	99	96	vur 	27.25
246	9	Re5	D5	327	327	1	8	357	95	96		27.375
247	9	Re5	D5	327	327	1	16	179	99	96	kö	27.4375
248	9	Do5#4	C5#4	322	322	1	16	179	95	96		27.5
249	9	Do5#4	C5#4	322	322	1	16	179	99	96	le	27.5625
250	9	Si4b4	B4b4	310	310	1	16	179	99	96		27.625
251	9	Si4b4	B4b4	310	310	1	16	179	99	96		27.6875
252	9	La4	A4	305	305	1	16	179	95	96		27.75
253	9	Sol4	G4	296	296	1	4	714	95	96	nim  	28
254	55			0	0	0	0	0	0	0		28
255	53			0	0	0	0	0	0	0		28
256	9	La4	A4	305	305	1	16	179	99	96	Kýy	28.0625
257	9	Si4b2	B4b1	312	313	1	16	179	95	96		28.125
258	9	Do5	C5	318	318	1	16	179	99	96	ma 	28.1875
259	9	Re5	D5	327	327	1	16	179	95	96		28.25
260	9	Do5	C5	318	318	1	16	179	99	96	ba	28.3125
261	9	Si4b2	B4b1	312	313	1	16	179	95	96		28.375
262	9	Si4b2	B4b1	312	313	1	16	179	99	96	na 	28.4375
263	9	La4	A4	305	305	1	16	179	95	96		28.5
264	9	La4	A4	305	305	1	8	357	99	96	gü	28.625
265	9	Sol4	G4	296	296	1	8	357	95	96		28.75
266	9	Do5	C5	318	318	1	8	357	99	96	ze	28.875
267	9	Si4b2	B4b1	312	313	1	16	179	99	96		28.9375
268	11	La4	A4	305	305	1	16	179	95	96		29
269	9	La4	A4	305	305	3	8	1071	95	96	lim  	29.375
270	53			0	0	0	0	0	0	0		29.375
271	9	Mi5	E5	336	336	1	16	179	95	96	SAZ	29.4375
272	9	Fa5	F5	340	340	1	16	179	95	96	.	29.5
273	9	Mi5	E5	336	336	1	16	179	95	96	.	29.5625
274	9	Re5	D5	327	327	1	16	179	95	96	.	29.625
275	9	Do5	C5	318	318	1	16	179	95	96	.	29.6875
276	9	Re5	D5	327	327	1	16	179	95	96	.	29.75
277	9	Mi5	E5	336	336	1	4	714	95	96	.	30
278	53			0	0	0	0	0	0	0		30
279	9	La4	A4	305	305	1	4	714	95	96		30.25
280	53			0	0	0	0	0	0	0		30.25
281	9	Do5	C5	318	318	1	8	357	95	96	Gü	30.375
282	9	Re5	D5	327	327	1	8	357	95	96	nah_	30.5
283	9	Mi5	E5	336	336	1	8	357	95	96	i	30.625
284	9	Mi5	E5	336	336	1	4	714	99	96	se 	30.875
285	9	Re5	D5	327	327	1	8	357	95	96		31
286	9	Sol5	G5	349	349	1	8	357	95	96	gö	31.125
287	8	Sol5	G5	349	349	0	0	0	95	96		31.125
288	9	Mi5	E5	336	336	1	4	714	99	96	nül 	31.375
289	9	Re5	D5	327	327	1	8	357	95	96		31.5
290	9	Re5	D5	327	327	1	16	179	99	96	ver	31.5625
291	9	Do5	C5	318	318	1	16	179	99	96		31.625
292	9	Do5	C5	318	318	1	16	179	99	96		31.6875
293	9	Si4b2	B4b1	312	313	1	16	179	95	96		31.75
294	9	Re5	D5	327	327	1	4	714	95	96	mek  	32
295	53			0	0	0	0	0	0	0		32
296	9	Re5	D5	327	327	1	16	179	95	96	SAZ	32.0625
297	9	Do5	C5	318	318	1	16	179	95	96	.	32.125
298	9	Si4b2	B4b1	312	313	1	16	179	95	96	.	32.1875
299	9	La4	A4	305	305	1	16	179	95	96	.	32.25
300	53			0	0	0	0	0	0	0		32.25
301	9	La4	A4	305	305	1	8	357	95	96	Gel 	32.375
302	9	Si4b2	B4b1	312	313	1	8	357	95	96	boy	32.5
303	9	Do5	C5	318	318	1	16	179	99	96	nu	32.5625
304	9	Si4b2	B4b1	312	313	1	16	179	99	96		32.625
305	9	Do5	C5	318	318	1	16	179	99	96		32.6875
306	9	Re5	D5	327	327	1	16	179	95	96		32.75
307	9	Do5	C5	318	318	1	8	357	99	96	mu 	32.875
308	9	Si4b2	B4b1	312	313	1	16	179	99	96		32.9375
309	9	La4	A4	305	305	1	16	179	99	96		33
310	9	Si4b2	B4b1	312	313	1	8	357	95	96		33.125
311	53			0	0	0	0	0	0	0		33.125
312	54			0	0	0	0	0	0	0	nikriz@sol4	33.125
313	9	Mi5	E5	336	336	1	8	357	99	96	vur 	33.25
314	9	Re5	D5	327	327	1	8	357	95	96		33.375
315	9	Re5	D5	327	327	1	16	179	99	96	kö	33.4375
316	9	Do5#4	C5#4	322	322	1	16	179	95	96		33.5
317	9	Do5#4	C5#4	322	322	1	16	179	99	96	le	33.5625
318	9	Si4b4	B4b4	310	310	1	16	179	99	96		33.625
319	9	Si4b4	B4b4	310	310	1	16	179	99	96		33.6875
320	9	La4	A4	305	305	1	16	179	95	96		33.75
321	9	Sol4	G4	296	296	1	4	714	95	96	nim  	34
322	55			0	0	0	0	0	0	0		34
323	53			0	0	0	0	0	0	0		34
324	9	La4	A4	305	305	1	16	179	99	96	Kýy	34.0625
325	9	Si4b2	B4b1	312	313	1	16	179	95	96		34.125
326	9	Do5	C5	318	318	1	16	179	99	96	ma 	34.1875
327	9	Re5	D5	327	327	1	16	179	95	96		34.25
328	9	Do5	C5	318	318	1	16	179	99	96	ba	34.3125
329	9	Si4b2	B4b1	312	313	1	16	179	95	96		34.375
330	9	Si4b2	B4b1	312	313	1	16	179	99	96	na 	34.4375
331	9	La4	A4	305	305	1	16	179	95	96		34.5
332	9	La4	A4	305	305	1	8	357	99	96	gü	34.625
333	9	Sol4	G4	296	296	1	8	357	95	96		34.75
334	9	Do5	C5	318	318	1	8	357	99	96	ze	34.875
335	9	Si4b2	B4b1	312	313	1	16	179	99	96		34.9375
336	11	La4	A4	305	305	1	16	179	95	96		35
337	9	La4	A4	305	305	1	2	1429	95	96	lim  	35.5
338	53			0	0	0	0	0	0	0		35.5
339	9	Mi5	E5	336	336	1	16	179	95	96	.	35.5625
340	9	Re5	D5	327	327	1	16	179	95	96	.	35.625
341	9	Do5	C5	318	318	1	16	179	95	96	.	35.6875
342	53			0	0	0	0	0	0	0		35.6875
343	9	Si4b2	B4b1	312	313	1	16	179	95	96	.	35.75
344	9	La4	A4	305	305	1	4	714	95	96	.	36
345	9	Fa5#3	F5#4	343	344	1	16	179	95	96	ARANAÐME 	36.0625
346	9	Sol5	G5	349	349	1	16	179	95	96	.	36.125
347	9	La5	A5	358	358	1	8	357	95	96	.	36.25
348	9			-1	-1	1	8	357	100	0		36.375
349	9	La5	A5	358	358	1	8	357	50	96	.	36.5
350	9	La5	A5	358	358	1	4	714	50	96	.	36.75
351	9	La5	A5	358	358	1	4	714	50	96	.	37
352	53			0	0	0	0	0	0	0		37
353	9	La5	A5	358	358	1	16	179	95	96	.	37.0625
354	9	Si5b1	B5b1	366	366	1	16	179	95	96	.	37.125
355	9	Sol5	G5	349	349	1	16	179	95	96	.	37.1875
356	9	La5	A5	358	358	1	16	179	95	96	.	37.25
357	9	Fa5#3	F5#4	343	344	1	16	179	95	96	.	37.3125
358	9	Sol5	G5	349	349	1	16	179	95	96	.	37.375
359	9	Mi5	E5	336	336	1	16	179	95	96	.	37.4375
360	9	Fa5#3	F5#4	343	344	1	16	179	95	96	.	37.5
361	9	Re5	D5	327	327	1	2	1429	95	96	.	38
362	53			0	0	0	0	0	0	0		38
363	9	Mi5	E5	336	336	1	16	179	95	96	.	38.0625
364	9	Fa5#3	F5#4	343	344	1	16	179	95	96	.	38.125
365	9	Sol5	G5	349	349	1	8	357	95	96	.	38.25
366	9			-1	-1	1	8	357	100	0		38.375
367	9	Sol5	G5	349	349	1	8	357	50	96	.	38.5
368	9	Sol5	G5	349	349	1	4	714	50	96	.	38.75
369	9	Sol5	G5	349	349	1	4	714	50	96	.	39
370	9	Sol5	G5	349	349	1	16	179	95	96	.	39.0625
371	9	La5	A5	358	358	1	16	179	95	96	.	39.125
372	9	Fa5#3	F5#4	343	344	1	16	179	95	96	.	39.1875
373	9	Sol5	G5	349	349	1	16	179	95	96	.	39.25
374	9	Mi5	E5	336	336	1	16	179	95	96	.	39.3125
375	9	Fa5#3	F5#4	343	344	1	16	179	95	96	.	39.375
376	9	Re5	D5	327	327	1	16	179	95	96	.	39.4375
377	9	Mi5	E5	336	336	1	16	179	95	96	.	39.5
378	9	Do5	C5	318	318	1	2	1429	95	96	.	40
379	53			0	0	0	0	0	0	0		40
380	9	Si4b2	B4b1	312	313	1	16	179	95	96	.	40.0625
381	9	Do5	C5	318	318	1	16	179	95	96	.	40.125
382	9	Re5	D5	327	327	1	8	357	95	96	.	40.25
383	9			-1	-1	1	8	357	100	0	.	40.375
384	9	Re5	D5	327	327	1	8	357	50	96	.	40.5
385	9	Re5	D5	327	327	1	4	714	50	96	.	40.75
386	9	Re5	D5	327	327	1	4	714	50	96	.	41
387	9	Re5	D5	327	327	1	16	179	95	96	.	41.0625
388	9	Mi5	E5	336	336	1	16	179	95	96	.	41.125
389	9	Do5	C5	318	318	1	16	179	95	96	.	41.1875
390	9	Re5	D5	327	327	1	16	179	95	96	.	41.25
391	9	Si4b2	B4b1	312	313	1	16	179	95	96	.	41.3125
392	9	Do5	C5	318	318	1	16	179	95	96	.	41.375
393	9	La4	A4	305	305	1	16	179	95	96	.	41.4375
394	9	Si4b2	B4b1	312	313	1	16	179	95	96	.	41.5
395	9	Sol4	G4	296	296	1	2	1429	95	96	.	42
396	53			0	0	0	0	0	0	0		42
397	9	La4	A4	305	305	1	16	179	95	96	.	42.0625
398	9	Si4b2	B4b1	312	313	1	16	179	95	96	.	42.125
399	9	Do5	C5	318	318	1	16	179	95	96	.	42.1875
400	9	Re5	D5	327	327	1	16	179	95	96	.	42.25
401	9	Do5	C5	318	318	1	16	179	95	96	.	42.3125
402	9	Si4b2	B4b1	312	313	1	16	179	95	96	.	42.375
403	9	Si4b2	B4b1	312	313	1	16	179	95	96	.	42.4375
404	9	La4	A4	305	305	1	16	179	95	96	.	42.5
405	9	La4	A4	305	305	1	8	357	95	96	.	42.625
406	9	Sol4	G4	296	296	1	8	357	95	96	.	42.75
407	9	Do5	C5	318	318	1	8	357	95	96	.	42.875
408	9	Si4b2	B4b1	312	313	1	16	179	95	96	.	42.9375
409	11	La4	A4	305	305	1	16	179	95	96	.	43
410	9	La4	A4	305	305	1	2	1429	95	96	.	43.5
411	53			0	0	0	0	0	0	0		43.5
412	9	Re5	D5	327	327	1	16	179	95	96	.	43.5625
413	9	Mi5	E5	336	336	1	16	179	95	96	.	43.625
414	9	Fa5#3	F5#4	343	344	1	16	179	95	96	.	43.6875
415	9	Sol5	G5	349	349	1	16	179	95	96	.	43.75
416	9	La5	A5	358	358	1	4	714	95	96	.	44
417	53			0	0	0	0	0	0	0		44
418	9	Fa5#3	F5#4	343	344	1	16	179	95	96	ARANAÐME 	44.0625
419	9	Sol5	G5	349	349	1	16	179	95	96	.	44.125
420	9	La5	A5	358	358	1	8	357	95	96	.	44.25
421	9			-1	-1	1	8	357	100	0		44.375
422	9	La5	A5	358	358	1	8	357	50	96	.	44.5
423	9	La5	A5	358	358	1	4	714	50	96	.	44.75
424	9	La5	A5	358	358	1	4	714	50	96	.	45
425	53			0	0	0	0	0	0	0		45
426	9	La5	A5	358	358	1	16	179	95	96	.	45.0625
427	9	Si5b1	B5b1	366	366	1	16	179	95	96	.	45.125
428	9	Sol5	G5	349	349	1	16	179	95	96	.	45.1875
429	9	La5	A5	358	358	1	16	179	95	96	.	45.25
430	9	Fa5#3	F5#4	343	344	1	16	179	95	96	.	45.3125
431	9	Sol5	G5	349	349	1	16	179	95	96	.	45.375
432	9	Mi5	E5	336	336	1	16	179	95	96	.	45.4375
433	9	Fa5#3	F5#4	343	344	1	16	179	95	96	.	45.5
434	9	Re5	D5	327	327	1	2	1429	95	96	.	46
435	53			0	0	0	0	0	0	0		46
436	9	Mi5	E5	336	336	1	16	179	95	96	.	46.0625
437	9	Fa5#3	F5#4	343	344	1	16	179	95	96	.	46.125
438	9	Sol5	G5	349	349	1	8	357	95	96	.	46.25
439	9			-1	-1	1	8	357	100	0		46.375
440	9	Sol5	G5	349	349	1	8	357	50	96	.	46.5
441	9	Sol5	G5	349	349	1	4	714	50	96	.	46.75
442	9	Sol5	G5	349	349	1	4	714	50	96	.	47
443	9	Sol5	G5	349	349	1	16	179	95	96	.	47.0625
444	9	La5	A5	358	358	1	16	179	95	96	.	47.125
445	9	Fa5#3	F5#4	343	344	1	16	179	95	96	.	47.1875
446	9	Sol5	G5	349	349	1	16	179	95	96	.	47.25
447	9	Mi5	E5	336	336	1	16	179	95	96	.	47.3125
448	9	Fa5#3	F5#4	343	344	1	16	179	95	96	.	47.375
449	9	Re5	D5	327	327	1	16	179	95	96	.	47.4375
450	9	Mi5	E5	336	336	1	16	179	95	96	.	47.5
451	9	Do5	C5	318	318	1	2	1429	95	96	.	48
452	53			0	0	0	0	0	0	0		48
453	9	Si4b2	B4b1	312	313	1	16	179	95	96	.	48.0625
454	9	Do5	C5	318	318	1	16	179	95	96	.	48.125
455	9	Re5	D5	327	327	1	8	357	95	96	.	48.25
456	9			-1	-1	1	8	357	100	0	.	48.375
457	9	Re5	D5	327	327	1	8	357	50	96	.	48.5
458	9	Re5	D5	327	327	1	4	714	50	96	.	48.75
459	9	Re5	D5	327	327	1	4	714	50	96	.	49
460	9	Re5	D5	327	327	1	16	179	95	96	.	49.0625
461	9	Mi5	E5	336	336	1	16	179	95	96	.	49.125
462	9	Do5	C5	318	318	1	16	179	95	96	.	49.1875
463	9	Re5	D5	327	327	1	16	179	95	96	.	49.25
464	9	Si4b2	B4b1	312	313	1	16	179	95	96	.	49.3125
465	9	Do5	C5	318	318	1	16	179	95	96	.	49.375
466	9	La4	A4	305	305	1	16	179	95	96	.	49.4375
467	9	Si4b2	B4b1	312	313	1	16	179	95	96	.	49.5
468	9	Sol4	G4	296	296	1	2	1429	95	96	.	50
469	53			0	0	0	0	0	0	0		50
470	9	La4	A4	305	305	1	16	179	95	96	.	50.0625
471	9	Si4b2	B4b1	312	313	1	16	179	95	96	.	50.125
472	9	Do5	C5	318	318	1	16	179	95	96	.	50.1875
473	9	Re5	D5	327	327	1	16	179	95	96	.	50.25
474	9	Do5	C5	318	318	1	16	179	95	96	.	50.3125
475	9	Si4b2	B4b1	312	313	1	16	179	95	96	.	50.375
476	9	Si4b2	B4b1	312	313	1	16	179	95	96	.	50.4375
477	9	La4	A4	305	305	1	16	179	95	96	.	50.5
478	9	La4	A4	305	305	1	8	357	95	96	.	50.625
479	9	Sol4	G4	296	296	1	8	357	95	96	.	50.75
480	9	Do5	C5	318	318	1	8	357	95	96	.	50.875
481	9	Si4b2	B4b1	312	313	1	16	179	95	96	.	50.9375
482	11	La4	A4	305	305	1	16	179	95	96	.	51
483	9	La4	A4	305	305	3	4	2143	95	96	.	51.75
484	53			0	0	0	0	0	0	0		51.75
485	9	Re5	D5	327	327	1	16	179	95	96	.	51.8125
486	9	Mi5	E5	336	336	1	16	179	95	96	.	51.875
487	9	Fa5#3	F5#4	343	344	1	16	179	95	96	.	51.9375
488	9	Sol5	G5	349	349	1	16	179	95	96	.	52
489	1	La5	A5	358	358	1	4	714	95	96	.	52.25
490	53			0	0	0	0	0	0	0		52.25
491	9	Fa5#3	F5#4	343	344	1	8	357	95	96	Ýþ	52.375
492	9	Sol5	G5	349	349	1	8	357	95	96	te 	52.5
493	9	La5	A5	358	358	1	8	357	95	96	se	52.625
494	9	La5	A5	358	358	3	8	1071	95	96	ni 	53
495	8	Si5b1	B5b1	366	366	0	0	0	95	96		53
496	9	La5	A5	358	358	1	8	357	99	96	se	53.125
497	8	Si5b1	B5b1	366	366	0	0	0	99	96		53.125
498	9	Sol5	G5	349	349	1	8	357	95	96		53.25
499	9	Sol5	G5	349	349	1	8	357	99	96	ven 	53.375
500	9	Fa5#3	F5#4	343	344	1	8	357	95	96		53.5
501	9	Fa5#3	F5#4	343	344	1	8	357	95	96	be	53.625
502	8	Sol5	G5	349	349	0	0	0	95	96		53.625
503	9	Mi5	E5	336	336	1	4	714	99	96	nim  	53.875
504	9	Re5	D5	327	327	1	8	357	95	96		54
505	53			0	0	0	0	0	0	0		54
506	9	Re5	D5	327	327	1	8	357	95	96	Se	54.125
507	9	Mi5	E5	336	336	3	8	1071	95	96	nin 	54.5
508	9	Mi5	E5	336	336	1	4	714	95	96	aþ	54.75
509	9	La5	A5	358	358	1	4	714	99	96	kýn	55
510	9	Mi5	E5	336	336	1	8	357	95	96		55.125
511	9	Mi5	E5	336	336	1	4	714	95	96	la 	55.375
512	9	Re5	D5	327	327	1	8	357	95	96	ö	55.5
513	9	Re5	D5	327	327	1	16	179	99	96	le	55.5625
514	9	Do5	C5	318	318	1	16	179	99	96		55.625
515	9	Do5	C5	318	318	1	16	179	99	96		55.6875
516	9	Re5	D5	327	327	1	16	179	95	96		55.75
517	9	Do5	C5	318	318	1	16	179	99	96	nim  	55.8125
518	9	Si4b2	B4b1	312	313	1	16	179	99	96		55.875
519	9	Si4b2	B4b1	312	313	1	16	179	99	96		55.9375
520	9	La4	A4	305	305	1	16	179	95	96		56
521	53			0	0	0	0	0	0	0		56
522	1	La5	A5	358	358	1	4	714	95	96	.	56.25
523	53			0	0	0	0	0	0	0		56.25
524	9	Fa5#3	F5#4	343	344	1	8	357	95	96	Ýþ	56.375
525	9	Sol5	G5	349	349	1	8	357	95	96	te 	56.5
526	9	La5	A5	358	358	1	8	357	95	96	se	56.625
527	9	La5	A5	358	358	3	8	1071	95	96	ni 	57
528	8	Si5b1	B5b1	366	366	0	0	0	95	96		57
529	9	La5	A5	358	358	1	8	357	99	96	se	57.125
530	8	Si5b1	B5b1	366	366	0	0	0	99	96		57.125
531	9	Sol5	G5	349	349	1	8	357	95	96		57.25
532	9	Sol5	G5	349	349	1	8	357	99	96	ven 	57.375
533	9	Fa5#3	F5#4	343	344	1	8	357	95	96		57.5
534	9	Fa5#3	F5#4	343	344	1	8	357	95	96	be	57.625
535	8	Sol5	G5	349	349	0	0	0	95	96		57.625
536	9	Mi5	E5	336	336	1	4	714	99	96	nim  	57.875
537	9	Re5	D5	327	327	1	8	357	95	96		58
538	53			0	0	0	0	0	0	0		58
539	9	Re5	D5	327	327	1	8	357	95	96	Se	58.125
540	9	Mi5	E5	336	336	3	8	1071	95	96	nin 	58.5
541	9	Mi5	E5	336	336	1	4	714	95	96	aþ	58.75
542	9	La5	A5	358	358	1	4	714	99	96	kýn	59
543	9	Mi5	E5	336	336	1	8	357	95	96		59.125
544	9	Mi5	E5	336	336	1	8	357	99	96	la 	59.25
545	9	Re5	D5	327	327	1	8	357	95	96		59.375
546	9	Re5	D5	327	327	1	8	357	95	96	ö	59.5
547	9	Re5	D5	327	327	1	16	179	99	96	le	59.5625
548	9	Do5	C5	318	318	1	16	179	99	96		59.625
549	9	Do5	C5	318	318	1	16	179	99	96		59.6875
550	9	Re5	D5	327	327	1	16	179	95	96		59.75
551	9	Do5	C5	318	318	1	16	179	99	96	nim  	59.8125
552	9	Si4b2	B4b1	312	313	1	16	179	99	96		59.875
553	9	Si4b2	B4b1	312	313	1	16	179	99	96		59.9375
554	11	La4	A4	305	305	1	16	179	99	96		60
555	9	La4	A4	305	305	1	4	714	95	96		60.25
556	53			0	0	0	0	0	0	0		60.25
557	9	Do5	C5	318	318	1	8	357	95	96	Gü	60.375
558	9	Re5	D5	327	327	1	8	357	95	96	nah_	60.5
559	9	Mi5	E5	336	336	1	8	357	95	96	i	60.625
560	9	Mi5	E5	336	336	1	4	714	99	96	se 	60.875
561	9	Re5	D5	327	327	1	8	357	95	96		61
562	9	Sol5	G5	349	349	1	8	357	95	96	gö	61.125
563	8	Sol5	G5	349	349	0	0	0	95	96		61.125
564	9	Mi5	E5	336	336	1	4	714	99	96	nül 	61.375
565	9	Re5	D5	327	327	1	8	357	95	96		61.5
566	9	Re5	D5	327	327	1	16	179	99	96	ver	61.5625
567	9	Do5	C5	318	318	1	16	179	99	96		61.625
568	9	Do5	C5	318	318	1	16	179	99	96		61.6875
569	9	Si4b2	B4b1	312	313	1	16	179	95	96		61.75
570	9	Re5	D5	327	327	1	4	714	95	96	mek  	62
571	53			0	0	0	0	0	0	0		62
572	9	Re5	D5	327	327	1	16	179	95	96	SAZ	62.0625
573	9	Do5	C5	318	318	1	16	179	95	96	.	62.125
574	9	Si4b2	B4b1	312	313	1	16	179	95	96	.	62.1875
575	9	La4	A4	305	305	1	16	179	95	96	.	62.25
576	53			0	0	0	0	0	0	0		62.25
577	9	La4	A4	305	305	1	8	357	95	96	Gel 	62.375
578	9	Si4b2	B4b1	312	313	1	8	357	95	96	boy	62.5
579	9	Do5	C5	318	318	1	16	179	99	96	nu	62.5625
580	9	Si4b2	B4b1	312	313	1	16	179	99	96		62.625
581	9	Do5	C5	318	318	1	16	179	99	96		62.6875
582	9	Re5	D5	327	327	1	16	179	95	96		62.75
583	9	Do5	C5	318	318	1	8	357	99	96	mu 	62.875
584	9	Si4b2	B4b1	312	313	1	16	179	99	96		62.9375
585	9	La4	A4	305	305	1	16	179	99	96		63
586	9	Si4b2	B4b1	312	313	1	8	357	95	96		63.125
587	53			0	0	0	0	0	0	0		63.125
588	54			0	0	0	0	0	0	0	nikriz@sol4	63.125
589	9	Mi5	E5	336	336	1	8	357	99	96	vur 	63.25
590	9	Re5	D5	327	327	1	8	357	95	96		63.375
591	9	Re5	D5	327	327	1	16	179	99	96	kö	63.4375
592	9	Do5#4	C5#4	322	322	1	16	179	95	96		63.5
593	9	Do5#4	C5#4	322	322	1	16	179	99	96	le	63.5625
594	9	Si4b4	B4b4	310	310	1	16	179	99	96		63.625
595	9	Si4b4	B4b4	310	310	1	16	179	99	96		63.6875
596	9	La4	A4	305	305	1	16	179	95	96		63.75
597	9	Sol4	G4	296	296	1	4	714	95	96	nim  	64
598	55			0	0	0	0	0	0	0		64
599	53			0	0	0	0	0	0	0		64
600	9	La4	A4	305	305	1	16	179	99	96	Kýy	64.0625
601	9	Si4b2	B4b1	312	313	1	16	179	95	96		64.125
602	9	Do5	C5	318	318	1	16	179	99	96	ma 	64.1875
603	9	Re5	D5	327	327	1	16	179	95	96		64.25
604	9	Do5	C5	318	318	1	16	179	99	96	ba	64.3125
605	9	Si4b2	B4b1	312	313	1	16	179	95	96		64.375
606	9	Si4b2	B4b1	312	313	1	16	179	99	96	na 	64.4375
607	9	La4	A4	305	305	1	16	179	95	96		64.5
608	9	La4	A4	305	305	1	8	357	99	96	gü	64.625
609	9	Sol4	G4	296	296	1	8	357	95	96		64.75
610	9	Do5	C5	318	318	1	8	357	99	96	ze	64.875
611	9	Si4b2	B4b1	312	313	1	16	179	99	96		64.9375
612	11	La4	A4	305	305	1	16	179	95	96		65
613	9	La4	A4	305	305	3	8	1071	95	96	lim  	65.375
614	53			0	0	0	0	0	0	0		65.375
615	9	Mi5	E5	336	336	1	16	179	95	96	SAZ	65.4375
616	9	Fa5	F5	340	340	1	16	179	95	96	.	65.5
617	9	Mi5	E5	336	336	1	16	179	95	96	.	65.5625
618	9	Re5	D5	327	327	1	16	179	95	96	.	65.625
619	9	Do5	C5	318	318	1	16	179	95	96	.	65.6875
620	9	Re5	D5	327	327	1	16	179	95	96	.	65.75
621	9	Mi5	E5	336	336	1	4	714	95	96	.	66
622	53			0	0	0	0	0	0	0		66
623	9	La4	A4	305	305	1	4	714	95	96		66.25
624	53			0	0	0	0	0	0	0		66.25
625	9	Do5	C5	318	318	1	8	357	95	96	Gü	66.375
626	9	Re5	D5	327	327	1	8	357	95	96	nah_	66.5
627	9	Mi5	E5	336	336	1	8	357	95	96	i	66.625
628	9	Mi5	E5	336	336	1	4	714	99	96	se 	66.875
629	9	Re5	D5	327	327	1	8	357	95	96		67
630	9	Sol5	G5	349	349	1	8	357	95	96	gö	67.125
631	8	Sol5	G5	349	349	0	0	0	95	96		67.125
632	9	Mi5	E5	336	336	1	4	714	99	96	nül 	67.375
633	9	Re5	D5	327	327	1	8	357	95	96		67.5
634	9	Re5	D5	327	327	1	16	179	99	96	ver	67.5625
635	9	Do5	C5	318	318	1	16	179	99	96		67.625
636	9	Do5	C5	318	318	1	16	179	99	96		67.6875
637	9	Si4b2	B4b1	312	313	1	16	179	95	96		67.75
638	9	Re5	D5	327	327	1	4	714	95	96	mek  	68
639	53			0	0	0	0	0	0	0		68
640	9	Re5	D5	327	327	1	16	179	95	96	SAZ	68.0625
641	9	Do5	C5	318	318	1	16	179	95	96	.	68.125
642	9	Si4b2	B4b1	312	313	1	16	179	95	96	.	68.1875
643	9	La4	A4	305	305	1	16	179	95	96	.	68.25
644	53			0	0	0	0	0	0	0		68.25
645	9	La4	A4	305	305	1	8	357	95	96	Gel 	68.375
646	9	Si4b2	B4b1	312	313	1	8	357	95	96	boy	68.5
647	9	Do5	C5	318	318	1	16	179	99	96	nu	68.5625
648	9	Si4b2	B4b1	312	313	1	16	179	99	96		68.625
649	9	Do5	C5	318	318	1	16	179	99	96		68.6875
650	9	Re5	D5	327	327	1	16	179	95	96		68.75
651	9	Do5	C5	318	318	1	8	357	99	96	mu 	68.875
652	9	Si4b2	B4b1	312	313	1	16	179	99	96		68.9375
653	9	La4	A4	305	305	1	16	179	99	96		69
654	9	Si4b2	B4b1	312	313	1	8	357	95	96		69.125
655	53			0	0	0	0	0	0	0		69.125
656	54			0	0	0	0	0	0	0	nikriz@sol4	69.125
657	9	Mi5	E5	336	336	1	8	357	99	96	vur 	69.25
658	9	Re5	D5	327	327	1	8	357	95	96		69.375
659	9	Re5	D5	327	327	1	16	179	99	96	kö	69.4375
660	9	Do5#4	C5#4	322	322	1	16	179	95	96		69.5
661	9	Do5#4	C5#4	322	322	1	16	179	99	96	le	69.5625
662	9	Si4b4	B4b4	310	310	1	16	179	99	96		69.625
663	9	Si4b4	B4b4	310	310	1	16	179	99	96		69.6875
664	9	La4	A4	305	305	1	16	179	95	96		69.75
665	9	Sol4	G4	296	296	1	4	714	95	96	nim  	70
666	55			0	0	0	0	0	0	0		70
667	53			0	0	0	0	0	0	0		70
668	9	La4	A4	305	305	1	16	179	99	96	Kýy	70.0625
669	9	Si4b2	B4b1	312	313	1	16	179	95	96		70.125
670	9	Do5	C5	318	318	1	16	179	99	96	ma 	70.1875
671	9	Re5	D5	327	327	1	16	179	95	96		70.25
672	9	Do5	C5	318	318	1	16	179	99	96	ba	70.3125
673	9	Si4b2	B4b1	312	313	1	16	179	95	96		70.375
674	9	Si4b2	B4b1	312	313	1	16	179	99	96	na 	70.4375
675	9	La4	A4	305	305	1	16	179	95	96		70.5
676	9	La4	A4	305	305	1	8	357	99	96	gü	70.625
677	9	Sol4	G4	296	296	1	8	357	95	96		70.75
678	9	Do5	C5	318	318	1	8	357	99	96	ze	70.875
679	9	Si4b2	B4b1	312	313	1	16	179	99	96		70.9375
680	11	La4	A4	305	305	1	16	179	95	96		71
681	9	La4	A4	305	305	1	2	1429	95	96	lim  	71.5
682	53			0	0	0	0	0	0	0		71.5
683	9	Mi5	E5	336	336	1	16	179	95	96	.	71.5625
684	9	Re5	D5	327	327	1	16	179	95	96	.	71.625
685	9	Do5	C5	318	318	1	16	179	95	96	.	71.6875
686	53			0	0	0	0	0	0	0		71.6875
687	9	Si4b2	B4b1	312	313	1	16	179	95	96	.	71.75
688	9	La4	A4	305	305	1	4	714	95	96	.	72
