Sýra	Kod	Nota53	NotaAE	Koma53	KomaAE	Pay	Payda	Ms	LNS	Bas	Soz1	Offset
1	9			-1	-1	1	4	1000	100	0		0.2222222
2	9	Fa5#3	F5#4	343	344	1	8	500	95	96	Bir 	0.3333333
3	9	Sol5	G5	349	349	1	8	500	95	96	gö	0.4444444
4	9	La5	A5	358	358	1	4	1000	95	96	nül	0.6666667
5	9	La5	A5	358	358	1	4	1000	95	96	de 	0.8888889
6	9			-1	-1	1	8	500	100	0		1
7	53			0	0	0	0	0	0	0		1
8	9			-1	-1	1	4	1000	100	0		1.222222
9	9	La5	A5	358	358	1	8	500	95	96	i	1.333333
10	9	Si5b2	B5b1	365	366	1	8	500	95	96	ki 	1.444444
11	9	Do6	C6	371	371	1	8	500	99	96	sev	1.555556
12	9	Si5b2	B5b1	365	366	1	8	500	95	96		1.666667
13	9	La5	A5	358	358	1	8	500	99	96	da 	1.777778
14	9	Sol5	G5	349	349	1	8	500	99	96		1.888889
15	9	Fa5	F5	340	340	1	8	500	99	96		2
16	9	Mi5	E5	336	336	1	8	500	99	96		2.111111
17	9	Re5	D5	327	327	1	8	500	95	96		2.222222
18	9	Re5	D5	327	327	1	8	500	95	96	so	2.333333
19	9	Re5	D5	327	327	1	8	500	95	96	nu 	2.444444
20	9	Do5	C5	318	318	1	8	500	99	96	bil	2.555556
21	9	Si4b2	B4b1	312	313	1	16	250	99	96		2.611111
22	11	La4	A4	305	305	1	16	250	95	90		2.666667
23	9	La4	A4	305	305	1	4	1000	95	96	mem 	2.888889
24	9			-1	-1	1	8	500	100	0		3
25	53			0	0	0	0	0	0	0		3
26	9			-1	-1	1	8	500	100	0		3.111111
27	9	Si4b2	B4b1	312	313	1	16	250	99	96	ne 	3.166667
28	9	La4	A4	305	305	1	16	250	99	96		3.222222
29	9	Si4b2	B4b1	312	313	1	8	500	95	96		3.333333
30	9	Do5	C5	318	318	1	8	500	95	96	o	3.444444
31	9	Do5	C5	318	318	1	16	250	99	96	lur  	3.5
32	9	Si4b2	B4b1	312	313	1	16	250	99	96		3.555556
33	9	Si4b2	B4b1	312	313	1	16	250	99	96		3.611111
34	9	La4	A4	305	305	1	16	250	99	96		3.666667
35	9	Si4b2	B4b1	312	313	1	4	1000	95	96		3.888889
36	9			-1	-1	1	8	500	100	0		4
37	53			0	0	0	0	0	0	0		4
38	9			-1	-1	1	8	500	100	0		4.111111
39	9	Sol4	G4	296	296	1	4	1000	95	96	Ne 	4.333333
40	9	La4	A4	305	305	1	8	500	95	96	o	4.444445
41	9	La4	A4	305	305	1	2	2000	95	96	lur 	4.888889
42	9			-1	-1	1	8	500	100	0		5
43	53			0	0	0	0	0	0	0		5
44	9			-1	-1	1	8	500	100	0		5.111111
45	9	Re5	D5	327	327	1	4	1000	95	96	ne 	5.333333
46	9	Re5	D5	327	327	1	8	500	95	96	o	5.444445
47	9	Do5	C5	318	318	1	8	500	99	96	lur 	5.555555
48	9	Si4b2	B4b1	312	313	1	8	500	99	96		5.666667
49	9	La4	A4	305	305	1	4	1000	95	96		5.888889
50	9	Sol4	G4	296	296	1	8	500	95	96	a	6
51	9	Do5	C5	318	318	1	1	4000	99	96	man 	6.888889
52	9	Si4b2	B4b1	312	313	1	24	167	99	96		6.925926
53	9	La4	A4	305	305	1	24	167	99	96		6.962963
54	9	Si4b2	B4b1	312	313	1	24	167	95	96		7
55	53			0	0	0	0	0	0	0		7
56	9			-1	-1	1	4	1000	100	0		7.222222
57	54			0	0	0	0	0	0	0	nikriz@sol4	7.222222
58	9	Re5	D5	327	327	1	8	500	95	96	de	7.333333
59	9	Re5	D5	327	327	1	8	500	95	96	li 	7.444445
60	9	Re5	D5	327	327	1	16	250	99	96	gön	7.5
61	9	Do5#4	C5#4	322	322	1	16	250	99	96		7.555555
62	9	Si4b4	B4b4	310	310	1	8	500	99	96		7.666667
63	9	Si4b4	B4b4	310	310	1	4	1000	99	96		7.888889
64	9	La4	A4	305	305	1	16	250	99	96		7.944445
65	11	Sol4	G4	296	296	1	16	250	95	96		8
66	9	Sol4	G4	296	296	1	2	2000	99	96	lüm 	8.444445
67	9	Sol4	G4	296	296	5	8	2500	95	96		9
68	55			0	0	0	0	0	0	0		9
69	53			0	0	0	0	0	0	0		9
70	9			-1	-1	1	4	1000	100	0		9.222222
71	9	La4	A4	305	305	1	8	500	95	96	ba	9.333333
72	9	Si4b2	B4b1	312	313	1	8	500	95	96	na 	9.444445
73	9	Do5	C5	318	318	1	8	500	99	96	o	9.555555
74	9	Si4b2	B4b1	312	313	1	8	500	99	96		9.666667
75	9	Re5	D5	327	327	1	8	500	99	96		9.777778
76	9	Si4b2	B4b1	312	313	1	8	500	99	96		9.888889
77	9	Si4b2	B4b1	312	313	1	16	250	99	96		9.944445
78	11	La4	A4	305	305	1	16	250	95	96		10
79	9	La4	A4	305	305	3	8	1500	95	96	lur  	10.33333
80	53			0	0	0	0	0	0	0		10.33333
81	9	Do6	C6	371	371	1	8	500	95	96	SAZ	10.44444
82	9	Si5b2	B5b1	365	366	1	8	500	95	96	.	10.55556
83	9	Re6	D6	380	380	1	8	500	95	96	.	10.66667
84	9	Do6	C6	371	371	3	8	1500	95	96	.	11
85	53			0	0	0	0	0	0	0		11
86	9			-1	-1	1	4	1000	100	0		11.22222
87	9	Si5b2	B5b1	365	366	1	8	500	95	96	Bu 	11.33333
88	9	Do6	C6	371	371	1	8	500	95	96	da 	11.44444
89	9	Do6	C6	371	371	1	4	1000	95	96	bir 	11.66667
90	9	Do6	C6	371	371	1	4	1000	99	96	hoþ 	11.88889
91	9	Si5b2	B5b1	365	366	1	8	500	99	96		12
92	9	Si5b2	B5b1	365	366	1	4	1000	95	96		12.22222
93	9	Si5b2	B5b1	365	366	1	8	500	95	96	o	12.33333
94	9	Si5b2	B5b1	365	366	1	8	500	95	96	yun_	12.44444
95	9	Si5b2	B5b1	365	366	1	4	1000	95	96	am	12.66667
96	9	Si5b2	B5b1	365	366	1	4	1000	99	96	ma 	12.88889
97	9	La5	A5	358	358	1	16	250	99	96		12.94444
98	11	Sol5	G5	349	349	1	16	250	99	96		13
99	9	Sol5	G5	349	349	1	4	1000	95	96		13.22222
100	53			0	0	0	0	0	0	0		13.22222
101	9	Fa5#3	F5#4	343	344	1	8	500	95	96	so	13.33333
102	9	Sol5	G5	349	349	1	8	500	95	96	nu 	13.44444
103	9	La5	A5	358	358	1	4	1000	95	96	bil	13.66667
104	9	La5	A5	358	358	1	4	1000	95	96	mem 	13.88889
105	9			-1	-1	1	8	500	100	0		14
106	53			0	0	0	0	0	0	0		14
107	9			-1	-1	1	4	1000	100	0		14.22222
108	9	La5	A5	358	358	1	8	500	95	96	ne 	14.33333
109	9	Si5b2	B5b1	365	366	1	8	500	95	96	o	14.44444
110	9	Do6	C6	371	371	1	8	500	99	96	lur  	14.55556
111	9	Si5b2	B5b1	365	366	1	8	500	99	96		14.66667
112	9	La5	A5	358	358	1	8	500	99	96		14.77778
113	9	Sol5	G5	349	349	1	8	500	99	96		14.88889
114	9	Fa5	F5	340	340	1	8	500	99	96		15
115	9	Mi5	E5	336	336	1	8	500	99	96		15.11111
116	9	Re5	D5	327	327	1	8	500	95	96		15.22222
117	9	Re5	D5	327	327	1	8	500	95	96	so	15.33333
118	9	Re5	D5	327	327	1	8	500	95	96	nu 	15.44444
119	9	Do5	C5	318	318	1	8	500	99	96	bil	15.55556
120	9	Si4b2	B4b1	312	313	1	16	250	99	96		15.61111
121	11	La4	A4	305	305	1	16	250	95	96		15.66667
122	9	La4	A4	305	305	1	4	1000	95	96	mem 	15.88889
123	9			-1	-1	1	8	500	100	0		16
124	53			0	0	0	0	0	0	0		16
125	9			-1	-1	1	8	500	100	0		16.11111
126	9	Si4b2	B4b1	312	313	1	16	250	99	96	ne 	16.16667
127	9	La4	A4	305	305	1	16	250	99	96		16.22222
128	9	Si4b2	B4b1	312	313	1	8	500	95	96		16.33333
129	9	Do5	C5	318	318	1	8	500	95	96	o	16.44444
130	9	Do5	C5	318	318	1	16	250	99	96	lur  	16.5
131	9	Si4b2	B4b1	312	313	1	16	250	99	96		16.55556
132	9	Si4b2	B4b1	312	313	1	16	250	99	96		16.61111
133	9	La4	A4	305	305	1	16	250	99	96		16.66667
134	9	Si4b2	B4b1	312	313	1	4	1000	95	96		16.88889
135	9			-1	-1	1	8	500	100	0		17
136	53			0	0	0	0	0	0	0		17
137	9			-1	-1	1	8	500	100	0		17.11111
138	9	Sol4	G4	296	296	1	4	1000	95	96	Ne 	17.33333
139	9	La4	A4	305	305	1	8	500	95	96	o	17.44444
140	9	La4	A4	305	305	1	2	2000	95	96	lur 	17.88889
141	9			-1	-1	1	8	500	100	0		18
142	53			0	0	0	0	0	0	0		18
143	9			-1	-1	1	8	500	100	0		18.11111
144	9	Re5	D5	327	327	1	4	1000	95	96	ne 	18.33333
145	9	Re5	D5	327	327	1	8	500	95	96	o	18.44444
146	9	Do5	C5	318	318	1	8	500	99	96	lur 	18.55556
147	9	Si4b2	B4b1	312	313	1	8	500	99	96		18.66667
148	9	La4	A4	305	305	1	4	1000	95	96		18.88889
149	9	Sol4	G4	296	296	1	8	500	95	96	a	19
150	9	Do5	C5	318	318	1	1	4000	99	96	man 	19.88889
151	9	Si4b2	B4b1	312	313	1	24	167	99	96		19.92593
152	9	La4	A4	305	305	1	24	167	99	96		19.96296
153	9	Si4b2	B4b1	312	313	1	24	167	95	96		20
154	53			0	0	0	0	0	0	0		20
155	9			-1	-1	1	4	1000	100	0		20.22222
156	54			0	0	0	0	0	0	0	nikriz@sol4	20.22222
157	9	Re5	D5	327	327	1	8	500	95	96	de	20.33333
158	9	Re5	D5	327	327	1	8	500	95	96	li 	20.44444
159	9	Re5	D5	327	327	1	16	250	99	96	gön	20.5
160	9	Do5#4	C5#4	322	322	1	16	250	99	96		20.55556
161	9	Si4b4	B4b4	310	310	1	8	500	99	96		20.66667
162	9	Si4b4	B4b4	310	310	1	4	1000	99	96		20.88889
163	9	La4	A4	305	305	1	16	250	99	96		20.94444
164	11	Sol4	G4	296	296	1	16	250	95	96		21
165	9	Sol4	G4	296	296	1	2	2000	99	96	lüm 	21.44444
166	9	Sol4	G4	296	296	5	8	2500	95	96		22
167	55			0	0	0	0	0	0	0		22
168	53			0	0	0	0	0	0	0		22
169	9			-1	-1	1	4	1000	100	0		22.22222
170	9	La4	A4	305	305	1	8	500	95	96	ba	22.33333
171	9	Si4b2	B4b1	312	313	1	8	500	95	96	na 	22.44444
172	9	Do5	C5	318	318	1	8	500	99	96	o	22.55556
173	9	Si4b2	B4b1	312	313	1	8	500	99	96	KARAR	22.66667
174	9	Re5	D5	327	327	1	8	500	99	96		22.77778
175	9	Si4b2	B4b1	312	313	1	8	500	99	96		22.88889
176	9	La4	A4	305	305	1	8	500	95	96		23
177	9	La4	A4	305	305	1	1	4000	95	96	lur  	23.88889
178	9			-1	-1	1	8	500	100	0		24
179	53			0	0	0	0	0	0	0		24
