Sýra	Kod	Nota53	NotaAE	Koma53	KomaAE	Pay	Payda	Ms	LNS	Bas	Soz1	Offset
1	9	La5	A5	358	358	1	4	667	95	96	ARANAÐME 	0.2
2	9	La5	A5	358	358	1	8	333	95	96	.	0.3
3	9	La5	A5	358	358	1	4	667	95	96	.	0.5
4	9	La5	A5	358	358	1	4	667	95	96	.	0.7
5	9	Sol5	G5	349	349	1	8	333	95	96	.	0.8
6	9	Fa5#3	F5#4	343	344	1	8	333	95	96	.	0.9
7	9	Mi5	E5	336	336	1	8	333	95	96	.	1
8	9	Re5	D5	327	327	1	4	667	95	96	.	1.2
9	9	Re5	D5	327	327	1	8	333	95	96	.	1.3
10	9	Re5	D5	327	327	1	4	667	95	96	.	1.5
11	9	Re5	D5	327	327	1	4	667	95	96	.	1.7
12	53			0	0	0	0	0	0	0		1.7
13	9	Re5	D5	327	327	1	8	333	95	96	.	1.8
14	9	Mi5	E5	336	336	1	8	333	95	96	.	1.9
15	9	Fa5#3	F5#4	343	344	1	8	333	95	96	.	2
16	9	Sol5	G5	349	349	1	4	667	95	96	.	2.2
17	9	Sol5	G5	349	349	1	8	333	95	96	.	2.3
18	9	Sol5	G5	349	349	1	4	667	95	96	.	2.5
19	9	Sol5	G5	349	349	1	4	667	95	96	.	2.7
20	9	Fa5	F5	340	340	1	8	333	95	96	.	2.8
21	9	Mi5	E5	336	336	1	8	333	95	96	.	2.9
22	9	Re5	D5	327	327	1	8	333	95	96	.	3
23	9	Do5	C5	318	318	1	4	667	95	96	.	3.2
24	9	Do5	C5	318	318	1	8	333	95	96	.	3.3
25	9	Do5	C5	318	318	1	4	667	95	96	.	3.5
26	9	Do5	C5	318	318	1	4	667	95	96	.	3.7
27	53			0	0	0	0	0	0	0		3.7
28	9	Si4b2	B4b1	312	313	1	8	333	95	96	.	3.8
29	9	Do5	C5	318	318	1	8	333	95	96	.	3.9
30	9	Re5	D5	327	327	1	8	333	95	96	.	4
31	9	Mi5	E5	336	336	1	4	667	95	96	.	4.2
32	9	Mi5	E5	336	336	1	8	333	95	96	.	4.3
33	9	Mi5	E5	336	336	1	4	667	95	96	.	4.5
34	9	Mi5	E5	336	336	1	4	667	95	96	.	4.7
35	9	Re5	D5	327	327	1	8	333	95	96	.	4.8
36	9	Do5	C5	318	318	1	8	333	95	96	.	4.9
37	9	Si4b2	B4b1	312	313	1	8	333	95	96	.	5
38	9	La4	A4	305	305	1	4	667	95	96	.	5.2
39	9	La4	A4	305	305	1	8	333	95	96	.	5.3
40	9	La4	A4	305	305	1	4	667	95	96	.	5.5
41	9	La4	A4	305	305	1	4	667	95	96	.	5.7
42	53			0	0	0	0	0	0	0		5.7
43	9	Do5	C5	318	318	1	8	333	95	96	.	5.8
44	9	Si4b2	B4b1	312	313	1	8	333	95	96	.	5.9
45	9	Re5	D5	327	327	1	8	333	95	96	.	6
46	9	La4	A4	305	305	1	4	667	95	96	.	6.2
47	9	La4	A4	305	305	1	8	333	95	96	.	6.3
48	9	La4	A4	305	305	1	4	667	95	96	.	6.5
49	53			0	0	0	0	0	0	0		6.5
50	9	Do5	C5	318	318	1	8	333	95	96	.	6.6
51	9	Si4b2	B4b1	312	313	1	8	333	95	96	.	6.7
52	9	La4	A4	305	305	1	4	667	95	96	.	6.9
53	9	Sol4	G4	296	296	1	8	333	95	96	.	7
54	9	La4	A4	305	305	3	16	500	95	96	.	7.15
55	9	Si4b2	B4b1	312	313	1	16	167	95	96	.	7.2
56	9	Do5	C5	318	318	1	8	333	95	96	.	7.3
57	9	Re5	D5	327	327	1	8	333	95	96	.	7.4
58	9	Mi5	E5	336	336	1	8	333	95	96	.	7.5
59	9	Fa5#3	F5#4	343	344	1	8	333	95	96	.	7.6
60	9	Sol5	G5	349	349	1	8	333	95	96	.	7.7
61	9	La5	A5	358	358	1	16	167	95	96	.	7.75
62	9	Si5b2	B5b1	365	366	1	16	167	95	96	.	7.8
63	9	La5	A5	358	358	1	16	167	95	96	.	7.85
64	9	Sol5	G5	349	349	1	16	167	95	96	.	7.9
65	9	Fa5#3	F5#4	343	344	1	16	167	95	96	.	7.95
66	9	Sol5	G5	349	349	1	16	167	95	96	.	8
67	9	La5	A5	358	358	1	4	667	95	96	ARANAÐME 	8.2
68	9	La5	A5	358	358	1	8	333	95	96	.	8.3
69	9	La5	A5	358	358	1	4	667	95	96	.	8.5
70	9	La5	A5	358	358	1	4	667	95	96	.	8.7
71	9	Sol5	G5	349	349	1	8	333	95	96	.	8.8
72	9	Fa5#3	F5#4	343	344	1	8	333	95	96	.	8.9
73	9	Mi5	E5	336	336	1	8	333	95	96	.	9
74	9	Re5	D5	327	327	1	4	667	95	96	.	9.2
75	9	Re5	D5	327	327	1	8	333	95	96	.	9.3
76	9	Re5	D5	327	327	1	4	667	95	96	.	9.5
77	9	Re5	D5	327	327	1	4	667	95	96	.	9.7
78	53			0	0	0	0	0	0	0		9.7
79	9	Re5	D5	327	327	1	8	333	95	96	.	9.8
80	9	Mi5	E5	336	336	1	8	333	95	96	.	9.9
81	9	Fa5#3	F5#4	343	344	1	8	333	95	96	.	10
82	9	Sol5	G5	349	349	1	4	667	95	96	.	10.2
83	9	Sol5	G5	349	349	1	8	333	95	96	.	10.3
84	9	Sol5	G5	349	349	1	4	667	95	96	.	10.5
85	9	Sol5	G5	349	349	1	4	667	95	96	.	10.7
86	9	Fa5	F5	340	340	1	8	333	95	96	.	10.8
87	9	Mi5	E5	336	336	1	8	333	95	96	.	10.9
88	9	Re5	D5	327	327	1	8	333	95	96	.	11
89	9	Do5	C5	318	318	1	4	667	95	96	.	11.2
90	9	Do5	C5	318	318	1	8	333	95	96	.	11.3
91	9	Do5	C5	318	318	1	4	667	95	96	.	11.5
92	9	Do5	C5	318	318	1	4	667	95	96	.	11.7
93	53			0	0	0	0	0	0	0		11.7
94	9	Si4b2	B4b1	312	313	1	8	333	95	96	.	11.8
95	9	Do5	C5	318	318	1	8	333	95	96	.	11.9
96	9	Re5	D5	327	327	1	8	333	95	96	.	12
97	9	Mi5	E5	336	336	1	4	667	95	96	.	12.2
98	9	Mi5	E5	336	336	1	8	333	95	96	.	12.3
99	9	Mi5	E5	336	336	1	4	667	95	96	.	12.5
100	9	Mi5	E5	336	336	1	4	667	95	96	.	12.7
101	9	Re5	D5	327	327	1	8	333	95	96	.	12.8
102	9	Do5	C5	318	318	1	8	333	95	96	.	12.9
103	9	Si4b2	B4b1	312	313	1	8	333	95	96	.	13
104	9	La4	A4	305	305	1	4	667	95	96	.	13.2
105	9	La4	A4	305	305	1	8	333	95	96	.	13.3
106	9	La4	A4	305	305	1	4	667	95	96	.	13.5
107	9	La4	A4	305	305	1	4	667	95	96	.	13.7
108	53			0	0	0	0	0	0	0		13.7
109	9	Do5	C5	318	318	1	8	333	95	96	.	13.8
110	9	Si4b2	B4b1	312	313	1	8	333	95	96	.	13.9
111	9	Re5	D5	327	327	1	8	333	95	96	.	14
112	9	La4	A4	305	305	1	4	667	95	96	.	14.2
113	9	La4	A4	305	305	1	8	333	95	96	.	14.3
114	9	La4	A4	305	305	1	4	667	95	96	.	14.5
115	53			0	0	0	0	0	0	0		14.5
116	9	Do5	C5	318	318	1	8	333	95	96	.	14.6
117	9	Si4b2	B4b1	312	313	1	8	333	95	96	.	14.7
118	9	La4	A4	305	305	1	4	667	95	96	.	14.9
119	9	Sol4	G4	296	296	1	8	333	95	96	.	15
120	9	La4	A4	305	305	3	16	500	95	96	.	15.15
121	9	Si4b2	B4b1	312	313	1	16	167	95	96	.	15.2
122	9	Do5	C5	318	318	1	8	333	95	96	.	15.3
123	9	Re5	D5	327	327	1	8	333	95	96	.	15.4
124	9	Mi5	E5	336	336	1	8	333	95	96	.	15.5
125	9	Fa5#3	F5#4	343	344	1	8	333	95	96	.	15.6
126	9	Sol5	G5	349	349	1	8	333	95	96	.	15.7
127	9	La5	A5	358	358	1	16	167	95	96	.	15.75
128	9	Si5b2	B5b1	365	366	1	16	167	95	96	.	15.8
129	9	La5	A5	358	358	1	16	167	95	96	.	15.85
130	9	Sol5	G5	349	349	1	16	167	95	96	.	15.9
131	9	Fa5#3	F5#4	343	344	1	16	167	95	96	.	15.95
132	9	Sol5	G5	349	349	1	16	167	95	96	.	16
133	9	La5	A5	358	358	1	4	667	95	96	.	16.2
134	53			0	0	0	0	0	0	0		16.2
135	9	Fa5#3	F5#4	343	344	1	8	333	95	96	Ba	16.3
136	9	Sol5	G5	349	349	1	4	667	95	96	tan 	16.5
137	9	La5	A5	358	358	1	4	667	95	96	gün 	16.7
138	9	La5	A5	358	358	3	8	1000	95	96	ka	17
139	9	La5	A5	358	358	3	8	1000	95	96	na 	17.3
140	9	La5	A5	358	358	1	4	667	95	96	ben	17.5
141	10	La5	A5	358	358	1	8	333	99	96	zi	17.6
142	8	Do6	C6	371	371	0	0	0	99	96		17.6
143	9	Si5b2	B5b1	365	366	1	16	167	99	96		17.65
144	11	La5	A5	358	358	1	16	167	95	96		17.7
145	9	La5	A5	358	358	1	4	667	95	96	yor  	17.9
146	53			0	0	0	0	0	0	0		17.9
147	9	La4	A4	305	305	1	16	167	95	96	SAZ	17.95
148	9	Sol4	G4	296	296	1	16	167	95	96	.	18
149	9	La4	A4	305	305	1	4	667	95	96	.	18.2
150	53			0	0	0	0	0	0	0		18.2
151	9	Fa5#3	F5#4	343	344	1	8	333	95	96	Ya	18.3
152	9	Sol5	G5	349	349	1	8	333	99	96	ra	18.4
153	9	La5	A5	358	358	1	8	333	95	96		18.5
154	9	La5	A5	358	358	1	4	667	95	96	lý 	18.7
155	9	La5	A5	358	358	1	4	667	99	96	câ	18.9
156	9	Sol5	G5	349	349	1	8	333	95	96		19
157	9	La5	A5	358	358	1	8	333	99	96	na 	19.1
158	9	Si5b2	B5b1	365	366	1	8	333	95	96		19.2
159	8	Si5b2	B5b1	365	366	0	0	0	95	96		19.2
160	9	Sol5	G5	349	349	1	4	667	99	96	ben	19.4
161	9	Fa5#3	F5#4	343	344	1	8	333	95	96		19.5
162	9	Sol5	G5	349	349	1	8	333	99	96	zi	19.6
163	9	La5	A5	358	358	1	8	333	95	96		19.7
164	8	La5	A5	358	358	0	0	0	95	96		19.7
165	9	Fa5#3	F5#4	343	344	1	4	667	99	96	yor  	19.9
166	9	Mi5	E5	336	336	1	8	333	95	96		20
167	53			0	0	0	0	0	0	0		20
168	9	Sol5	G5	349	349	1	4	667	99	96	Es	20.2
169	9	Mi5	E5	336	336	1	8	333	95	96		20.3
170	9	Mi5	E5	336	336	1	4	667	95	96	me	20.5
171	9	Mi5	E5	336	336	1	8	333	99	96	rim 	20.6
172	9	Re5	D5	327	327	1	8	333	95	96		20.7
173	9	Re5	D5	327	327	1	8	333	99	96	vay 	20.8
174	8	Fa5#3	F5#4	343	344	0	0	0	99	96		20.8
175	9	Mi5	E5	336	336	1	8	333	99	96		20.9
176	9	Re5	D5	327	327	1	8	333	95	96		21
177	9	Re5	D5	327	327	1	4	667	99	96	vay  	21.2
178	9	Re5	D5	327	327	1	8	333	99	96		21.3
179	9	Re5	D5	327	327	1	4	667	95	96		21.5
180	53			0	0	0	0	0	0	0		21.5
181	9	Do5	C5	318	318	1	8	333	95	96	SAZ	21.6
182	9	Si4b2	B4b1	312	313	1	8	333	95	96	.	21.7
183	9	La4	A4	305	305	3	16	500	95	96	.	21.85
184	9	Sol5	G5	349	349	1	16	167	95	96	.	21.9
185	9	Fa5#3	F5#4	343	344	1	16	167	95	96	.	21.95
186	9	Sol5	G5	349	349	1	16	167	95	96	.	22
187	9	La5	A5	358	358	1	4	667	95	96	.	22.2
188	53			0	0	0	0	0	0	0		22.2
189	9	Fa5#3	F5#4	343	344	1	8	333	95	96	Ba	22.3
190	9	Sol5	G5	349	349	1	4	667	95	96	tan 	22.5
191	9	La5	A5	358	358	1	4	667	95	96	gün 	22.7
192	9	La5	A5	358	358	3	8	1000	95	96	ka	23
193	9	La5	A5	358	358	3	8	1000	95	96	na 	23.3
194	9	La5	A5	358	358	1	4	667	95	96	ben	23.5
195	10	La5	A5	358	358	1	8	333	99	96	zi	23.6
196	8	Do6	C6	371	371	0	0	0	99	96		23.6
197	9	Si5b2	B5b1	365	366	1	16	167	99	96		23.65
198	11	La5	A5	358	358	1	16	167	95	96		23.7
199	9	La5	A5	358	358	1	4	667	95	96	yor  	23.9
200	53			0	0	0	0	0	0	0		23.9
201	9	La4	A4	305	305	1	16	167	95	96	SAZ	23.95
202	9	Sol4	G4	296	296	1	16	167	95	96	.	24
203	9	La4	A4	305	305	1	4	667	95	96	.	24.2
204	53			0	0	0	0	0	0	0		24.2
205	9	Fa5#3	F5#4	343	344	1	8	333	95	96	Ya	24.3
206	9	Sol5	G5	349	349	1	8	333	99	96	ra	24.4
207	9	La5	A5	358	358	1	8	333	95	96		24.5
208	9	La5	A5	358	358	1	4	667	95	96	lý 	24.7
209	9	La5	A5	358	358	1	4	667	99	96	câ	24.9
210	9	Sol5	G5	349	349	1	8	333	95	96		25
211	9	La5	A5	358	358	1	8	333	99	96	na 	25.1
212	9	Si5b2	B5b1	365	366	1	8	333	95	96		25.2
213	8	Si5b2	B5b1	365	366	0	0	0	95	96		25.2
214	9	Sol5	G5	349	349	1	4	667	99	96	ben	25.4
215	9	Fa5#3	F5#4	343	344	1	8	333	95	96		25.5
216	9	Sol5	G5	349	349	1	8	333	99	96	zi	25.6
217	9	La5	A5	358	358	1	8	333	95	96		25.7
218	8	La5	A5	358	358	0	0	0	95	96		25.7
219	9	Fa5#3	F5#4	343	344	1	4	667	99	96	yor  	25.9
220	9	Mi5	E5	336	336	1	8	333	95	96		26
221	53			0	0	0	0	0	0	0		26
222	9	Sol5	G5	349	349	1	4	667	99	96	Es	26.2
223	9	Mi5	E5	336	336	1	8	333	95	96		26.3
224	9	Mi5	E5	336	336	1	4	667	95	96	me	26.5
225	9	Mi5	E5	336	336	1	8	333	99	96	rim 	26.6
226	9	Re5	D5	327	327	1	8	333	95	96		26.7
227	9	Re5	D5	327	327	1	8	333	99	96	vay 	26.8
228	8	Fa5#3	F5#4	343	344	0	0	0	99	96		26.8
229	9	Mi5	E5	336	336	1	8	333	99	96		26.9
230	9	Re5	D5	327	327	1	8	333	95	96		27
231	9	Re5	D5	327	327	1	4	667	99	96	vay  	27.2
232	9	Re5	D5	327	327	1	8	333	99	96		27.3
233	9	Re5	D5	327	327	1	4	667	95	96		27.5
234	53			0	0	0	0	0	0	0		27.5
235	9	Do5	C5	318	318	1	8	333	95	96	SAZ	27.6
236	9	Re5	D5	327	327	1	8	333	95	96	.	27.7
237	9	Mi5	E5	336	336	1	4	667	95	96	.	27.9
238	9			-1	-1	1	8	333	100	0		28
239	53			0	0	0	0	0	0	0		28
240	54			0	0	0	0	0	0	0	karcigar@la4	28
241	9	Mi5	E5	336	336	3	8	1000	95	96	Ah 	28.3
242	9	Mi5	E5	336	336	1	4	667	95	96	e	28.5
243	9	Mi5	E5	336	336	1	8	333	99	96	di	28.6
244	9	Re5	D5	327	327	1	8	333	95	96		28.7
245	9	Mi5b3	E5b4	333	332	1	8	333	99	96	yor 	28.8
246	9	Re5	D5	327	327	1	8	333	99	96		28.9
247	9	Do5	C5	318	318	1	8	333	95	96		29
248	9	Re5	D5	327	327	1	4	667	99	96	bir 	29.2
249	9	Do5	C5	318	318	1	8	333	95	96		29.3
250	9	Mi5b3	E5b4	333	332	1	8	333	99	96	gül 	29.4
251	9	Re5	D5	327	327	1	8	333	95	96		29.5
252	9	Do5	C5	318	318	1	8	333	99	96	i	29.6
253	9	Si4b2	B4b1	312	313	1	8	333	95	96		29.7
254	55			0	0	0	0	0	0	0		29.7
255	53			0	0	0	0	0	0	0		29.7
256	9	Do5	C5	318	318	3	16	500	95	96	çin  	29.85
257	9	Re5	D5	327	327	1	16	167	95	96	SAZ	29.9
258	9	Mi5	E5	336	336	1	16	167	95	96	.	29.95
259	9	Fa5#3	F5#4	343	344	1	16	167	95	96	.	30
260	9	Sol5	G5	349	349	1	4	667	95	96	.	30.2
261	53			0	0	0	0	0	0	0		30.2
262	9	Fa5#3	F5#4	343	344	1	8	333	95	96	Þu 	30.3
263	9	Sol5	G5	349	349	1	4	667	95	96	bül	30.5
264	9	Sol5	G5	349	349	1	8	333	99	96	bül 	30.6
265	9	Fa5#3	F5#4	343	344	1	8	333	95	96		30.7
266	9	Sol5	G5	349	349	1	8	333	99	96	ba	30.8
267	9	Mi5	E5	336	336	1	8	333	99	96		30.9
268	9	Re5	D5	327	327	1	8	333	95	96		31
269	9	Re5	D5	327	327	1	4	667	99	96	na 	31.2
270	9	Si4b2	B4b1	312	313	1	8	333	95	96		31.3
271	9	Do5	C5	318	318	1	8	333	99	96	ben	31.4
272	9	Si4b2	B4b1	312	313	1	8	333	95	96		31.5
273	9	Do5	C5	318	318	1	8	333	99	96	zi	31.6
274	9	Re5	D5	327	327	1	8	333	95	96		31.7
275	8	Re5	D5	327	327	0	0	0	95	96		31.7
276	9	Si4b2	B4b1	312	313	1	4	667	99	96	yor  	31.9
277	9	La4	A4	305	305	1	8	333	95	96		32
278	53			0	0	0	0	0	0	0		32
279	9	Re5	D5	327	327	3	8	1000	95	96	Vay 	32.3
280	9	Re5	D5	327	327	1	4	667	95	96	be	32.5
281	9	Re5	D5	327	327	1	8	333	99	96	nim 	32.6
282	9	Mi5	E5	336	336	1	8	333	95	96		32.7
283	8	Mi5	E5	336	336	0	0	0	95	96		32.7
284	9	Do5	C5	318	318	1	4	667	99	96	ga	32.9
285	9	Si4b2	B4b1	312	313	1	8	333	95	96		33
286	9	Do5	C5	318	318	1	4	667	95	96	rip 	33.2
287	8	Si4b2	B4b1	312	313	0	0	0	95	96		33.2
288	9	Re5	D5	327	327	1	8	333	99	96	gön	33.3
289	9	Si4b2	B4b1	312	313	1	8	333	99	96		33.4
290	9	La4	A4	305	305	1	8	333	95	96		33.5
291	9	La4	A4	305	305	1	4	667	95	96	lüm  	33.7
292	53			0	0	0	0	0	0	0		33.7
293	9	Mi5	E5	336	336	3	8	1000	95	96	SAZ	34
294	54			0	0	0	0	0	0	0	karcigar@la4	34
295	9	Mi5	E5	336	336	3	8	1000	95	96	Ah 	34.3
296	9	Mi5	E5	336	336	1	4	667	95	96	e	34.5
297	9	Mi5	E5	336	336	1	8	333	99	96	di	34.6
298	9	Re5	D5	327	327	1	8	333	95	96		34.7
299	9	Mi5b3	E5b4	333	332	1	8	333	99	96	yor 	34.8
300	9	Re5	D5	327	327	1	8	333	99	96		34.9
301	9	Do5	C5	318	318	1	8	333	95	96		35
302	9	Re5	D5	327	327	1	4	667	99	96	bir 	35.2
303	9	Do5	C5	318	318	1	8	333	95	96		35.3
304	9	Mi5b3	E5b4	333	332	1	8	333	99	96	gül 	35.4
305	9	Re5	D5	327	327	1	8	333	95	96		35.5
306	9	Do5	C5	318	318	1	8	333	99	96	i	35.6
307	9	Si4b2	B4b1	312	313	1	8	333	95	96		35.7
308	55			0	0	0	0	0	0	0		35.7
309	53			0	0	0	0	0	0	0		35.7
310	9	Do5	C5	318	318	3	16	500	95	96	çin  	35.85
311	9	Re5	D5	327	327	1	16	167	95	96	SAZ	35.9
312	9	Mi5	E5	336	336	1	16	167	95	96	.	35.95
313	9	Fa5#3	F5#4	343	344	1	16	167	95	96	.	36
314	9	Sol5	G5	349	349	1	4	667	95	96	.	36.2
315	53			0	0	0	0	0	0	0		36.2
316	9	Fa5#3	F5#4	343	344	1	8	333	95	96	Þu 	36.3
317	9	Sol5	G5	349	349	1	4	667	95	96	bül	36.5
318	9	Sol5	G5	349	349	1	8	333	99	96	bül 	36.6
319	9	Fa5#3	F5#4	343	344	1	8	333	95	96		36.7
320	9	Sol5	G5	349	349	1	8	333	99	96	ba	36.8
321	9	Mi5	E5	336	336	1	8	333	99	96		36.9
322	9	Re5	D5	327	327	1	8	333	95	96		37
323	9	Re5	D5	327	327	1	4	667	99	96	na 	37.2
324	9	Si4b2	B4b1	312	313	1	8	333	95	96		37.3
325	9	Do5	C5	318	318	1	8	333	99	96	ben	37.4
326	9	Si4b2	B4b1	312	313	1	8	333	95	96		37.5
327	9	Do5	C5	318	318	1	8	333	99	96	zi	37.6
328	9	Re5	D5	327	327	1	8	333	95	96		37.7
329	8	Re5	D5	327	327	0	0	0	95	96		37.7
330	9	Si4b2	B4b1	312	313	1	4	667	99	96	yor  	37.9
331	9	La4	A4	305	305	1	8	333	95	96		38
332	53			0	0	0	0	0	0	0		38
333	9	Re5	D5	327	327	3	8	1000	95	96	Vay 	38.3
334	9	Re5	D5	327	327	1	4	667	95	96	be	38.5
335	9	Re5	D5	327	327	1	8	333	99	96	nim 	38.6
336	9	Mi5	E5	336	336	1	8	333	95	96		38.7
337	8	Mi5	E5	336	336	0	0	0	95	96		38.7
338	9	Do5	C5	318	318	1	4	667	99	96	ga	38.9
339	9	Si4b2	B4b1	312	313	1	8	333	95	96		39
340	9	Do5	C5	318	318	1	4	667	95	96	rip 	39.2
341	8	Si4b2	B4b1	312	313	0	0	0	95	96		39.2
342	9	Re5	D5	327	327	1	8	333	99	96	gön	39.3
343	9	Si4b2	B4b1	312	313	1	8	333	99	96		39.4
344	9	La4	A4	305	305	1	8	333	95	96		39.5
345	9	La4	A4	305	305	1	4	667	95	96	lüm  	39.7
346	53			0	0	0	0	0	0	0		39.7
347	9	Si4b2	B4b1	312	313	1	16	167	95	96	SAZ	39.75
348	9	Do5	C5	318	318	1	16	167	95	96	.	39.8
349	9	Re5	D5	327	327	1	16	167	95	96	.	39.85
350	9	Mi5	E5	336	336	1	16	167	95	96	.	39.9
351	9	Fa5#3	F5#4	343	344	1	16	167	95	96	.	39.95
352	9	Sol5	G5	349	349	1	16	167	95	96	.	40
353	9	La5	A5	358	358	1	4	667	95	96	ARANAÐME 	40.2
354	9	La5	A5	358	358	1	8	333	95	96	.	40.3
355	9	La5	A5	358	358	1	4	667	95	96	.	40.5
356	9	La5	A5	358	358	1	4	667	95	96	.	40.7
357	9	Sol5	G5	349	349	1	8	333	95	96	.	40.8
358	9	Fa5#3	F5#4	343	344	1	8	333	95	96	.	40.9
359	9	Mi5	E5	336	336	1	8	333	95	96	.	41
360	9	Re5	D5	327	327	1	4	667	95	96	.	41.2
361	9	Re5	D5	327	327	1	8	333	95	96	.	41.3
362	9	Re5	D5	327	327	1	4	667	95	96	.	41.5
363	9	Re5	D5	327	327	1	4	667	95	96	.	41.7
364	53			0	0	0	0	0	0	0		41.7
365	9	Re5	D5	327	327	1	8	333	95	96	.	41.8
366	9	Mi5	E5	336	336	1	8	333	95	96	.	41.9
367	9	Fa5#3	F5#4	343	344	1	8	333	95	96	.	42
368	9	Sol5	G5	349	349	1	4	667	95	96	.	42.2
369	9	Sol5	G5	349	349	1	8	333	95	96	.	42.3
370	9	Sol5	G5	349	349	1	4	667	95	96	.	42.5
371	9	Sol5	G5	349	349	1	4	667	95	96	.	42.7
372	9	Fa5	F5	340	340	1	8	333	95	96	.	42.8
373	9	Mi5	E5	336	336	1	8	333	95	96	.	42.9
374	9	Re5	D5	327	327	1	8	333	95	96	.	43
375	9	Do5	C5	318	318	1	4	667	95	96	.	43.2
376	9	Do5	C5	318	318	1	8	333	95	96	.	43.3
377	9	Do5	C5	318	318	1	4	667	95	96	.	43.5
378	9	Do5	C5	318	318	1	4	667	95	96	.	43.7
379	53			0	0	0	0	0	0	0		43.7
380	9	Si4b2	B4b1	312	313	1	8	333	95	96	.	43.8
381	9	Do5	C5	318	318	1	8	333	95	96	.	43.9
382	9	Re5	D5	327	327	1	8	333	95	96	.	44
383	9	Mi5	E5	336	336	1	4	667	95	96	.	44.2
384	9	Mi5	E5	336	336	1	8	333	95	96	.	44.3
385	9	Mi5	E5	336	336	1	4	667	95	96	.	44.5
386	9	Mi5	E5	336	336	1	4	667	95	96	.	44.7
387	9	Re5	D5	327	327	1	8	333	95	96	.	44.8
388	9	Do5	C5	318	318	1	8	333	95	96	.	44.9
389	9	Si4b2	B4b1	312	313	1	8	333	95	96	.	45
390	9	La4	A4	305	305	1	4	667	95	96	.	45.2
391	9	La4	A4	305	305	1	8	333	95	96	.	45.3
392	9	La4	A4	305	305	1	4	667	95	96	.	45.5
393	9	La4	A4	305	305	1	4	667	95	96	.	45.7
394	53			0	0	0	0	0	0	0		45.7
395	9	Do5	C5	318	318	1	8	333	95	96	.	45.8
396	9	Si4b2	B4b1	312	313	1	8	333	95	96	.	45.9
397	9	Re5	D5	327	327	1	8	333	95	96	.	46
398	9	La4	A4	305	305	1	4	667	95	96	.	46.2
399	9	La4	A4	305	305	1	8	333	95	96	.	46.3
400	9	La4	A4	305	305	1	4	667	95	96	.	46.5
401	53			0	0	0	0	0	0	0		46.5
402	9	Do5	C5	318	318	1	8	333	95	96	.	46.6
403	9	Si4b2	B4b1	312	313	1	8	333	95	96	.	46.7
404	9	La4	A4	305	305	1	4	667	95	96	.	46.9
405	9	Sol4	G4	296	296	1	8	333	95	96	.	47
406	9	La4	A4	305	305	3	16	500	95	96	.	47.15
407	9	Si4b2	B4b1	312	313	1	16	167	95	96	.	47.2
408	9	Do5	C5	318	318	1	8	333	95	96	.	47.3
409	9	Re5	D5	327	327	1	8	333	95	96	.	47.4
410	9	Mi5	E5	336	336	1	8	333	95	96	.	47.5
411	9	Fa5#3	F5#4	343	344	1	8	333	95	96	.	47.6
412	9	Sol5	G5	349	349	1	8	333	95	96	.	47.7
413	9	La5	A5	358	358	1	16	167	95	96	.	47.75
414	9	Si5b2	B5b1	365	366	1	16	167	95	96	.	47.8
415	9	La5	A5	358	358	1	16	167	95	96	.	47.85
416	9	Sol5	G5	349	349	1	16	167	95	96	.	47.9
417	9	Fa5#3	F5#4	343	344	1	16	167	95	96	.	47.95
418	9	Sol5	G5	349	349	1	16	167	95	96	.	48
419	9	La5	A5	358	358	1	4	667	95	96	ARANAÐME 	48.2
420	9	La5	A5	358	358	1	8	333	95	96	.	48.3
421	9	La5	A5	358	358	1	4	667	95	96	.	48.5
422	9	La5	A5	358	358	1	4	667	95	96	.	48.7
423	9	Sol5	G5	349	349	1	8	333	95	96	.	48.8
424	9	Fa5#3	F5#4	343	344	1	8	333	95	96	.	48.9
425	9	Mi5	E5	336	336	1	8	333	95	96	.	49
426	9	Re5	D5	327	327	1	4	667	95	96	.	49.2
427	9	Re5	D5	327	327	1	8	333	95	96	.	49.3
428	9	Re5	D5	327	327	1	4	667	95	96	.	49.5
429	9	Re5	D5	327	327	1	4	667	95	96	.	49.7
430	53			0	0	0	0	0	0	0		49.7
431	9	Re5	D5	327	327	1	8	333	95	96	.	49.8
432	9	Mi5	E5	336	336	1	8	333	95	96	.	49.9
433	9	Fa5#3	F5#4	343	344	1	8	333	95	96	.	50
434	9	Sol5	G5	349	349	1	4	667	95	96	.	50.2
435	9	Sol5	G5	349	349	1	8	333	95	96	.	50.3
436	9	Sol5	G5	349	349	1	4	667	95	96	.	50.5
437	9	Sol5	G5	349	349	1	4	667	95	96	.	50.7
438	9	Fa5	F5	340	340	1	8	333	95	96	.	50.8
439	9	Mi5	E5	336	336	1	8	333	95	96	.	50.9
440	9	Re5	D5	327	327	1	8	333	95	96	.	51
441	9	Do5	C5	318	318	1	4	667	95	96	.	51.2
442	9	Do5	C5	318	318	1	8	333	95	96	.	51.3
443	9	Do5	C5	318	318	1	4	667	95	96	.	51.5
444	9	Do5	C5	318	318	1	4	667	95	96	.	51.7
445	53			0	0	0	0	0	0	0		51.7
446	9	Si4b2	B4b1	312	313	1	8	333	95	96	.	51.8
447	9	Do5	C5	318	318	1	8	333	95	96	.	51.9
448	9	Re5	D5	327	327	1	8	333	95	96	.	52
449	9	Mi5	E5	336	336	1	4	667	95	96	.	52.2
450	9	Mi5	E5	336	336	1	8	333	95	96	.	52.3
451	9	Mi5	E5	336	336	1	4	667	95	96	.	52.5
452	9	Mi5	E5	336	336	1	4	667	95	96	.	52.7
453	9	Re5	D5	327	327	1	8	333	95	96	.	52.8
454	9	Do5	C5	318	318	1	8	333	95	96	.	52.9
455	9	Si4b2	B4b1	312	313	1	8	333	95	96	.	53
456	9	La4	A4	305	305	1	4	667	95	96	.	53.2
457	9	La4	A4	305	305	1	8	333	95	96	.	53.3
458	9	La4	A4	305	305	1	4	667	95	96	.	53.5
459	9	La4	A4	305	305	1	4	667	95	96	.	53.7
460	53			0	0	0	0	0	0	0		53.7
461	9	Do5	C5	318	318	1	8	333	95	96	.	53.8
462	9	Si4b2	B4b1	312	313	1	8	333	95	96	.	53.9
463	9	Re5	D5	327	327	1	8	333	95	96	.	54
464	9	La4	A4	305	305	1	4	667	95	96	.	54.2
465	9	La4	A4	305	305	1	8	333	95	96	.	54.3
466	9	La4	A4	305	305	1	4	667	95	96	.	54.5
467	53			0	0	0	0	0	0	0		54.5
468	9	Do5	C5	318	318	1	8	333	95	96	.	54.6
469	9	Si4b2	B4b1	312	313	1	8	333	95	96	.	54.7
470	9	La4	A4	305	305	1	4	667	95	96	.	54.9
471	9	Sol4	G4	296	296	1	8	333	95	96	.	55
472	9	La4	A4	305	305	3	16	500	95	96	.	55.15
473	9	Si4b2	B4b1	312	313	1	16	167	95	96	.	55.2
474	9	Do5	C5	318	318	1	8	333	95	96	.	55.3
475	9	Re5	D5	327	327	1	8	333	95	96	.	55.4
476	9	Mi5	E5	336	336	1	8	333	95	96	.	55.5
477	9	Fa5#3	F5#4	343	344	1	8	333	95	96	.	55.6
478	9	Sol5	G5	349	349	1	8	333	95	96	.	55.7
479	9	La5	A5	358	358	1	16	167	95	96	.	55.75
480	9	Si5b2	B5b1	365	366	1	16	167	95	96	.	55.8
481	9	La5	A5	358	358	1	16	167	95	96	.	55.85
482	9	Sol5	G5	349	349	1	16	167	95	96	.	55.9
483	9	Fa5#3	F5#4	343	344	1	16	167	95	96	.	55.95
484	9	Sol5	G5	349	349	1	16	167	95	96	.	56
485	9	La5	A5	358	358	1	4	667	95	96	.	56.2
486	53			0	0	0	0	0	0	0		56.2
487	9	Fa5#3	F5#4	343	344	1	8	333	95	96	Ba	56.3
488	9	Sol5	G5	349	349	1	4	667	95	96	tan 	56.5
489	9	La5	A5	358	358	1	4	667	95	96	gün 	56.7
490	9	La5	A5	358	358	3	8	1000	95	96	ka	57
491	9	La5	A5	358	358	3	8	1000	95	96	na 	57.3
492	9	La5	A5	358	358	1	4	667	95	96	ben	57.5
493	10	La5	A5	358	358	1	8	333	99	96	zi	57.6
494	8	Do6	C6	371	371	0	0	0	99	96		57.6
495	9	Si5b2	B5b1	365	366	1	16	167	99	96		57.65
496	11	La5	A5	358	358	1	16	167	95	96		57.7
497	9	La5	A5	358	358	1	4	667	95	96	yor  	57.9
498	53			0	0	0	0	0	0	0		57.9
499	9	La4	A4	305	305	1	16	167	95	96	SAZ	57.95
500	9	Sol4	G4	296	296	1	16	167	95	96	.	58
501	9	La4	A4	305	305	1	4	667	95	96	.	58.2
502	53			0	0	0	0	0	0	0		58.2
503	9	Fa5#3	F5#4	343	344	1	8	333	95	96	Ya	58.3
504	9	Sol5	G5	349	349	1	8	333	99	96	ra	58.4
505	9	La5	A5	358	358	1	8	333	95	96		58.5
506	9	La5	A5	358	358	1	4	667	95	96	lý 	58.7
507	9	La5	A5	358	358	1	4	667	99	96	câ	58.9
508	9	Sol5	G5	349	349	1	8	333	95	96		59
509	9	La5	A5	358	358	1	8	333	99	96	na 	59.1
510	9	Si5b2	B5b1	365	366	1	8	333	95	96		59.2
511	8	Si5b2	B5b1	365	366	0	0	0	95	96		59.2
512	9	Sol5	G5	349	349	1	4	667	99	96	ben	59.4
513	9	Fa5#3	F5#4	343	344	1	8	333	95	96		59.5
514	9	Sol5	G5	349	349	1	8	333	99	96	zi	59.6
515	9	La5	A5	358	358	1	8	333	95	96		59.7
516	8	La5	A5	358	358	0	0	0	95	96		59.7
517	9	Fa5#3	F5#4	343	344	1	4	667	99	96	yor  	59.9
518	9	Mi5	E5	336	336	1	8	333	95	96		60
519	53			0	0	0	0	0	0	0		60
520	9	Sol5	G5	349	349	1	4	667	99	96	Es	60.2
521	9	Mi5	E5	336	336	1	8	333	95	96		60.3
522	9	Mi5	E5	336	336	1	4	667	95	96	me	60.5
523	9	Mi5	E5	336	336	1	8	333	99	96	rim 	60.6
524	9	Re5	D5	327	327	1	8	333	95	96		60.7
525	9	Re5	D5	327	327	1	8	333	99	96	vay 	60.8
526	8	Fa5#3	F5#4	343	344	0	0	0	99	96		60.8
527	9	Mi5	E5	336	336	1	8	333	99	96		60.9
528	9	Re5	D5	327	327	1	8	333	95	96		61
529	9	Re5	D5	327	327	1	4	667	99	96	vay  	61.2
530	9	Re5	D5	327	327	1	8	333	99	96		61.3
531	9	Re5	D5	327	327	1	4	667	95	96		61.5
532	53			0	0	0	0	0	0	0		61.5
533	9	Do5	C5	318	318	1	8	333	95	96	SAZ	61.6
534	9	Si4b2	B4b1	312	313	1	8	333	95	96	.	61.7
535	9	La4	A4	305	305	3	16	500	95	96	.	61.85
536	9	Sol5	G5	349	349	1	16	167	95	96	.	61.9
537	9	Fa5#3	F5#4	343	344	1	16	167	95	96	.	61.95
538	9	Sol5	G5	349	349	1	16	167	95	96	.	62
539	9	La5	A5	358	358	1	4	667	95	96	.	62.2
540	53			0	0	0	0	0	0	0		62.2
541	9	Fa5#3	F5#4	343	344	1	8	333	95	96	Ba	62.3
542	9	Sol5	G5	349	349	1	4	667	95	96	tan 	62.5
543	9	La5	A5	358	358	1	4	667	95	96	gün 	62.7
544	9	La5	A5	358	358	3	8	1000	95	96	ka	63
545	9	La5	A5	358	358	3	8	1000	95	96	na 	63.3
546	9	La5	A5	358	358	1	4	667	95	96	ben	63.5
547	10	La5	A5	358	358	1	8	333	99	96	zi	63.6
548	8	Do6	C6	371	371	0	0	0	99	96		63.6
549	9	Si5b2	B5b1	365	366	1	16	167	99	96		63.65
550	11	La5	A5	358	358	1	16	167	95	96		63.7
551	9	La5	A5	358	358	1	4	667	95	96	yor  	63.9
552	53			0	0	0	0	0	0	0		63.9
553	9	La4	A4	305	305	1	16	167	95	96	SAZ	63.95
554	9	Sol4	G4	296	296	1	16	167	95	96	.	64
555	9	La4	A4	305	305	1	4	667	95	96	.	64.2
556	53			0	0	0	0	0	0	0		64.2
557	9	Fa5#3	F5#4	343	344	1	8	333	95	96	Ya	64.3
558	9	Sol5	G5	349	349	1	8	333	99	96	ra	64.4
559	9	La5	A5	358	358	1	8	333	95	96		64.5
560	9	La5	A5	358	358	1	4	667	95	96	lý 	64.7
561	9	La5	A5	358	358	1	4	667	99	96	câ	64.9
562	9	Sol5	G5	349	349	1	8	333	95	96		65
563	9	La5	A5	358	358	1	8	333	99	96	na 	65.1
564	9	Si5b2	B5b1	365	366	1	8	333	95	96		65.2
565	8	Si5b2	B5b1	365	366	0	0	0	95	96		65.2
566	9	Sol5	G5	349	349	1	4	667	99	96	ben	65.4
567	9	Fa5#3	F5#4	343	344	1	8	333	95	96		65.5
568	9	Sol5	G5	349	349	1	8	333	99	96	zi	65.6
569	9	La5	A5	358	358	1	8	333	95	96		65.7
570	8	La5	A5	358	358	0	0	0	95	96		65.7
571	9	Fa5#3	F5#4	343	344	1	4	667	99	96	yor  	65.9
572	9	Mi5	E5	336	336	1	8	333	95	96		66
573	53			0	0	0	0	0	0	0		66
574	9	Sol5	G5	349	349	1	4	667	99	96	Es	66.2
575	9	Mi5	E5	336	336	1	8	333	95	96		66.3
576	9	Mi5	E5	336	336	1	4	667	95	96	me	66.5
577	9	Mi5	E5	336	336	1	8	333	99	96	rim 	66.6
578	9	Re5	D5	327	327	1	8	333	95	96		66.7
579	9	Re5	D5	327	327	1	8	333	99	96	vay 	66.8
580	8	Fa5#3	F5#4	343	344	0	0	0	99	96		66.8
581	9	Mi5	E5	336	336	1	8	333	99	96		66.9
582	9	Re5	D5	327	327	1	8	333	95	96		67
583	9	Re5	D5	327	327	1	4	667	99	96	vay  	67.2
584	9	Re5	D5	327	327	1	8	333	99	96		67.3
585	9	Re5	D5	327	327	1	4	667	95	96		67.5
586	53			0	0	0	0	0	0	0		67.5
587	9	Do5	C5	318	318	1	8	333	95	96	SAZ	67.6
588	9	Re5	D5	327	327	1	8	333	95	96	.	67.7
589	9	Mi5	E5	336	336	1	4	667	95	96	.	67.9
590	9			-1	-1	1	8	333	100	0		68
591	53			0	0	0	0	0	0	0		68
592	54			0	0	0	0	0	0	0	karcigar@la4	68
593	9	Mi5	E5	336	336	3	8	1000	95	96	Ah 	68.3
594	9	Mi5	E5	336	336	1	4	667	95	96	e	68.5
595	9	Mi5	E5	336	336	1	8	333	99	96	di	68.6
596	9	Re5	D5	327	327	1	8	333	95	96		68.7
597	9	Mi5b3	E5b4	333	332	1	8	333	99	96	yor 	68.8
598	9	Re5	D5	327	327	1	8	333	99	96		68.9
599	9	Do5	C5	318	318	1	8	333	95	96		69
600	9	Re5	D5	327	327	1	4	667	99	96	bir 	69.2
601	9	Do5	C5	318	318	1	8	333	95	96		69.3
602	9	Mi5b3	E5b4	333	332	1	8	333	99	96	gül 	69.4
603	9	Re5	D5	327	327	1	8	333	95	96		69.5
604	9	Do5	C5	318	318	1	8	333	99	96	i	69.6
605	9	Si4b2	B4b1	312	313	1	8	333	95	96		69.7
606	55			0	0	0	0	0	0	0		69.7
607	53			0	0	0	0	0	0	0		69.7
608	9	Do5	C5	318	318	3	16	500	95	96	çin  	69.85
609	9	Re5	D5	327	327	1	16	167	95	96	SAZ	69.9
610	9	Mi5	E5	336	336	1	16	167	95	96	.	69.95
611	9	Fa5#3	F5#4	343	344	1	16	167	95	96	.	70
612	9	Sol5	G5	349	349	1	4	667	95	96	.	70.2
613	53			0	0	0	0	0	0	0		70.2
614	9	Fa5#3	F5#4	343	344	1	8	333	95	96	Þu 	70.3
615	9	Sol5	G5	349	349	1	4	667	95	96	bül	70.5
616	9	Sol5	G5	349	349	1	8	333	99	96	bül 	70.6
617	9	Fa5#3	F5#4	343	344	1	8	333	95	96		70.7
618	9	Sol5	G5	349	349	1	8	333	99	96	ba	70.8
619	9	Mi5	E5	336	336	1	8	333	99	96		70.9
620	9	Re5	D5	327	327	1	8	333	95	96		71
621	9	Re5	D5	327	327	1	4	667	99	96	na 	71.2
622	9	Si4b2	B4b1	312	313	1	8	333	95	96		71.3
623	9	Do5	C5	318	318	1	8	333	99	96	ben	71.4
624	9	Si4b2	B4b1	312	313	1	8	333	95	96		71.5
625	9	Do5	C5	318	318	1	8	333	99	96	zi	71.6
626	9	Re5	D5	327	327	1	8	333	95	96		71.7
627	8	Re5	D5	327	327	0	0	0	95	96		71.7
628	9	Si4b2	B4b1	312	313	1	4	667	99	96	yor  	71.9
629	9	La4	A4	305	305	1	8	333	95	96		72
630	53			0	0	0	0	0	0	0		72
631	9	Re5	D5	327	327	3	8	1000	95	96	Vay 	72.3
632	9	Re5	D5	327	327	1	4	667	95	96	be	72.5
633	9	Re5	D5	327	327	1	8	333	99	96	nim 	72.6
634	9	Mi5	E5	336	336	1	8	333	95	96		72.7
635	8	Mi5	E5	336	336	0	0	0	95	96		72.7
636	9	Do5	C5	318	318	1	4	667	99	96	ga	72.9
637	9	Si4b2	B4b1	312	313	1	8	333	95	96		73
638	9	Do5	C5	318	318	1	4	667	95	96	rip 	73.2
639	8	Si4b2	B4b1	312	313	0	0	0	95	96		73.2
640	9	Re5	D5	327	327	1	8	333	99	96	gön	73.3
641	9	Si4b2	B4b1	312	313	1	8	333	99	96		73.4
642	9	La4	A4	305	305	1	8	333	95	96		73.5
643	9	La4	A4	305	305	1	4	667	95	96	lüm  	73.7
644	53			0	0	0	0	0	0	0		73.7
645	9	Mi5	E5	336	336	3	8	1000	95	96	SAZ	74
646	54			0	0	0	0	0	0	0	karcigar@la4	74
647	9	Mi5	E5	336	336	3	8	1000	95	96	Ah 	74.3
648	9	Mi5	E5	336	336	1	4	667	95	96	e	74.5
649	9	Mi5	E5	336	336	1	8	333	99	96	di	74.6
650	9	Re5	D5	327	327	1	8	333	95	96		74.7
651	9	Mi5b3	E5b4	333	332	1	8	333	99	96	yor 	74.8
652	9	Re5	D5	327	327	1	8	333	99	96		74.9
653	9	Do5	C5	318	318	1	8	333	95	96		75
654	9	Re5	D5	327	327	1	4	667	99	96	bir 	75.2
655	9	Do5	C5	318	318	1	8	333	95	96		75.3
656	9	Mi5b3	E5b4	333	332	1	8	333	99	96	gül 	75.4
657	9	Re5	D5	327	327	1	8	333	95	96		75.5
658	9	Do5	C5	318	318	1	8	333	99	96	i	75.6
659	9	Si4b2	B4b1	312	313	1	8	333	95	96		75.7
660	55			0	0	0	0	0	0	0		75.7
661	53			0	0	0	0	0	0	0		75.7
662	9	Do5	C5	318	318	3	16	500	95	96	çin  	75.85
663	9	Re5	D5	327	327	1	16	167	95	96	SAZ	75.9
664	9	Mi5	E5	336	336	1	16	167	95	96	.	75.95
665	9	Fa5#3	F5#4	343	344	1	16	167	95	96	.	76
666	9	Sol5	G5	349	349	1	4	667	95	96	.	76.2
667	53			0	0	0	0	0	0	0		76.2
668	9	Fa5#3	F5#4	343	344	1	8	333	95	96	Þu 	76.3
669	9	Sol5	G5	349	349	1	4	667	95	96	bül	76.5
670	9	Sol5	G5	349	349	1	8	333	99	96	bül 	76.6
671	9	Fa5#3	F5#4	343	344	1	8	333	95	96		76.7
672	9	Sol5	G5	349	349	1	8	333	99	96	ba	76.8
673	9	Mi5	E5	336	336	1	8	333	99	96		76.9
674	9	Re5	D5	327	327	1	8	333	95	96		77
675	9	Re5	D5	327	327	1	4	667	99	96	na 	77.2
676	9	Si4b2	B4b1	312	313	1	8	333	95	96		77.3
677	9	Do5	C5	318	318	1	8	333	99	96	ben	77.4
678	9	Si4b2	B4b1	312	313	1	8	333	95	96		77.5
679	9	Do5	C5	318	318	1	8	333	99	96	zi	77.6
680	9	Re5	D5	327	327	1	8	333	95	96		77.7
681	8	Re5	D5	327	327	0	0	0	95	96		77.7
682	9	Si4b2	B4b1	312	313	1	4	667	99	96	yor  	77.9
683	9	La4	A4	305	305	1	8	333	95	96		78
684	53			0	0	0	0	0	0	0		78
685	9	Re5	D5	327	327	3	8	1000	95	96	Vay 	78.3
686	9	Re5	D5	327	327	1	4	667	95	96	be	78.5
687	9	Re5	D5	327	327	1	8	333	99	96	nim 	78.6
688	9	Mi5	E5	336	336	1	8	333	95	96		78.7
689	8	Mi5	E5	336	336	0	0	0	95	96		78.7
690	9	Do5	C5	318	318	1	4	667	99	96	ga	78.9
691	9	Si4b2	B4b1	312	313	1	8	333	95	96		79
692	9	Do5	C5	318	318	1	4	667	95	96	rip 	79.2
693	8	Si4b2	B4b1	312	313	0	0	0	95	96		79.2
694	9	Re5	D5	327	327	1	8	333	99	96	gön	79.3
695	9	Si4b2	B4b1	312	313	1	8	333	99	96	KARAR	79.4
696	9	La4	A4	305	305	1	8	333	95	96		79.5
697	9	La4	A4	305	305	1	2	1333	95	96	lüm  	79.9
698	9			-1	-1	1	8	333	100	0		80
699	53			0	0	0	0	0	0	0		80
