Sýra	Kod	Nota53	NotaAE	Koma53	KomaAE	Pay	Payda	Ms	LNS	Bas	Soz1	Offset
1	9	Sol4	G4	296	296	1	4	606	95	96	ARANAÐME	0.2222222
2	9	Si4b1	B4b1	313	313	1	4	606	95	96	.	0.4444444
3	9			-1	-1	1	4	606	100	0	.	0.6666667
4	9	Si4b1	B4b1	313	313	1	8	303	95	96	.	0.7777778
5	9	La4	A4	305	305	1	8	303	95	96	.	0.8888889
6	9	Sol4	G4	296	296	1	8	303	95	96	.	1
7	53			0	0	0	0	0	0	0		1
8	9	La4	A4	305	305	1	8	303	95	96	.	1.111111
9	9	Si4b1	B4b1	313	313	1	8	303	95	96	.	1.222222
10	9	Do5	C5	318	318	1	4	606	95	96	.	1.444444
11	9			-1	-1	1	4	606	100	0	.	1.666667
12	9	Do5	C5	318	318	1	8	303	95	96	.	1.777778
13	9	Si4b1	B4b1	313	313	1	8	303	95	96	.	1.888889
14	9	La4	A4	305	305	1	8	303	95	96	.	2
15	53			0	0	0	0	0	0	0		2
16	9	Si4b1	B4b1	313	313	1	8	303	95	96	.	2.111111
17	9	Do5	C5	318	318	1	8	303	95	96	.	2.222222
18	9	Re5	D5	327	327	1	8	303	95	96	.	2.333333
19	9	Mi5	E5	336	336	1	8	303	95	96	.	2.444444
20	9	Re5	D5	327	327	1	8	303	95	96	.	2.555556
21	9	Do5	C5	318	318	1	8	303	95	96	.	2.666667
22	9	Si4b1	B4b1	313	313	3	16	455	95	96	.	2.833333
23	9	La4	A4	305	305	1	16	152	95	96	.	2.888889
24	9	Sol4	G4	296	296	1	8	303	95	96	.	3
25	53			0	0	0	0	0	0	0		3
26	9	La4	A4	305	305	1	8	303	95	96	.	3.111111
27	9	Do5	C5	318	318	1	8	303	95	96	.	3.222222
28	9	Si4b1	B4b1	313	313	1	8	303	95	96	.	3.333333
29	9	La4	A4	305	305	1	8	303	95	96	.	3.444444
30	9	Sol4	G4	296	296	1	8	303	95	96	.	3.555556
31	9	La4#4	A4#4	309	309	1	8	303	95	96	.	3.666667
32	9	Si4b1	B4b1	313	313	1	4	606	95	96	.	3.888889
33	9			-1	-1	1	8	303	100	0		4
34	53			0	0	0	0	0	0	0		4
35	9	Sol4	G4	296	296	1	4	606	95	96	ARANAÐME	4.222222
36	9	Si4b1	B4b1	313	313	1	4	606	95	96	.	4.444445
37	9			-1	-1	1	4	606	100	0	.	4.666667
38	9	Si4b1	B4b1	313	313	1	8	303	95	96	.	4.777778
39	9	La4	A4	305	305	1	8	303	95	96	.	4.888889
40	9	Sol4	G4	296	296	1	8	303	95	96	.	5
41	53			0	0	0	0	0	0	0		5
42	9	La4	A4	305	305	1	8	303	95	96	.	5.111111
43	9	Si4b1	B4b1	313	313	1	8	303	95	96	.	5.222222
44	9	Do5	C5	318	318	1	4	606	95	96	.	5.444445
45	9			-1	-1	1	4	606	100	0	.	5.666667
46	9	Do5	C5	318	318	1	8	303	95	96	.	5.777778
47	9	Si4b1	B4b1	313	313	1	8	303	95	96	.	5.888889
48	9	La4	A4	305	305	1	8	303	95	96	.	6
49	53			0	0	0	0	0	0	0		6
50	9	Si4b1	B4b1	313	313	1	8	303	95	96	.	6.111111
51	9	Do5	C5	318	318	1	8	303	95	96	.	6.222222
52	9	Re5	D5	327	327	1	8	303	95	96	.	6.333333
53	9	Mi5	E5	336	336	1	8	303	95	96	.	6.444445
54	9	Re5	D5	327	327	1	8	303	95	96	.	6.555555
55	9	Do5	C5	318	318	1	8	303	95	96	.	6.666667
56	9	Si4b1	B4b1	313	313	3	16	455	95	96	.	6.833333
57	9	La4	A4	305	305	1	16	152	95	96	.	6.888889
58	9	Sol4	G4	296	296	1	8	303	95	96	.	7
59	53			0	0	0	0	0	0	0		7
60	9	Sol4	G4	296	296	1	8	303	95	96	.	7.111111
61	9	Do5	C5	318	318	1	8	303	95	96	.	7.222222
62	9	Si4b1	B4b1	313	313	1	8	303	95	96	.	7.333333
63	9	La4	A4	305	305	1	8	303	95	96	.	7.444445
64	9	Sol4	G4	296	296	1	8	303	95	96	.	7.555555
65	9	Fa4#4	F4#4	291	291	1	8	303	95	96	.	7.666667
66	9	Sol4	G4	296	296	1	4	606	95	96	.	7.888889
67	9			-1	-1	1	8	303	100	0		8
68	53			0	0	0	0	0	0	0		8
69	9	Sol4	G4	296	296	3	8	909	99	96	Bin 	8.333333
70	9	La4	A4	305	305	1	8	303	95	96		8.444445
71	9	Si4b1	B4b1	313	313	1	8	303	99	96	cân_	8.555555
72	9	La4	A4	305	305	1	8	303	99	96		8.666667
73	9	Do5	C5	318	318	1	4	606	99	96		8.888889
74	9	Si4b1	B4b1	313	313	1	8	303	95	96		9
75	9	Re5	D5	327	327	1	16	152	99	96	i	9.055555
76	9	Do5	C5	318	318	1	16	152	99	96		9.111111
77	9	Re5	D5	327	327	1	16	152	99	96		9.166667
78	9	Mi5	E5	336	336	1	16	152	99	96		9.222222
79	9	Re5	D5	327	327	1	8	303	99	96		9.333333
80	9	Do5	C5	318	318	1	8	303	95	96		9.444445
81	9	Si4b1	B4b1	313	313	3	16	455	99	96	le 	9.611111
82	9	La4	A4	305	305	1	16	152	99	96		9.666667
83	9	Sol4	G4	296	296	3	8	909	95	96		10
84	53			0	0	0	0	0	0	0		10
85	9	Re5	D5	327	327	3	8	909	99	96	sev	10.33333
86	9	Mi5	E5	336	336	1	8	303	95	96		10.44444
87	9	Sol5	G5	349	349	1	8	303	99	96	dim 	10.55556
88	9	Fa5	F5	340	340	1	8	303	99	96		10.66667
89	9	Mi5	E5	336	336	1	4	606	99	96		10.88889
90	9	Re5	D5	327	327	1	8	303	95	96		11
91	9	Re5	D5	327	327	1	16	152	99	96	se	11.05556
92	9	Do5	C5	318	318	1	16	152	99	96		11.11111
93	9	Re5	D5	327	327	1	16	152	99	96		11.16667
94	9	Mi5	E5	336	336	1	16	152	99	96		11.22222
95	9	Re5	D5	327	327	1	8	303	99	96		11.33333
96	9	Do5	C5	318	318	1	8	303	95	96		11.44444
97	9	Si4b1	B4b1	313	313	3	16	455	99	96	ni  	11.61111
98	9	La4	A4	305	305	1	16	152	99	96		11.66667
99	9	Sol4	G4	296	296	1	4	606	95	96		11.88889
100	9			-1	-1	1	8	303	100	0		12
101	53			0	0	0	0	0	0	0		12
102	9	Sol4	G4	296	296	3	8	909	99	96	Bin 	12.33333
103	9	La4	A4	305	305	1	8	303	95	96		12.44444
104	9	Si4b1	B4b1	313	313	1	8	303	99	96	cân_	12.55556
105	9	La4	A4	305	305	1	8	303	99	96		12.66667
106	9	Do5	C5	318	318	1	4	606	99	96		12.88889
107	9	Si4b1	B4b1	313	313	1	8	303	95	96		13
108	9	Re5	D5	327	327	1	16	152	99	96	i	13.05556
109	9	Do5	C5	318	318	1	16	152	99	96		13.11111
110	9	Re5	D5	327	327	1	16	152	99	96		13.16667
111	9	Mi5	E5	336	336	1	16	152	99	96		13.22222
112	9	Re5	D5	327	327	1	8	303	99	96		13.33333
113	9	Do5	C5	318	318	1	8	303	95	96		13.44444
114	9	Si4b1	B4b1	313	313	3	16	455	99	96	le 	13.61111
115	9	La4	A4	305	305	1	16	152	99	96		13.66667
116	9	Sol4	G4	296	296	3	8	909	95	96		14
117	53			0	0	0	0	0	0	0		14
118	9	Re5	D5	327	327	3	8	909	99	96	sev	14.33333
119	9	Mi5	E5	336	336	1	8	303	95	96		14.44444
120	9	Sol5	G5	349	349	1	8	303	99	96	dim 	14.55556
121	9	Fa5	F5	340	340	1	8	303	99	96		14.66667
122	9	Mi5	E5	336	336	1	4	606	99	96		14.88889
123	9	Re5	D5	327	327	1	8	303	95	96		15
124	9	Re5	D5	327	327	1	16	152	99	96	se	15.05556
125	9	Do5	C5	318	318	1	16	152	99	96		15.11111
126	9	Re5	D5	327	327	1	16	152	99	96		15.16667
127	9	Mi5	E5	336	336	1	16	152	99	96		15.22222
128	9	Re5	D5	327	327	1	8	303	99	96		15.33333
129	9	Do5	C5	318	318	1	8	303	95	96		15.44444
130	9	Si4b1	B4b1	313	313	3	16	455	99	96	ni  	15.61111
131	9	La4#4	A4#4	309	309	1	16	152	99	96		15.66667
132	9	Si4b1	B4b1	313	313	1	4	606	95	96		15.88889
133	9			-1	-1	1	8	303	100	0		16
134	53			0	0	0	0	0	0	0		16
135	9	Sol4	G4	296	296	1	2	1212	95	96	Lûtf_	16.44444
136	9	La5	A5	358	358	1	8	303	99	96	ey	16.55556
137	9	Sol5	G5	349	349	1	8	303	99	96		16.66667
138	9	Fa5	F5	340	340	1	8	303	99	96		16.77778
139	9	Mi5	E5	336	336	1	8	303	99	96		16.88889
140	9	Re5	D5	327	327	1	8	303	95	96		17
141	9	Re5	D5	327	327	1	8	303	99	96	le 	17.11111
142	9	Fa5	F5	340	340	1	8	303	99	96		17.22222
143	9	Mi5	E5	336	336	1	8	303	99	96		17.33333
144	9	Re5	D5	327	327	1	8	303	95	96		17.44444
145	9	Re5	D5	327	327	1	8	303	99	96	þâd_	17.55556
146	9	Do5	C5	318	318	1	8	303	99	96		17.66667
147	9	Si4b1	B4b1	313	313	3	16	455	99	96		17.83333
148	9	La4	A4	305	305	1	16	152	99	96		17.88889
149	9	Sol4	G4	296	296	1	8	303	95	96		18
150	9	La4	A4	305	305	3	8	909	99	96	et	18.33333
151	53			0	0	0	0	0	0	0		18.33333
152	9	Sol4	G4	296	296	1	8	303	95	96		18.44444
153	9	Re5	D5	327	327	1	8	303	99	96	ben	18.55556
154	9	Do5	C5	318	318	1	8	303	99	96		18.66667
155	9	Si4b1	B4b1	313	313	1	4	606	99	96		18.88889
156	9	La4	A4	305	305	1	8	303	95	96		19
157	9	La4	A4	305	305	1	16	152	99	96	de	19.05556
158	9	Sol4	G4	296	296	1	16	152	99	96		19.11111
159	9	La4	A4	305	305	1	16	152	99	96		19.16667
160	9	Si4b1	B4b1	313	313	1	16	152	99	96		19.22222
161	9	La4	A4	305	305	1	8	303	99	96		19.33333
162	9	Sol4	G4	296	296	1	8	303	95	96		19.44444
163	9	Sol4	G4	296	296	1	4	606	99	96	ni  	19.66667
164	9	Re5	D5	327	327	1	4	606	95	96		19.88889
165	9			-1	-1	1	8	303	100	0		20
166	53			0	0	0	0	0	0	0		20
167	9	Sol4	G4	296	296	1	2	1212	95	96	Lûtf_	20.44444
168	9	La5	A5	358	358	1	8	303	99	96	ey	20.55556
169	9	Sol5	G5	349	349	1	8	303	99	96		20.66667
170	9	Fa5	F5	340	340	1	8	303	99	96		20.77778
171	9	Mi5	E5	336	336	1	8	303	99	96		20.88889
172	9	Re5	D5	327	327	1	8	303	95	96		21
173	9	Re5	D5	327	327	1	8	303	99	96	le 	21.11111
174	9	Fa5	F5	340	340	1	8	303	99	96		21.22222
175	9	Mi5	E5	336	336	1	8	303	99	96		21.33333
176	9	Re5	D5	327	327	1	8	303	95	96		21.44444
177	9	Re5	D5	327	327	1	8	303	99	96	þâd_	21.55556
178	9	Do5	C5	318	318	1	8	303	99	96		21.66667
179	9	Si4b1	B4b1	313	313	3	16	455	99	96		21.83333
180	9	La4	A4	305	305	1	16	152	99	96		21.88889
181	9	Sol4	G4	296	296	1	8	303	95	96		22
182	9	La4	A4	305	305	3	8	909	99	96	et	22.33333
183	53			0	0	0	0	0	0	0		22.33333
184	9	Sol4	G4	296	296	1	8	303	95	96		22.44444
185	9	Re5	D5	327	327	1	8	303	99	96	ben	22.55556
186	9	Do5	C5	318	318	1	8	303	99	96		22.66667
187	9	Si4b1	B4b1	313	313	1	4	606	99	96		22.88889
188	9	La4	A4	305	305	1	8	303	95	96		23
189	9	La4	A4	305	305	1	16	152	99	96	de	23.05556
190	9	Sol4	G4	296	296	1	16	152	99	96		23.11111
191	9	La4	A4	305	305	1	16	152	99	96		23.16667
192	9	Si4b1	B4b1	313	313	1	16	152	99	96		23.22222
193	9	La4	A4	305	305	1	8	303	99	96		23.33333
194	9	Sol4	G4	296	296	1	8	303	95	96		23.44444
195	9	Sol4	G4	296	296	1	2	1212	95	96	ni  	23.88889
196	9			-1	-1	1	8	303	100	0		24
197	53			0	0	0	0	0	0	0		24
198	9	Re5	D5	327	327	1	2	1212	95	96	Sen	24.44444
199	9	Do5#4	C5#4	322	322	1	2	1212	95	96	sin 	24.88889
200	9			-1	-1	1	8	303	100	0		25
201	53			0	0	0	0	0	0	0		25
202	9	Re5	D5	327	327	1	12	202	99	96	mü	25.07407
203	9	Do5#4	C5#4	322	322	1	12	202	99	96		25.14815
204	9	Re5	D5	327	327	1	12	202	99	96		25.22222
205	9	Mi5	E5	336	336	1	12	202	99	96		25.2963
206	9	Re5	D5	327	327	1	12	202	99	96		25.37037
207	9	Mi5	E5	336	336	1	12	202	95	96		25.44444
208	9	Fa5#4	F5#4	344	344	1	12	202	99	96	rüv	25.51852
209	9	Mi5	E5	336	336	1	12	202	99	96		25.59259
210	9	Fa5#4	F5#4	344	344	1	12	202	99	96		25.66667
211	9	Sol5	G5	349	349	3	8	909	95	96		26
212	53			0	0	0	0	0	0	0		26
213	9	Re5	D5	327	327	3	8	909	99	96	vet 	26.33333
214	9	Mi5	E5	336	336	1	8	303	95	96		26.44444
215	9	Sol5	G5	349	349	1	8	303	99	96	mâ	26.55556
216	9	Fa5	F5	340	340	1	8	303	99	96		26.66667
217	9	Mi5	E5	336	336	1	4	606	99	96		26.88889
218	9	Re5	D5	327	327	1	8	303	95	96		27
219	9	Re5	D5	327	327	1	16	152	99	96	de	27.05556
220	9	Do5	C5	318	318	1	16	152	99	96		27.11111
221	9	Re5	D5	327	327	1	16	152	99	96		27.16667
222	9	Mi5	E5	336	336	1	16	152	99	96		27.22222
223	9	Re5	D5	327	327	1	8	303	99	96		27.33333
224	9	Do5	C5	318	318	1	8	303	95	96		27.44444
225	9	Si4b1	B4b1	313	313	3	16	455	99	96	ni  	27.61111
226	9	La4	A4	305	305	1	16	152	99	96		27.66667
227	9	Sol4	G4	296	296	1	4	606	95	96		27.88889
228	9			-1	-1	1	8	303	100	0		28
229	53			0	0	0	0	0	0	0		28
230	9	Re5	D5	327	327	1	2	1212	95	96	Sen	28.44444
231	9	Do5#4	C5#4	322	322	1	2	1212	95	96	sin 	28.88889
232	9			-1	-1	1	8	303	100	0		29
233	53			0	0	0	0	0	0	0		29
234	9	Re5	D5	327	327	1	12	202	99	96	mü	29.07407
235	9	Do5#4	C5#4	322	322	1	12	202	99	96		29.14815
236	9	Re5	D5	327	327	1	12	202	99	96		29.22222
237	9	Mi5	E5	336	336	1	12	202	99	96		29.2963
238	9	Re5	D5	327	327	1	12	202	99	96		29.37037
239	9	Mi5	E5	336	336	1	12	202	95	96		29.44444
240	9	Fa5#4	F5#4	344	344	1	12	202	99	96	rüv	29.51852
241	9	Mi5	E5	336	336	1	12	202	99	96		29.59259
242	9	Fa5#4	F5#4	344	344	1	12	202	99	96		29.66667
243	9	Sol5	G5	349	349	3	8	909	95	96		30
244	53			0	0	0	0	0	0	0		30
245	9	Re5	D5	327	327	3	8	909	99	96	vet 	30.33333
246	9	Mi5	E5	336	336	1	8	303	95	96		30.44444
247	9	Sol5	G5	349	349	1	8	303	99	96	mâ	30.55556
248	9	Fa5	F5	340	340	1	8	303	99	96		30.66667
249	9	Mi5	E5	336	336	1	4	606	99	96		30.88889
250	9	Re5	D5	327	327	1	8	303	95	96		31
251	9	Re5	D5	327	327	1	16	152	99	96	de	31.05556
252	9	Do5	C5	318	318	1	16	152	99	96		31.11111
253	9	Re5	D5	327	327	1	16	152	99	96		31.16667
254	9	Mi5	E5	336	336	1	16	152	99	96		31.22222
255	9	Re5	D5	327	327	1	8	303	99	96		31.33333
256	9	Do5	C5	318	318	1	8	303	95	96		31.44444
257	9	Si4b1	B4b1	313	313	3	16	455	99	96	ni  	31.61111
258	9	La4#4	A4#4	309	309	1	16	152	99	96		31.66667
259	9	Si4b1	B4b1	313	313	1	4	606	95	96		31.88889
260	9			-1	-1	1	8	303	100	0		32
261	53			0	0	0	0	0	0	0		32
262	9	Sol4	G4	296	296	1	2	1212	95	96	Lûtf_	32.44444
263	9	La5	A5	358	358	1	8	303	99	96	ey	32.55556
264	9	Sol5	G5	349	349	1	8	303	99	96		32.66667
265	9	Fa5	F5	340	340	1	8	303	99	96		32.77778
266	9	Mi5	E5	336	336	1	8	303	99	96		32.88889
267	9	Re5	D5	327	327	1	8	303	95	96		33
268	9	Re5	D5	327	327	1	8	303	99	96	le 	33.11111
269	9	Fa5	F5	340	340	1	8	303	99	96		33.22222
270	9	Mi5	E5	336	336	1	8	303	99	96		33.33333
271	9	Re5	D5	327	327	1	8	303	95	96		33.44444
272	9	Re5	D5	327	327	1	8	303	99	96	þâd_	33.55556
273	9	Do5	C5	318	318	1	8	303	99	96		33.66667
274	9	Si4b1	B4b1	313	313	3	16	455	99	96		33.83333
275	9	La4	A4	305	305	1	16	152	99	96		33.88889
276	9	Sol4	G4	296	296	1	8	303	95	96		34
277	9	La4	A4	305	305	3	8	909	99	96	et	34.33333
278	53			0	0	0	0	0	0	0		34.33333
279	9	Sol4	G4	296	296	1	8	303	95	96		34.44444
280	9	Re5	D5	327	327	1	8	303	99	96	ben	34.55556
281	9	Do5	C5	318	318	1	8	303	99	96		34.66667
282	9	Si4b1	B4b1	313	313	1	4	606	99	96		34.88889
283	9	La4	A4	305	305	1	8	303	95	96		35
284	9	La4	A4	305	305	1	16	152	99	96	de	35.05556
285	9	Sol4	G4	296	296	1	16	152	99	96		35.11111
286	9	La4	A4	305	305	1	16	152	99	96		35.16667
287	9	Si4b1	B4b1	313	313	1	16	152	99	96		35.22222
288	9	La4	A4	305	305	1	8	303	99	96		35.33333
289	9	Sol4	G4	296	296	1	8	303	95	96		35.44444
290	9	Sol4	G4	296	296	1	4	606	99	96	ni  	35.66667
291	9	Re5	D5	327	327	1	4	606	95	96		35.88889
292	9			-1	-1	1	8	303	100	0		36
293	53			0	0	0	0	0	0	0		36
294	9	Sol4	G4	296	296	1	2	1212	95	96	Lûtf_	36.44444
295	9	La5	A5	358	358	1	8	303	99	96	ey	36.55556
296	9	Sol5	G5	349	349	1	8	303	99	96		36.66667
297	9	Fa5	F5	340	340	1	8	303	99	96		36.77778
298	9	Mi5	E5	336	336	1	8	303	99	96		36.88889
299	9	Re5	D5	327	327	1	8	303	95	96		37
300	9	Re5	D5	327	327	1	8	303	99	96	le 	37.11111
301	9	Fa5	F5	340	340	1	8	303	99	96		37.22222
302	9	Mi5	E5	336	336	1	8	303	99	96		37.33333
303	9	Re5	D5	327	327	1	8	303	95	96		37.44444
304	9	Re5	D5	327	327	1	8	303	99	96	þâd_	37.55556
305	9	Do5	C5	318	318	1	8	303	99	96		37.66667
306	9	Si4b1	B4b1	313	313	3	16	455	99	96		37.83333
307	9	La4	A4	305	305	1	16	152	99	96		37.88889
308	9	Sol4	G4	296	296	1	8	303	95	96		38
309	9	La4	A4	305	305	3	8	909	99	96	et	38.33333
310	53			0	0	0	0	0	0	0		38.33333
311	9	Sol4	G4	296	296	1	8	303	95	96		38.44444
312	9	Re5	D5	327	327	1	8	303	99	96	ben	38.55556
313	9	Do5	C5	318	318	1	8	303	99	96		38.66667
314	9	Si4b1	B4b1	313	313	1	4	606	99	96		38.88889
315	9	La4	A4	305	305	1	8	303	95	96		39
316	9	La4	A4	305	305	1	16	152	99	96	de	39.05556
317	9	Sol4	G4	296	296	1	16	152	99	96		39.11111
318	9	La4	A4	305	305	1	16	152	99	96		39.16667
319	9	Si4b1	B4b1	313	313	1	16	152	99	96		39.22222
320	9	La4	A4	305	305	1	8	303	99	96		39.33333
321	9	Sol4	G4	296	296	1	8	303	95	96		39.44444
322	9	Sol4	G4	296	296	1	2	1212	95	96	ni  	39.88889
323	9			-1	-1	1	8	303	100	0		40
324	53			0	0	0	0	0	0	0		40
