Sýra	Kod	Nota53	NotaAE	Koma53	KomaAE	Pay	Payda	Ms	LNS	Bas	Soz1	Offset
1	9			-1	-1	1	8	500	100	0		0.125
2	9	Sol4	G4	296	296	1	4	1000	99	96	Gör	0.375
3	9	La4	A4	305	305	1	8	500	95	96		0.5
4	9	Si4b1	B4b1	313	313	3	16	750	99	96	sem 	0.6875
5	9	La4	A4	305	305	1	16	250	99	96		0.75
6	9	Si4b1	B4b1	313	313	1	8	500	95	96		0.875
7	9	Sol4	G4	296	296	1	8	500	95	96	se	1
8	9	La4	A4	305	305	3	8	1500	99	96	ni 	1.375
9	9	Do5	C5	318	318	1	8	500	99	96		1.5
10	9	Si4b1	B4b1	313	313	3	16	750	99	96		1.6875
11	9	La4	A4	305	305	1	16	250	99	96		1.75
12	9	Sol4	G4	296	296	1	8	500	99	96		1.875
13	9	La4	A4	305	305	1	8	500	95	96		2
14	53			0	0	0	0	0	0	0		2
15	9			-1	-1	1	8	500	100	0		2.125
16	9	Si4b1	B4b1	313	313	1	4	1000	99	96	do	2.375
17	9	La4	A4	305	305	1	16	250	99	96		2.4375
18	9	Sol4	G4	296	296	1	16	250	99	96		2.5
19	9	Sol4	G4	296	296	1	8	500	95	96		2.625
20	9	Do5	C5	318	318	1	4	1000	99	96	yun	2.875
21	9	Si4b1	B4b1	313	313	1	16	250	99	96		2.9375
22	9	La4	A4	305	305	1	16	250	95	96		3
23	11	Re5	D5	327	327	1	4	1000	99	96	ca  	3.25
24	9	Do5#4	C5#4	322	322	1	8	500	99	96		3.375
25	9	Mi5	E5	336	336	1	16	250	99	96		3.4375
26	9	Re5	D5	327	327	1	16	250	99	96		3.5
27	9	Re5	D5	327	327	3	8	1500	95	96		3.875
28	9			-1	-1	1	8	500	100	0		4
29	53			0	0	0	0	0	0	0		4
30	9	Re5	D5	327	327	3	16	750	99	96	Do	4.1875
31	9	Mi5	E5	336	336	1	16	250	99	96		4.25
32	9	Fa5#4	F5#4	344	344	3	16	750	99	96		4.4375
33	9	Mi5	E5	336	336	1	16	250	95	96		4.5
34	9	Re5	D5	327	327	1	8	500	99	96	yun	4.625
35	9	Sol5	G5	349	349	1	8	500	99	96		4.75
36	9	Fa5#4	F5#4	344	344	1	8	500	95	96		4.875
37	9	Mi5	E5	336	336	1	8	500	95	96	ca 	5
38	9	Re5	D5	327	327	1	8	500	99	96	se	5.125
39	9	Mi5	E5	336	336	1	8	500	99	96		5.25
40	9	Re5	D5	327	327	1	8	500	99	96		5.375
41	9	Do5	C5	318	318	1	16	250	99	96		5.4375
42	9	Si4b1	B4b1	313	313	1	16	250	95	96		5.5
43	9	Do5	C5	318	318	1	8	500	99	96	ni 	5.625
44	9	Re5	D5	327	327	1	8	500	99	96		5.75
45	9	Do5	C5	318	318	1	8	500	99	96		5.875
46	9	Si4b1	B4b1	313	313	1	8	500	95	96		6
47	53			0	0	0	0	0	0	0		6
48	9			-1	-1	1	8	500	100	0		6.125
49	9	La4	A4	305	305	1	4	1000	99	96	gör	6.375
50	9	Mi5	E5	336	336	1	8	500	99	96		6.5
51	9	Re5	D5	327	327	1	8	500	99	96		6.625
52	9	Do5	C5	318	318	1	8	500	99	96		6.75
53	9	Si4b1	B4b1	313	313	1	8	500	99	96		6.875
54	9	La4	A4	305	305	1	8	500	95	96		7
55	9	La4	A4	305	305	1	8	500	99	96	sem  	7.125
56	9	Si4b1	B4b1	313	313	1	4	1000	99	96		7.375
57	9	La4	A4	305	305	1	16	250	99	96		7.4375
58	9	Sol4	G4	296	296	1	16	250	99	96		7.5
59	9	Sol4	G4	296	296	3	8	1500	95	96		7.875
60	9			-1	-1	1	8	500	100	0		8
61	53			0	0	0	0	0	0	0		8
62	9			-1	-1	1	8	500	100	0		8.125
63	9	Sol4	G4	296	296	1	4	1000	99	96	Gör	8.375
64	9	La4	A4	305	305	1	8	500	95	96		8.5
65	9	Si4b1	B4b1	313	313	3	16	750	99	96	sem 	8.6875
66	9	La4	A4	305	305	1	16	250	99	96		8.75
67	9	Si4b1	B4b1	313	313	1	8	500	95	96		8.875
68	9	Sol4	G4	296	296	1	8	500	95	96	se	9
69	9	La4	A4	305	305	3	8	1500	99	96	ni 	9.375
70	9	Do5	C5	318	318	1	8	500	99	96		9.5
71	9	Si4b1	B4b1	313	313	3	16	750	99	96		9.6875
72	9	La4	A4	305	305	1	16	250	99	96		9.75
73	9	Sol4	G4	296	296	1	8	500	99	96		9.875
74	9	La4	A4	305	305	1	8	500	95	96		10
75	53			0	0	0	0	0	0	0		10
76	9			-1	-1	1	8	500	100	0		10.125
77	9	Si4b1	B4b1	313	313	1	4	1000	99	96	do	10.375
78	9	La4	A4	305	305	1	16	250	99	96		10.4375
79	9	Sol4	G4	296	296	1	16	250	99	96		10.5
80	9	Sol4	G4	296	296	1	8	500	95	96		10.625
81	9	Do5	C5	318	318	1	4	1000	99	96	yun	10.875
82	9	Si4b1	B4b1	313	313	1	16	250	99	96		10.9375
83	9	La4	A4	305	305	1	16	250	95	96		11
84	11	Re5	D5	327	327	1	4	1000	99	96	ca  	11.25
85	9	Do5#4	C5#4	322	322	1	8	500	99	96		11.375
86	9	Mi5	E5	336	336	1	16	250	99	96		11.4375
87	9	Re5	D5	327	327	1	16	250	99	96		11.5
88	9	Re5	D5	327	327	3	8	1500	95	96		11.875
89	9			-1	-1	1	8	500	100	0		12
90	53			0	0	0	0	0	0	0		12
91	9	Re5	D5	327	327	3	16	750	99	96	Do	12.1875
92	9	Mi5	E5	336	336	1	16	250	99	96		12.25
93	9	Fa5#4	F5#4	344	344	3	16	750	99	96		12.4375
94	9	Mi5	E5	336	336	1	16	250	95	96		12.5
95	9	Re5	D5	327	327	1	8	500	99	96	yun	12.625
96	9	Sol5	G5	349	349	1	8	500	99	96		12.75
97	9	Fa5#4	F5#4	344	344	1	8	500	95	96		12.875
98	9	Mi5	E5	336	336	1	8	500	95	96	ca 	13
99	9	Re5	D5	327	327	1	8	500	99	96	se	13.125
100	9	Mi5	E5	336	336	1	8	500	99	96		13.25
101	9	Re5	D5	327	327	1	8	500	99	96		13.375
102	9	Do5	C5	318	318	1	16	250	99	96		13.4375
103	9	Si4b1	B4b1	313	313	1	16	250	95	96		13.5
104	9	Do5	C5	318	318	1	8	500	99	96	ni 	13.625
105	9	Re5	D5	327	327	1	8	500	99	96		13.75
106	9	Do5	C5	318	318	1	8	500	99	96		13.875
107	9	Si4b1	B4b1	313	313	1	8	500	95	96		14
108	53			0	0	0	0	0	0	0		14
109	9			-1	-1	1	8	500	100	0		14.125
110	9	La4	A4	305	305	1	4	1000	99	96	gör	14.375
111	9	Mi5	E5	336	336	1	8	500	99	96		14.5
112	9	Re5	D5	327	327	1	8	500	99	96		14.625
113	9	Do5	C5	318	318	1	8	500	99	96		14.75
114	9	Si4b1	B4b1	313	313	1	8	500	99	96		14.875
115	9	La4	A4	305	305	1	8	500	95	96		15
116	9	La4	A4	305	305	1	8	500	99	96	sem  	15.125
117	9	Si4b1	B4b1	313	313	1	4	1000	99	96		15.375
118	9	La4	A4	305	305	1	16	250	99	96		15.4375
119	9	Sol4	G4	296	296	1	16	250	99	96		15.5
120	9	Sol4	G4	296	296	3	8	1500	95	96		15.875
121	9			-1	-1	1	8	500	100	0		16
122	53			0	0	0	0	0	0	0		16
123	9	Mi5	E5	336	336	3	16	750	99	96	Gel 	16.1875
124	9	Re5	D5	327	327	1	16	250	95	96		16.25
125	9	Re5	D5	327	327	3	16	750	99	96	gül 	16.4375
126	9	Do5	C5	318	318	1	16	250	95	96		16.5
127	9	Do5	C5	318	318	3	16	750	99	96	yüz	16.6875
128	9	Si4b1	B4b1	313	313	1	16	250	95	96		16.75
129	9	Si4b1	B4b1	313	313	3	16	750	99	96	lü 	16.9375
130	9	La4	A4	305	305	1	16	250	95	96		17
131	9	La4	A4	305	305	1	8	500	99	96	câ	17.125
132	9	Sol4	G4	296	296	1	16	250	99	96		17.1875
133	9	Fa4#4	F4#4	291	291	1	16	250	99	96		17.25
134	9	Si4b1	B4b1	313	313	1	16	250	99	96		17.3125
135	9	La4	A4	305	305	1	16	250	99	96		17.375
136	9	Sol4	G4	296	296	1	16	250	99	96		17.4375
137	9	Fa4#4	F4#4	291	291	1	16	250	95	96		17.5
138	9	Mi4	E4	283	283	1	4	1000	95	96	nâ  	17.75
139	53			0	0	0	0	0	0	0		17.75
140	9			-1	-1	1	8	500	100	0		17.875
141	9	Re5	D5	327	327	1	8	500	95	96	Gel 	18
142	9	Re5	D5	327	327	3	16	750	99	96	et	18.1875
143	9	Do5	C5	318	318	1	16	250	95	96		18.25
144	9	Do5	C5	318	318	3	16	750	99	96	me 	18.4375
145	9	Si4b1	B4b1	313	313	1	16	250	95	96		18.5
146	9	Si4b1	B4b1	313	313	3	16	750	99	96	çeþ	18.6875
147	9	La4	A4	305	305	1	16	250	95	96		18.75
148	9	La4	A4	305	305	3	16	750	99	96	mim 	18.9375
149	9	Sol4	G4	296	296	1	16	250	95	96		19
150	9	Sol4	G4	296	296	1	8	500	99	96	gir	19.125
151	9	Fa4#4	F4#4	291	291	1	16	250	99	96		19.1875
152	9	Sol4	G4	296	296	1	16	250	99	96		19.25
153	9	Si4b1	B4b1	313	313	1	16	250	99	96		19.3125
154	9	La4	A4	305	305	1	16	250	99	96		19.375
155	9	Sol4	G4	296	296	1	16	250	99	96		19.4375
156	9	Fa4#4	F4#4	291	291	1	16	250	95	96		19.5
157	9	Mi4	E4	283	283	1	4	1000	95	96	yân  	19.75
158	53			0	0	0	0	0	0	0		19.75
159	9			-1	-1	1	8	500	100	0		19.875
160	9	Si4b1	B4b1	313	313	1	8	500	95	96	Se	20
161	9	Si4b1	B4b1	313	313	3	8	1500	95	96	nin	20.375
162	9	Sol4	G4	296	296	1	8	500	95	96	le 	20.5
163	9	Do5	C5	318	318	3	8	1500	95	96	bir 	20.875
164	9	La4	A4	305	305	1	8	500	95	96	ge	21
165	11	Re5	D5	327	327	1	4	1000	99	96	ce 	21.25
166	9	Do5#4	C5#4	322	322	1	8	500	99	96		21.375
167	9	Mi5	E5	336	336	1	16	250	99	96		21.4375
168	9	Re5	D5	327	327	1	16	250	99	96		21.5
169	9	Re5	D5	327	327	3	8	1500	95	96		21.875
170	9			-1	-1	1	8	500	100	0		22
171	53			0	0	0	0	0	0	0		22
172	9	Re5	D5	327	327	1	8	500	99	96	o	22.125
173	9	Do5	C5	318	318	1	16	250	99	96		22.1875
174	9	Si4b1	B4b1	313	313	1	16	250	99	96		22.25
175	9	Mi5	E5	336	336	1	8	500	99	96		22.375
176	9	Re5	D5	327	327	1	16	250	99	96		22.4375
177	9	Do5	C5	318	318	1	16	250	95	96		22.5
178	9	Si4b1	B4b1	313	313	3	8	1500	99	96	la	22.875
179	9	La4	A4	305	305	1	16	250	99	96		22.9375
180	9	Sol4	G4	296	296	1	16	250	95	96		23
181	9	La4	A4	305	305	1	8	500	99	96	lým 	23.125
182	9	Sol4	G4	296	296	1	16	250	99	96		23.1875
183	9	La4	A4	305	305	1	16	250	99	96		23.25
184	9	Si4b1	B4b1	313	313	1	8	500	95	96		23.375
185	9	La4	A4	305	305	1	16	250	99	96	ni	23.4375
186	9	sol4	G4	296	296	1	16	250	95	96		23.5
187	9	sol4	G4	296	296	1	16	250	95	96	hân  	23.5625
188	53			0	0	0	0	0	0	0		23.5625
189	9	La4	A4	305	305	1	16	250	95	96	SAZ	23.625
190	9	Si4b1	B4b1	313	313	1	16	250	95	96	.	23.6875
191	9	Do5	C5	318	318	1	16	250	95	96	.	23.75
192	9	Re5	D5	327	327	1	16	250	95	96	.	23.8125
193	9	Mi5	E5	336	336	1	16	250	95	96	.	23.875
194	9	Fa5#4	F5#4	344	344	1	16	250	95	96	.	23.9375
195	9	Sol5	G5	349	349	1	16	250	95	96	.	24
196	53			0	0	0	0	0	0	0		24
197	9	Sol5	G5	349	349	3	16	750	95	96	Kaç	24.1875
198	9	Fa5#4	F5#4	344	344	1	16	250	95	96	ma 	24.25
199	9	Mi5	E5	336	336	1	8	500	95	96	ey 	24.375
200	9	Re5	D5	327	327	1	8	500	95	96	pe	24.5
201	9	Mi5	E5	336	336	1	8	500	99	96	ri 	24.625
202	9	Fa5#4	F5#4	344	344	1	8	500	95	96		24.75
203	9	Sol5	G5	349	349	1	4	1000	95	96	sen 	25
204	53			0	0	0	0	0	0	0		25
205	9	Sol5	G5	349	349	3	16	750	95	96	söy	25.1875
206	9	Fa5#4	F5#4	344	344	1	16	250	95	96	le 	25.25
207	9	Mi5	E5	336	336	1	8	500	95	96	ki	25.375
208	9	Re5	D5	327	327	1	8	500	95	96	min	25.5
209	9	Sol5	G5	349	349	1	2	2000	95	96	sin  	26
210	53			0	0	0	0	0	0	0		26
211	9	Sol5	G5	349	349	3	16	750	95	96	Sen 	26.1875
212	9	Fa5#4	F5#4	344	344	1	16	250	95	96	be	26.25
213	9	Sol5	G5	349	349	1	8	500	95	96	nim 	26.375
214	9	Mi5	E5	336	336	1	8	500	95	96	mi	26.5
215	9	Re5	D5	327	327	1	8	500	99	96	sin 	26.625
216	9	Do5	C5	318	318	1	16	250	99	96		26.6875
217	9	Si4b1	B4b1	313	313	1	16	250	95	96		26.75
218	9	Mi5	E5	336	336	1	8	500	99	96	söy	26.875
219	9	Re5	D5	327	327	1	16	250	99	96		26.9375
220	9	Do5	C5	318	318	1	16	250	95	96		27
221	9	Si4b1	B4b1	313	313	1	8	500	95	96	le 	27.125
222	9	La4	A4	305	305	1	16	250	99	96	a	27.1875
223	9	Si4b1	B4b1	313	313	1	16	250	95	96		27.25
224	9	Re5	D5	327	327	1	16	250	99	96	man 	27.3125
225	9	Do5	C5	318	318	1	16	250	95	96		27.375
226	9	Si4b1	B4b1	313	313	1	16	250	99	96	a	27.4375
227	9	La4	A4	305	305	1	16	250	95	96		27.5
228	9	Sol4	G4	296	296	1	16	250	95	96	man  	27.5625
229	53			0	0	0	0	0	0	0		27.5625
230	9	La4	A4	305	305	1	16	250	95	96	SAZ	27.625
231	9	Si4b1	B4b1	313	313	1	16	250	95	96	.	27.6875
232	9	Do5	C5	318	318	1	16	250	95	96	.	27.75
233	9	Re5	D5	327	327	1	16	250	95	96	.	27.8125
234	9	Mi5	E5	336	336	1	16	250	95	96	.	27.875
235	9	Fa5#4	F5#4	344	344	1	16	250	95	96	.	27.9375
236	9	Sol5	G5	349	349	1	16	250	95	96	.	28
237	53			0	0	0	0	0	0	0		28
238	9	Sol5	G5	349	349	3	16	750	95	96	Kaç	28.1875
239	9	Fa5#4	F5#4	344	344	1	16	250	95	96	ma 	28.25
240	9	Mi5	E5	336	336	1	8	500	95	96	ey 	28.375
241	9	Re5	D5	327	327	1	8	500	95	96	pe	28.5
242	9	Mi5	E5	336	336	1	8	500	99	96	ri 	28.625
243	9	Fa5#4	F5#4	344	344	1	8	500	95	96		28.75
244	9	Sol5	G5	349	349	1	4	1000	95	96	sen 	29
245	53			0	0	0	0	0	0	0		29
246	9	Sol5	G5	349	349	3	16	750	95	96	söy	29.1875
247	9	Fa5#4	F5#4	344	344	1	16	250	95	96	le 	29.25
248	9	Mi5	E5	336	336	1	8	500	95	96	ki	29.375
249	9	Re5	D5	327	327	1	8	500	95	96	min	29.5
250	9	Sol5	G5	349	349	1	2	2000	95	96	sin  	30
251	53			0	0	0	0	0	0	0		30
252	9	Sol5	G5	349	349	3	16	750	95	96	Sen 	30.1875
253	9	Fa5#4	F5#4	344	344	1	16	250	95	96	be	30.25
254	9	Sol5	G5	349	349	1	8	500	95	96	nim 	30.375
255	9	Mi5	E5	336	336	1	8	500	95	96	mi	30.5
256	9	Re5	D5	327	327	1	8	500	99	96	sin 	30.625
257	9	Do5	C5	318	318	1	16	250	99	96		30.6875
258	9	Si4b1	B4b1	313	313	1	16	250	95	96		30.75
259	9	Mi5	E5	336	336	1	8	500	99	96	söy	30.875
260	9	Re5	D5	327	327	1	16	250	99	96		30.9375
261	9	Do5	C5	318	318	1	16	250	95	96		31
262	9	Si4b1	B4b1	313	313	1	8	500	95	96	le 	31.125
263	9	La4	A4	305	305	1	16	250	99	96	a	31.1875
264	9	Si4b1	B4b1	313	313	1	16	250	95	96		31.25
265	9	Re5	D5	327	327	1	16	250	99	96	man 	31.3125
266	9	Do5	C5	318	318	1	16	250	95	96		31.375
267	9	Si4b1	B4b1	313	313	1	16	250	99	96	a	31.4375
268	9	La4	A4	305	305	1	16	250	95	96		31.5
269	9	Sol4	G4	296	296	1	4	1000	95	96	man  	31.75
270	53			0	0	0	0	0	0	0		31.75
271	9			-1	-1	1	16	250	100	0		31.8125
272	9	Mi5	E5	336	336	1	16	250	95	96	SAZ	31.875
273	9	Re5	D5	327	327	1	16	250	95	96	.	31.9375
274	9	Do5	C5	318	318	1	16	250	95	96	.	32
275	9	Si4b1	B4b1	313	313	1	8	500	95	96	ARANAÐME 	32.125
276	9	La4	A4	305	305	1	16	250	95	96	.	32.1875
277	9	Si4b1	B4b1	313	313	1	16	250	95	96	.	32.25
278	9	Re5	D5	327	327	1	16	250	95	96	.	32.3125
279	9	Do5	C5	318	318	1	16	250	95	96	.	32.375
280	9	Si4b1	B4b1	313	313	1	16	250	95	96	.	32.4375
281	9	La4	A4	305	305	1	16	250	95	96	.	32.5
282	9	Sol4	G4	296	296	1	16	250	95	96	.	32.5625
283	9	Fa4#4	F4#4	291	291	1	16	250	95	96	.	32.625
284	9	Sol4	G4	296	296	1	16	250	95	96	.	32.6875
285	9	La4	A4	305	305	1	16	250	95	96	.	32.75
286	9	Si4b1	B4b1	313	313	1	16	250	95	96	.	32.8125
287	9	Do5	C5	318	318	1	16	250	95	96	.	32.875
288	9	Re5	D5	327	327	1	16	250	95	96	.	32.9375
289	9	Do5	C5	318	318	1	16	250	95	96	.	33
290	9	Si4b1	B4b1	313	313	1	8	500	95	96	.	33.125
291	9	La4	A4	305	305	1	16	250	95	96	.	33.1875
292	9	Si4b1	B4b1	313	313	1	16	250	95	96	.	33.25
293	9	Re5	D5	327	327	1	16	250	95	96	.	33.3125
294	9	Do5	C5	318	318	1	16	250	95	96	.	33.375
295	9	Si4b1	B4b1	313	313	1	16	250	95	96	.	33.4375
296	9	La4	A4	305	305	1	16	250	95	96	.	33.5
297	9	Sol4	G4	296	296	1	4	1000	95	96	.	33.75
298	53			0	0	0	0	0	0	0		33.75
299	9			-1	-1	1	16	250	100	0	.	33.8125
300	9	Mi5	E5	336	336	1	16	250	95	96	.	33.875
301	9	Re5	D5	327	327	1	16	250	95	96	.	33.9375
302	9	Do5	C5	318	318	1	16	250	95	96	.	34
303	9	Si4b1	B4b1	313	313	1	8	500	95	96	.	34.125
304	9	La4	A4	305	305	1	16	250	95	96	.	34.1875
305	9	Si4b1	B4b1	313	313	1	16	250	95	96	.	34.25
306	9	Re5	D5	327	327	1	16	250	95	96	.	34.3125
307	9	Do5	C5	318	318	1	16	250	95	96	.	34.375
308	9	Si4b1	B4b1	313	313	1	16	250	95	96	.	34.4375
309	9	La4	A4	305	305	1	16	250	95	96	.	34.5
310	9	Sol4	G4	296	296	1	16	250	95	96	.	34.5625
311	9	Fa4#4	F4#4	291	291	1	16	250	95	96	.	34.625
312	9	Sol4	G4	296	296	1	16	250	95	96	.	34.6875
313	9	La4	A4	305	305	1	16	250	95	96	.	34.75
314	9	Si4b1	B4b1	313	313	1	16	250	95	96	.	34.8125
315	9	Do5	C5	318	318	1	16	250	95	96	.	34.875
316	9	Re5	D5	327	327	1	16	250	95	96	.	34.9375
317	9	Mi5	E5	336	336	1	16	250	95	96	.	35
318	9	Re5	D5	327	327	1	16	250	95	96	.	35.0625
319	9	Sol5	G5	349	349	1	16	250	95	96	.	35.125
320	9	Fa5#4	F5#4	344	344	1	16	250	95	96	.	35.1875
321	9	Mi5	E5	336	336	1	16	250	95	96	.	35.25
322	9	Re5	D5	327	327	1	16	250	95	96	.	35.3125
323	9	Do5	C5	318	318	1	16	250	95	96	.	35.375
324	9	Si4b1	B4b1	313	313	1	16	250	95	96	.	35.4375
325	9	La4	A4	305	305	1	16	250	95	96	.	35.5
326	9	Sol4	G4	296	296	1	4	1000	95	96	.	35.75
327	53			0	0	0	0	0	0	0		35.75
328	9			-1	-1	1	16	250	100	0	.	35.8125
329	9	Mi5	E5	336	336	1	16	250	95	96	.	35.875
330	9	Re5	D5	327	327	1	16	250	95	96	.	35.9375
331	9	Do5	C5	318	318	1	16	250	95	96	.	36
332	9	Si4b1	B4b1	313	313	1	8	500	95	96	ARANAÐME 	36.125
333	9	La4	A4	305	305	1	16	250	95	96	.	36.1875
334	9	Si4b1	B4b1	313	313	1	16	250	95	96	.	36.25
335	9	Re5	D5	327	327	1	16	250	95	96	.	36.3125
336	9	Do5	C5	318	318	1	16	250	95	96	.	36.375
337	9	Si4b1	B4b1	313	313	1	16	250	95	96	.	36.4375
338	9	La4	A4	305	305	1	16	250	95	96	.	36.5
339	9	Sol4	G4	296	296	1	16	250	95	96	.	36.5625
340	9	Fa4#4	F4#4	291	291	1	16	250	95	96	.	36.625
341	9	Sol4	G4	296	296	1	16	250	95	96	.	36.6875
342	9	La4	A4	305	305	1	16	250	95	96	.	36.75
343	9	Si4b1	B4b1	313	313	1	16	250	95	96	.	36.8125
344	9	Do5	C5	318	318	1	16	250	95	96	.	36.875
345	9	Re5	D5	327	327	1	16	250	95	96	.	36.9375
346	9	Do5	C5	318	318	1	16	250	95	96	.	37
347	9	Si4b1	B4b1	313	313	1	8	500	95	96	.	37.125
348	9	La4	A4	305	305	1	16	250	95	96	.	37.1875
349	9	Si4b1	B4b1	313	313	1	16	250	95	96	.	37.25
350	9	Re5	D5	327	327	1	16	250	95	96	.	37.3125
351	9	Do5	C5	318	318	1	16	250	95	96	.	37.375
352	9	Si4b1	B4b1	313	313	1	16	250	95	96	.	37.4375
353	9	La4	A4	305	305	1	16	250	95	96	.	37.5
354	9	Sol4	G4	296	296	1	4	1000	95	96	.	37.75
355	53			0	0	0	0	0	0	0		37.75
356	9			-1	-1	1	16	250	100	0	.	37.8125
357	9	Mi5	E5	336	336	1	16	250	95	96	.	37.875
358	9	Re5	D5	327	327	1	16	250	95	96	.	37.9375
359	9	Do5	C5	318	318	1	16	250	95	96	.	38
360	9	Si4b1	B4b1	313	313	1	8	500	95	96	.	38.125
361	9	La4	A4	305	305	1	16	250	95	96	.	38.1875
362	9	Si4b1	B4b1	313	313	1	16	250	95	96	.	38.25
363	9	Re5	D5	327	327	1	16	250	95	96	.	38.3125
364	9	Do5	C5	318	318	1	16	250	95	96	.	38.375
365	9	Si4b1	B4b1	313	313	1	16	250	95	96	.	38.4375
366	9	La4	A4	305	305	1	16	250	95	96	.	38.5
367	9	Sol4	G4	296	296	1	16	250	95	96	.	38.5625
368	9	Fa4#4	F4#4	291	291	1	16	250	95	96	.	38.625
369	9	Sol4	G4	296	296	1	16	250	95	96	.	38.6875
370	9	La4	A4	305	305	1	16	250	95	96	.	38.75
371	9	Si4b1	B4b1	313	313	1	16	250	95	96	.	38.8125
372	9	Do5	C5	318	318	1	16	250	95	96	.	38.875
373	9	Re5	D5	327	327	1	16	250	95	96	.	38.9375
374	9	Mi5	E5	336	336	1	16	250	95	96	.	39
375	9	Re5	D5	327	327	1	16	250	95	96	.	39.0625
376	9	Sol5	G5	349	349	1	16	250	95	96	.	39.125
377	9	Fa5#4	F5#4	344	344	1	16	250	95	96	.	39.1875
378	9	Mi5	E5	336	336	1	16	250	95	96	.	39.25
379	9	Re5	D5	327	327	1	16	250	95	96	.	39.3125
380	9	Do5	C5	318	318	1	16	250	95	96	.	39.375
381	9	Si4b1	B4b1	313	313	1	16	250	95	96	.	39.4375
382	9	La4	A4	305	305	1	16	250	95	96	.	39.5
383	9	Sol4	G4	296	296	1	8	500	95	96	.	39.625
384	9	re4	D4	274	274	1	8	500	95	96	.	39.75
385	9	sol4	G4	296	296	1	4	1000	95	96	.  	40
386	53			0	0	0	0	0	0	0		40
