Sýra	Kod	Nota53	NotaAE	Koma53	KomaAE	Pay	Payda	Ms	LNS	Bas	Soz1	Offset
1	9	Si4b1	B4b1	313	313	1	8	500	95	96	Sor	0.125
2	9	Si4b1	B4b1	313	313	1	16	250	99	96	dum 	0.1875
3	9	Do5	C5	318	318	1	16	250	95	96		0.25
4	9	Re5	D5	327	327	1	8	500	95	96	sa	0.375
5	9	Re5	D5	327	327	1	8	500	95	96	rý 	0.5
6	9	Mi5b1	E5b1	335	335	1	16	250	99	96	çi	0.5625
7	9	Re5	D5	327	327	1	16	250	95	96		0.625
8	9	Mi5b1	E5b1	335	335	1	16	250	99	96	çe	0.6875
9	9	Fa5#4	F5#4	344	344	1	16	250	95	96		0.75
10	9	Re5	D5	327	327	1	4	1000	95	96	ðe 	1
11	53			0	0	0	0	0	0	0		1
12	9	Sol5	G5	349	349	1	8	500	95	96	an	1.125
13	9	Sol5	G5	349	349	1	8	500	95	96	nen 	1.25
14	9	Fa5#4	F5#4	344	344	1	8	500	95	96	ba	1.375
15	9	Mi5b1	E5b1	335	335	1	8	500	95	96	ban 	1.5
16	9	Re5	D5	327	327	1	8	500	95	96	var 	1.625
17	9	Re5	D5	327	327	1	16	250	99	96	mý	1.6875
18	9	Mi5b1	E5b1	335	335	1	16	250	95	96		1.75
19	9	Re5	D5	327	327	1	16	250	99	96	dýr  	1.8125
20	9	Do5	C5	318	318	1	16	250	99	96		1.875
21	9	Si4b1	B4b1	313	313	1	8	500	95	96		2
22	53			0	0	0	0	0	0	0		2
23	9	Si4b1	B4b1	313	313	1	8	500	95	96	Sor	2.125
24	9	Si4b1	B4b1	313	313	1	16	250	99	96	dum 	2.1875
25	9	Do5	C5	318	318	1	16	250	95	96		2.25
26	9	Re5	D5	327	327	1	8	500	95	96	sa	2.375
27	9	Re5	D5	327	327	1	8	500	95	96	rý 	2.5
28	9	Mi5b1	E5b1	335	335	1	16	250	99	96	çi	2.5625
29	9	Re5	D5	327	327	1	16	250	95	96		2.625
30	9	Mi5b1	E5b1	335	335	1	16	250	99	96	çe	2.6875
31	9	Fa5#4	F5#4	344	344	1	16	250	95	96		2.75
32	9	Re5	D5	327	327	1	4	1000	95	96	ðe 	3
33	53			0	0	0	0	0	0	0		3
34	9	Sol5	G5	349	349	1	8	500	95	96	an	3.125
35	9	Sol5	G5	349	349	1	8	500	95	96	nen 	3.25
36	9	Fa5#4	F5#4	344	344	1	8	500	95	96	ba	3.375
37	9	Mi5b1	E5b1	335	335	1	8	500	95	96	ban 	3.5
38	9	Re5	D5	327	327	1	8	500	95	96	var 	3.625
39	9	Re5	D5	327	327	1	16	250	99	96	mý	3.6875
40	9	Mi5b1	E5b1	335	335	1	16	250	95	96		3.75
41	9	Re5	D5	327	327	1	16	250	99	96	dýr  	3.8125
42	9	Do5	C5	318	318	1	16	250	99	96		3.875
43	9	Si4b1	B4b1	313	313	1	8	500	95	96		4
44	53			0	0	0	0	0	0	0		4
45	9			-1	-1	1	8	500	100	0		4.125
46	9	Mi5b1	E5b1	335	335	1	16	250	95	96	Çi	4.1875
47	9	Mi5b1	E5b1	335	335	1	16	250	95	96	çek 	4.25
48	9	Mi5b1	E5b1	335	335	1	8	500	95	96	ey	4.375
49	9	Do5	C5	318	318	1	8	500	95	96	dür 	4.5
50	9	Re5	D5	327	327	1	8	500	95	96	Der	4.625
51	9	Re5	D5	327	327	1	8	500	95	96	viþ 	4.75
52	9	Re5	D5	327	327	1	16	250	99	96	Ba	4.8125
53	9	Do5	C5	318	318	1	16	250	95	96		4.875
54	9	Si4b1	B4b1	313	313	1	8	500	95	96	ba 	5
55	53			0	0	0	0	0	0	0		5
56	9	Do5	C5	318	318	1	8	500	95	96	an	5.125
57	9	Do5	C5	318	318	1	8	500	95	96	nem 	5.25
58	9	Si4b1	B4b1	313	313	1	8	500	95	96	ba	5.375
59	9	La4#4	A4#4	309	309	1	8	500	95	96	bam 	5.5
60	9	Si4b1	B4b1	313	313	1	8	500	95	96	top	5.625
61	9	Si4b1	B4b1	313	313	1	8	500	95	96	rak	5.75
62	9	Si4b1	B4b1	313	313	1	4	1000	95	96	týr  	6
63	53			0	0	0	0	0	0	0		6
64	9			-1	-1	1	8	500	100	0		6.125
65	9	Mi5b1	E5b1	335	335	1	16	250	95	96	Çi	6.1875
66	9	Mi5b1	E5b1	335	335	1	16	250	95	96	çek 	6.25
67	9	Mi5b1	E5b1	335	335	1	8	500	95	96	ey	6.375
68	9	Do5	C5	318	318	1	8	500	95	96	dür 	6.5
69	9	Re5	D5	327	327	1	8	500	95	96	Der	6.625
70	9	Re5	D5	327	327	1	8	500	95	96	viþ 	6.75
71	9	Re5	D5	327	327	1	16	250	99	96	Ba	6.8125
72	9	Do5	C5	318	318	1	16	250	95	96		6.875
73	9	Si4b1	B4b1	313	313	1	8	500	95	96	ba 	7
74	53			0	0	0	0	0	0	0		7
75	9	Do5	C5	318	318	1	8	500	95	96	an	7.125
76	9	Do5	C5	318	318	1	8	500	95	96	nem 	7.25
77	9	Si4b1	B4b1	313	313	1	8	500	95	96	ba	7.375
78	9	La4#4	A4#4	309	309	1	8	500	95	96	bam 	7.5
79	9	Si4b1	B4b1	313	313	1	8	500	95	96	top	7.625
80	9	Si4b1	B4b1	313	313	1	8	500	95	96	rak	7.75
81	9	Si4b1	B4b1	313	313	1	4	1000	95	96	týr  	8
82	53			0	0	0	0	0	0	0		8
83	9	Si4b1	B4b1	313	313	1	8	500	95	96	Hak 	8.125
84	9	Re5	D5	327	327	1	16	250	99	96	lâ	8.1875
85	9	Do5	C5	318	318	1	16	250	99	96		8.25
86	9	Si4b1	B4b1	313	313	1	8	500	95	96		8.375
87	9	Do5	C5	318	318	1	8	500	95	96	i	8.5
88	9	Re5	D5	327	327	1	4	1000	95	96	lâ	8.75
89	9	Re5	D5	327	327	1	4	1000	95	96	he 	9
90	53			0	0	0	0	0	0	0		9
91	9	Sol5	G5	349	349	1	4	1000	95	96	il	9.25
92	9	Fa5#4	F5#4	344	344	1	8	500	99	96	lal	9.375
93	9	Mi5b1	E5b1	335	335	1	8	500	95	96		9.5
94	9	Re5	D5	327	327	1	4	1000	95	96	lah 	9.75
95	9	Sol5	G5	349	349	1	8	500	95	96	Al	9.875
96	9	Sol5	G5	349	349	1	8	500	95	96	lah 	10
97	53			0	0	0	0	0	0	0		10
98	9			-1	-1	1	8	500	100	0		10.125
99	9	Sol5	G5	349	349	1	16	250	99	96	lâ	10.1875
100	9	Fa5#4	F5#4	344	344	1	16	250	99	96		10.25
101	9	Mi5b1	E5b1	335	335	1	8	500	95	96		10.375
102	9	Sol5	G5	349	349	1	8	500	95	96	i	10.5
103	9	Fa5#4	F5#4	344	344	1	8	500	99	96	lâ	10.625
104	9	Mi5b1	E5b1	335	335	1	8	500	95	96		10.75
105	9	Re5	D5	327	327	1	8	500	99	96	he 	10.875
106	9	Do5	C5	318	318	1	8	500	95	96		11
107	9	Mi5b1	E5b1	335	335	3	16	750	99	96	il	11.1875
108	9	Re5	D5	327	327	1	16	250	95	96		11.25
109	9	Do5	C5	318	318	1	8	500	99	96	lal	11.375
110	9	Do5	C5	318	318	1	16	250	99	96		11.4375
111	9	Si4b1	B4b1	313	313	1	16	250	95	96		11.5
112	9	Si4b1	B4b1	313	313	1	2	2000	95	96	lah 	12
113	53			0	0	0	0	0	0	0		12
114	9	Si4b1	B4b1	313	313	1	8	500	95	96	Hak 	12.125
115	9	Re5	D5	327	327	1	16	250	99	96	lâ	12.1875
116	9	Do5	C5	318	318	1	16	250	99	96		12.25
117	9	Si4b1	B4b1	313	313	1	8	500	95	96		12.375
118	9	Do5	C5	318	318	1	8	500	95	96	i	12.5
119	9	Re5	D5	327	327	1	4	1000	95	96	lâ	12.75
120	9	Re5	D5	327	327	1	4	1000	95	96	he 	13
121	53			0	0	0	0	0	0	0		13
122	9	Sol5	G5	349	349	1	4	1000	95	96	il	13.25
123	9	Fa5#4	F5#4	344	344	1	8	500	99	96	lal	13.375
124	9	Mi5b1	E5b1	335	335	1	8	500	95	96		13.5
125	9	Re5	D5	327	327	1	4	1000	95	96	lah 	13.75
126	9	Sol5	G5	349	349	1	8	500	95	96	Al	13.875
127	9	Sol5	G5	349	349	1	8	500	95	96	lah 	14
128	53			0	0	0	0	0	0	0		14
129	9			-1	-1	1	8	500	100	0		14.125
130	9	Sol5	G5	349	349	1	16	250	99	96	lâ	14.1875
131	9	Fa5#4	F5#4	344	344	1	16	250	99	96		14.25
132	9	Mi5b1	E5b1	335	335	1	8	500	95	96		14.375
133	9	Sol5	G5	349	349	1	8	500	95	96	i	14.5
134	9	Fa5#4	F5#4	344	344	1	8	500	99	96	lâ	14.625
135	9	Mi5b1	E5b1	335	335	1	8	500	95	96		14.75
136	9	Re5	D5	327	327	1	8	500	99	96	he 	14.875
137	9	Do5	C5	318	318	1	8	500	95	96		15
138	9	Mi5b1	E5b1	335	335	3	16	750	99	96	il	15.1875
139	9	Re5	D5	327	327	1	16	250	95	96		15.25
140	9	Do5	C5	318	318	1	8	500	99	96	lal	15.375
141	9	Do5	C5	318	318	1	16	250	99	96		15.4375
142	9	Si4b1	B4b1	313	313	1	16	250	95	96		15.5
143	9	Si4b1	B4b1	313	313	1	2	2000	95	96	lah 	16
144	53			0	0	0	0	0	0	0		16
145	9	Si4b1	B4b1	313	313	1	8	500	95	96	Sor	16.125
146	9	Si4b1	B4b1	313	313	1	16	250	99	96	dum 	16.1875
147	9	Do5	C5	318	318	1	16	250	95	96		16.25
148	9	Re5	D5	327	327	1	8	500	95	96	sa	16.375
149	9	Re5	D5	327	327	1	8	500	95	96	rý 	16.5
150	9	Mi5b1	E5b1	335	335	1	16	250	99	96	çi	16.5625
151	9	Re5	D5	327	327	1	16	250	95	96		16.625
152	9	Mi5b1	E5b1	335	335	1	16	250	99	96	çe	16.6875
153	9	Fa5#4	F5#4	344	344	1	16	250	95	96		16.75
154	9	Re5	D5	327	327	1	4	1000	95	96	ðe 	17
155	53			0	0	0	0	0	0	0		17
156	9	Sol5	G5	349	349	1	8	500	95	96	an	17.125
157	9	Sol5	G5	349	349	1	8	500	95	96	nen 	17.25
158	9	Fa5#4	F5#4	344	344	1	8	500	95	96	ba	17.375
159	9	Mi5b1	E5b1	335	335	1	8	500	95	96	ban 	17.5
160	9	Re5	D5	327	327	1	8	500	95	96	var 	17.625
161	9	Re5	D5	327	327	1	16	250	99	96	mý	17.6875
162	9	Mi5b1	E5b1	335	335	1	16	250	95	96		17.75
163	9	Re5	D5	327	327	1	16	250	99	96	dýr  	17.8125
164	9	Do5	C5	318	318	1	16	250	99	96		17.875
165	9	Si4b1	B4b1	313	313	1	8	500	95	96		18
166	53			0	0	0	0	0	0	0		18
167	9	Si4b1	B4b1	313	313	1	8	500	95	96	Sor	18.125
168	9	Si4b1	B4b1	313	313	1	16	250	99	96	dum 	18.1875
169	9	Do5	C5	318	318	1	16	250	95	96		18.25
170	9	Re5	D5	327	327	1	8	500	95	96	sa	18.375
171	9	Re5	D5	327	327	1	8	500	95	96	rý 	18.5
172	9	Mi5b1	E5b1	335	335	1	16	250	99	96	çi	18.5625
173	9	Re5	D5	327	327	1	16	250	95	96		18.625
174	9	Mi5b1	E5b1	335	335	1	16	250	99	96	çe	18.6875
175	9	Fa5#4	F5#4	344	344	1	16	250	95	96		18.75
176	9	Re5	D5	327	327	1	4	1000	95	96	ðe 	19
177	53			0	0	0	0	0	0	0		19
178	9	Sol5	G5	349	349	1	8	500	95	96	an	19.125
179	9	Sol5	G5	349	349	1	8	500	95	96	nen 	19.25
180	9	Fa5#4	F5#4	344	344	1	8	500	95	96	ba	19.375
181	9	Mi5b1	E5b1	335	335	1	8	500	95	96	ban 	19.5
182	9	Re5	D5	327	327	1	8	500	95	96	var 	19.625
183	9	Re5	D5	327	327	1	16	250	99	96	mý	19.6875
184	9	Mi5b1	E5b1	335	335	1	16	250	95	96		19.75
185	9	Re5	D5	327	327	1	16	250	99	96	dýr  	19.8125
186	9	Do5	C5	318	318	1	16	250	99	96		19.875
187	9	Si4b1	B4b1	313	313	1	8	500	95	96		20
188	53			0	0	0	0	0	0	0		20
189	9			-1	-1	1	8	500	100	0		20.125
190	9	Mi5b1	E5b1	335	335	1	16	250	95	96	Çi	20.1875
191	9	Mi5b1	E5b1	335	335	1	16	250	95	96	çek 	20.25
192	9	Mi5b1	E5b1	335	335	1	8	500	95	96	ey	20.375
193	9	Do5	C5	318	318	1	8	500	95	96	dür 	20.5
194	9	Re5	D5	327	327	1	8	500	95	96	Der	20.625
195	9	Re5	D5	327	327	1	8	500	95	96	viþ 	20.75
196	9	Re5	D5	327	327	1	16	250	99	96	Ba	20.8125
197	9	Do5	C5	318	318	1	16	250	95	96		20.875
198	9	Si4b1	B4b1	313	313	1	8	500	95	96	ba 	21
199	53			0	0	0	0	0	0	0		21
200	9	Do5	C5	318	318	1	8	500	95	96	an	21.125
201	9	Do5	C5	318	318	1	8	500	95	96	nem 	21.25
202	9	Si4b1	B4b1	313	313	1	8	500	95	96	ba	21.375
203	9	La4#4	A4#4	309	309	1	8	500	95	96	bam 	21.5
204	9	Si4b1	B4b1	313	313	1	8	500	95	96	top	21.625
205	9	Si4b1	B4b1	313	313	1	8	500	95	96	rak	21.75
206	9	Si4b1	B4b1	313	313	1	4	1000	95	96	týr  	22
207	53			0	0	0	0	0	0	0		22
208	9			-1	-1	1	8	500	100	0		22.125
209	9	Mi5b1	E5b1	335	335	1	16	250	95	96	Çi	22.1875
210	9	Mi5b1	E5b1	335	335	1	16	250	95	96	çek 	22.25
211	9	Mi5b1	E5b1	335	335	1	8	500	95	96	ey	22.375
212	9	Do5	C5	318	318	1	8	500	95	96	dür 	22.5
213	9	Re5	D5	327	327	1	8	500	95	96	Der	22.625
214	9	Re5	D5	327	327	1	8	500	95	96	viþ 	22.75
215	9	Re5	D5	327	327	1	16	250	99	96	Ba	22.8125
216	9	Do5	C5	318	318	1	16	250	95	96		22.875
217	9	Si4b1	B4b1	313	313	1	8	500	95	96	ba 	23
218	53			0	0	0	0	0	0	0		23
219	9	Do5	C5	318	318	1	8	500	95	96	an	23.125
220	9	Do5	C5	318	318	1	8	500	95	96	nem 	23.25
221	9	Si4b1	B4b1	313	313	1	8	500	95	96	ba	23.375
222	9	La4#4	A4#4	309	309	1	8	500	95	96	bam 	23.5
223	9	Si4b1	B4b1	313	313	1	8	500	95	96	top	23.625
224	9	Si4b1	B4b1	313	313	1	8	500	95	96	rak	23.75
225	9	Si4b1	B4b1	313	313	1	4	1000	95	96	týr  	24
226	53			0	0	0	0	0	0	0		24
227	9	Si4b1	B4b1	313	313	1	8	500	95	96	Hak 	24.125
228	9	Re5	D5	327	327	1	16	250	99	96	lâ	24.1875
229	9	Do5	C5	318	318	1	16	250	99	96		24.25
230	9	Si4b1	B4b1	313	313	1	8	500	95	96		24.375
231	9	Do5	C5	318	318	1	8	500	95	96	i	24.5
232	9	Re5	D5	327	327	1	4	1000	95	96	lâ	24.75
233	9	Re5	D5	327	327	1	4	1000	95	96	he 	25
234	53			0	0	0	0	0	0	0		25
235	9	Sol5	G5	349	349	1	4	1000	95	96	il	25.25
236	9	Fa5#4	F5#4	344	344	1	8	500	99	96	lal	25.375
237	9	Mi5b1	E5b1	335	335	1	8	500	95	96		25.5
238	9	Re5	D5	327	327	1	4	1000	95	96	lah 	25.75
239	9	Sol5	G5	349	349	1	8	500	95	96	Al	25.875
240	9	Sol5	G5	349	349	1	8	500	95	96	lah 	26
241	53			0	0	0	0	0	0	0		26
242	9			-1	-1	1	8	500	100	0		26.125
243	9	Sol5	G5	349	349	1	16	250	99	96	lâ	26.1875
244	9	Fa5#4	F5#4	344	344	1	16	250	99	96		26.25
245	9	Mi5b1	E5b1	335	335	1	8	500	95	96		26.375
246	9	Sol5	G5	349	349	1	8	500	95	96	i	26.5
247	9	Fa5#4	F5#4	344	344	1	8	500	99	96	lâ	26.625
248	9	Mi5b1	E5b1	335	335	1	8	500	95	96		26.75
249	9	Re5	D5	327	327	1	8	500	99	96	he 	26.875
250	9	Do5	C5	318	318	1	8	500	95	96		27
251	9	Mi5b1	E5b1	335	335	3	16	750	99	96	il	27.1875
252	9	Re5	D5	327	327	1	16	250	95	96		27.25
253	9	Do5	C5	318	318	1	8	500	99	96	lal	27.375
254	9	Do5	C5	318	318	1	16	250	99	96		27.4375
255	9	Si4b1	B4b1	313	313	1	16	250	95	96		27.5
256	9	Si4b1	B4b1	313	313	1	2	2000	95	96	lah 	28
257	53			0	0	0	0	0	0	0		28
258	9	Si4b1	B4b1	313	313	1	8	500	95	96	Hak 	28.125
259	9	Re5	D5	327	327	1	16	250	99	96	lâ	28.1875
260	9	Do5	C5	318	318	1	16	250	99	96		28.25
261	9	Si4b1	B4b1	313	313	1	8	500	95	96		28.375
262	9	Do5	C5	318	318	1	8	500	95	96	i	28.5
263	9	Re5	D5	327	327	1	4	1000	95	96	lâ	28.75
264	9	Re5	D5	327	327	1	4	1000	95	96	he 	29
265	53			0	0	0	0	0	0	0		29
266	9	Sol5	G5	349	349	1	4	1000	95	96	il	29.25
267	9	Fa5#4	F5#4	344	344	1	8	500	99	96	lal	29.375
268	9	Mi5b1	E5b1	335	335	1	8	500	95	96		29.5
269	9	Re5	D5	327	327	1	4	1000	95	96	lah 	29.75
270	9	Sol5	G5	349	349	1	8	500	95	96	Al	29.875
271	9	Sol5	G5	349	349	1	8	500	95	96	lah 	30
272	53			0	0	0	0	0	0	0		30
273	9			-1	-1	1	8	500	100	0		30.125
274	9	Sol5	G5	349	349	1	16	250	99	96	lâ	30.1875
275	9	Fa5#4	F5#4	344	344	1	16	250	99	96		30.25
276	9	Mi5b1	E5b1	335	335	1	8	500	95	96		30.375
277	9	Sol5	G5	349	349	1	8	500	95	96	i	30.5
278	9	Fa5#4	F5#4	344	344	1	8	500	99	96	lâ	30.625
279	9	Mi5b1	E5b1	335	335	1	8	500	95	96		30.75
280	9	Re5	D5	327	327	1	8	500	99	96	he 	30.875
281	9	Do5	C5	318	318	1	8	500	95	96		31
282	9	Mi5b1	E5b1	335	335	3	16	750	99	96	il	31.1875
283	9	Re5	D5	327	327	1	16	250	95	96		31.25
284	9	Do5	C5	318	318	1	8	500	99	96	lal	31.375
285	9	Do5	C5	318	318	1	16	250	99	96		31.4375
286	9	Si4b1	B4b1	313	313	1	16	250	95	96		31.5
287	9	Si4b1	B4b1	313	313	1	2	2000	95	96	lah 	32
288	53			0	0	0	0	0	0	0		32
