Sýra	Kod	Nota53	NotaAE	Koma53	KomaAE	Pay	Payda	Ms	LNS	Bas	Soz1	Offset
1	9	Si4b1	B4b1	313	313	1	16	208	95	94	ARANAÐME	0.0625
2	9	Do5	C5	318	318	1	16	208	95	90	.	0.125
3	9	Si4b1	B4b1	313	313	1	16	208	95	94	.	0.1875
4	9	La4#4	A4#4	309	309	1	16	208	95	90	.	0.25
5	9	Si4b1	B4b1	313	313	1	8	417	95	96	.	0.375
6	9	Do5	C5	318	318	1	8	417	95	94	.	0.5
7	9	Re5	D5	327	327	1	16	208	95	92	.	0.5625
8	9	Mi5b1	E5b1	335	335	1	16	208	95	88	.	0.625
9	9	Do5	C5	318	318	1	16	208	95	90	.	0.6875
10	9	Re5	D5	327	327	1	16	208	95	86	.	0.75
11	9	Si4b1	B4b1	313	313	1	16	208	95	94	.	0.8125
12	9	Do5	C5	318	318	1	16	208	95	90	.	0.875
13	9	La4	A4	305	305	1	16	208	95	92	.	0.9375
14	9	Si4b1	B4b1	313	313	1	16	208	95	88	.	1
15	9	Sol4	G4	296	296	1	16	208	95	92	.	1.0625
16	53			0	0	0	0	0	0	0		1.0625
17	9	Mi5b2	E5b1	334	335	1	8	417	95	94	.	1.1875
18	9	Mi5b2	E5b1	334	335	1	16	208	95	90	.	1.25
19	9	Mi5b2	E5b1	334	335	1	16	208	95	92	.	1.3125
20	9	Fa5#4	F5#4	344	344	1	16	208	95	88	.	1.375
21	9	Mi5b2	E5b1	334	335	1	16	208	95	90	.	1.4375
22	9	Re5	D5	327	327	1	16	208	95	86	.	1.5
23	9			-1	-1	1	16	208	100	0		1.5625
24	9	Re5	D5	327	327	1	8	417	95	94	.	1.6875
25	9	Re5	D5	327	327	1	16	208	95	90	.	1.75
26	9	Re5	D5	327	327	1	16	208	95	92	.	1.8125
27	9	Mi5b2	E5b1	334	335	1	16	208	95	88	.	1.875
28	9	Re5	D5	327	327	1	16	208	95	90	.	1.9375
29	9	Do5	C5	318	318	1	16	208	95	86	.	2
30	9			-1	-1	1	16	208	100	0	.	2.0625
31	9	Do5	C5	318	318	1	8	417	95	94	.	2.1875
32	9	Do5	C5	318	318	1	16	208	95	90	.	2.25
33	9	Do5	C5	318	318	1	16	208	95	92	.	2.3125
34	9	Re5	D5	327	327	1	16	208	95	88	.	2.375
35	9	Do5	C5	318	318	1	16	208	95	90	.	2.4375
36	9	Si4b1	B4b1	313	313	1	16	208	95	86	.	2.5
37	9	Re5	D5	327	327	1	16	208	95	90	.	2.5625
38	9	Fa5#4	F5#4	344	344	1	8	417	95	94	.	2.6875
39	9	Mi5b2	E5b1	334	335	1	16	208	95	90	.	2.75
40	9	Re5	D5	327	327	1	16	208	95	92	.	2.8125
41	9	Do5	C5	318	318	1	16	208	95	88	.	2.875
42	9	Si4b1	B4b1	313	313	1	16	208	95	90	.	2.9375
43	9	La4#4	A4#4	309	309	1	16	208	95	86	.	3
44	9	Si4b1	B4b1	313	313	1	16	208	95	92	.	3.0625
45	9	La4#4	A4#4	309	309	1	16	208	95	88	.	3.125
46	9	Sol4	G4	296	296	1	8	417	95	94	.	3.25
47	9	La4#4	A4#4	309	309	1	8	417	95	96	.	3.375
48	9	Sol4	G4	296	296	1	8	417	95	94	.	3.5
49	9	Si4b1	B4b1	313	313	3	32	312	95	92	.	3.59375
50	9	La4#4	A4#4	309	309	1	32	104	95	88	.	3.625
51	9	Si4b1	B4b1	313	313	1	16	208	95	90	.	3.6875
52	9	Do5	C5	318	318	1	16	208	95	86	.	3.75
53	9	Si4b1	B4b1	313	313	1	16	208	95	92	.	3.8125
54	9	La4#4	A4#4	309	309	1	16	208	95	88	.	3.875
55	9	Si4b1	B4b1	313	313	1	8	417	95	94	.	4
56	9	Si4b1	B4b1	313	313	1	16	208	95	92	.	4.0625
57	9	La4#4	A4#4	309	309	1	16	208	95	88	.	4.125
58	9	Sol4	G4	296	296	1	8	417	95	94	.	4.25
59	9	La4#4	A4#4	309	309	1	8	417	95	96	.	4.375
60	9	Sol4	G4	296	296	1	8	417	95	94	.	4.5
61	9	Si4b1	B4b1	313	313	3	32	312	95	92	.	4.59375
62	9	La4#4	A4#4	309	309	1	32	104	95	88	.	4.625
63	9	Si4b1	B4b1	313	313	1	16	208	95	90	.	4.6875
64	9	Do5	C5	318	318	1	16	208	95	86	.	4.75
65	9	Si4b1	B4b1	313	313	1	16	208	95	92	.	4.8125
66	9	La4#4	A4#4	309	309	1	16	208	95	88	.	4.875
67	9	Si4b1	B4b1	313	313	1	16	208	95	94	.	4.9375
68	9	Do5	C5	318	318	1	16	208	95	86	.	5
69	9	Re5	D5	327	327	1	4	833	95	94	.	5.25
70	53			0	0	0	0	0	0	0		5.25
71	9	Si4b1	B4b1	313	313	1	8	417	99	94	Ley	5.375
72	9	Do5	C5	318	318	1	8	417	95	92		5.5
73	9	Re5	D5	327	327	1	2	1667	95	96	lâ 	6
74	9	Do5	C5	318	318	1	8	417	95	94	bir_	6.125
75	9	Re5	D5	327	327	1	4	833	95	96	öz	6.375
76	9	Re5	D5	327	327	1	8	417	95	94	ge 	6.5
77	9	Re5	D5	327	327	3	32	312	95	94	can	6.59375
78	9	Fa5#4	F5#4	344	344	1	32	104	95	94		6.625
79	9	Mi5b2	E5b1	334	335	1	16	208	99	96		6.6875
80	11	Re5	D5	327	327	1	16	208	95	90		6.75
81	9	Do5	C5	318	318	1	4	833	95	96	dýr  	7
82	9	Do5	C5	318	318	1	16	208	95	94	SAZ	7.0625
83	9	Si4b1	B4b1	313	313	1	16	208	95	96	.	7.125
84	9	La4	A4	305	305	1	16	208	95	94	.	7.1875
85	9	Sol4	G4	296	296	1	16	208	95	94	.	7.25
86	53			0	0	0	0	0	0	0		7.25
87	9	Re5	D5	327	327	1	8	417	95	94	Ka	7.375
88	9	Mi5b2	E5b1	334	335	1	8	417	95	92	ra 	7.5
89	9	Fa5#4	F5#4	344	344	1	2	1667	95	96	göz	8
90	9	Mi5b2	E5b1	334	335	1	8	417	95	94	lü 	8.125
91	9	Fa5#4	F5#4	344	344	1	4	833	99	96	cey	8.375
92	9	Sol5	G5	349	349	1	8	417	95	94		8.5
93	9	Fa5#4	F5#4	344	344	1	16	208	99	92	lan	8.5625
94	9	Mi5b2	E5b1	334	335	1	16	208	99	88		8.625
95	9	Mi5b2	E5b1	334	335	1	16	208	99	90		8.6875
96	9	Re5	D5	327	327	1	16	208	95	86		8.75
97	9	Re5	D5	327	327	1	4	833	95	92	dýr  	9
98	53			0	0	0	0	0	0	0		9
99	9	Re5	D5	327	327	1	8	417	95	94	Do	9.125
100	9	Sol5	G5	349	349	3	8	1250	95	92	yul	9.5
101	9	Sol5	G5	349	349	1	16	208	99	90	maz 	9.5625
102	9	La5	A5	358	358	1	16	208	99	86		9.625
103	9	Fa5#4	F5#4	344	344	1	8	417	99	84		9.75
104	9	Fa5#4	F5#4	344	344	1	16	208	99	82		9.8125
105	9	Sol5	G5	349	349	1	16	208	99	78		9.875
106	9	Mi5b1	E5b1	335	335	1	8	417	95	80		10
107	9			-1	-1	1	8	417	100	0		10.125
108	9	Re5	D5	327	327	1	4	833	95	96	hüsn_	10.375
109	9	Re5	D5	327	327	1	8	417	95	92	ü 	10.5
110	10	Re5	D5	327	327	1	8	417	99	94	an	10.625
111	8	Mi5b1	E5b1	335	335	0	0	0	99	96		10.625
112	11	Re5	D5	327	327	1	16	208	99	92		10.6875
113	9	Do5	C5	318	318	1	16	208	95	88		10.75
114	9	Si4b1	B4b1	313	313	1	4	833	95	94	dýr  	11
115	9	Mi5b2	E5b1	334	335	1	16	208	95	96	SAZ	11.0625
116	9	Re5	D5	327	327	1	16	208	95	94	.	11.125
117	9	Mi5b2	E5b1	334	335	1	8	417	95	95	.	11.25
118	53			0	0	0	0	0	0	0		11.25
119	9	Re5	D5	327	327	1	8	417	95	92	Ka	11.375
120	9	Mi5b2	E5b1	334	335	1	8	417	95	94	nýl	11.5
121	9	Mi5b2	E5b1	334	335	1	8	417	99	96	maz 	11.625
122	9	Re5	D5	327	327	1	8	417	99	94		11.75
123	9	Mi5b2	E5b1	334	335	1	8	417	99	95		11.875
124	9	Re5	D5	327	327	1	8	417	95	93		12
125	9			-1	-1	1	8	417	100	0		12.125
126	9	Mi5b2	E5b1	334	335	1	8	417	99	92	bir 	12.25
127	9	Re5	D5	327	327	1	8	417	95	90		12.375
128	9	Sol5	G5	349	349	1	8	417	95	92	i	12.5
129	9	Fa5#4	F5#4	344	344	1	16	208	99	94	çim 	12.5625
130	9	Mi5b2	E5b1	334	335	1	16	208	99	90		12.625
131	9	Re5	D5	327	327	1	16	208	99	92		12.6875
132	9	Mi5b2	E5b1	334	335	1	16	208	95	88		12.75
133	9	Re5	D5	327	327	1	4	833	95	96	su  	13
134	9	Sol4	G4	296	296	1	16	208	50	92	SAZ	13.0625
135	9	Si4b1	B4b1	313	313	1	16	208	50	94	.	13.125
136	9	Re5	D5	327	327	1	8	417	50	90	.	13.25
137	53			0	0	0	0	0	0	0		13.25
138	9	Re5	D5	327	327	1	8	417	99	94	Ley	13.375
139	9	Do5	C5	318	318	1	16	208	99	88		13.4375
140	9	Si4b1	B4b1	313	313	1	16	208	95	84		13.5
141	9	Do5	C5	318	318	1	2	1667	100	96	lâ 	14
142	9	Do5	C5	318	318	1	2	1667	99	96		14.5
143	9	Do5	C5	318	318	1	8	417	99	86		14.625
144	9	Si4b1	B4b1	313	313	1	8	417	95	84		14.75
145	9	Si4b1	B4b1	313	313	1	8	417	99	94	Ley	14.875
146	9	Do5	C5	318	318	1	8	417	95	92		15
147	9	Re5	D5	327	327	1	2	1667	95	96	lâ 	15.5
148	53			0	0	0	0	0	0	0		15.5
149	9	Mi5b1	E5b1	335	335	3	16	625	99	94	ah 	15.6875
150	9	Do5	C5	318	318	1	16	208	95	92		15.75
151	9	Do5	C5	318	318	3	16	625	99	94	Ley	15.9375
152	11	Si4b1	B4b1	313	313	1	16	208	95	92		16
153	9	Si4b1	B4b1	313	313	1	2	1667	95	96	lâ  	16.5
154	9	Sol4	G4	296	296	1	16	208	95	86	SAZ	16.5625
155	9	Si4b1	B4b1	313	313	1	16	208	95	84	.	16.625
156	9	Sol4	G4	296	296	1	8	417	95	94	.	16.75
157	9	Si4b1	B4b1	313	313	1	4	833	95	92	.	17
158	53			0	0	0	0	0	0	0		17
159	9	Si4b1	B4b1	313	313	1	16	208	95	94	ARANAÐME	17.0625
160	9	Do5	C5	318	318	1	16	208	95	90	.	17.125
161	9	Si4b1	B4b1	313	313	1	16	208	95	94	.	17.1875
162	9	La4#4	A4#4	309	309	1	16	208	95	90	.	17.25
163	9	Si4b1	B4b1	313	313	1	8	417	95	96	.	17.375
164	9	Do5	C5	318	318	1	8	417	95	94	.	17.5
165	9	Re5	D5	327	327	1	16	208	95	92	.	17.5625
166	9	Mi5b1	E5b1	335	335	1	16	208	95	88	.	17.625
167	9	Do5	C5	318	318	1	16	208	95	90	.	17.6875
168	9	Re5	D5	327	327	1	16	208	95	86	.	17.75
169	9	Si4b1	B4b1	313	313	1	16	208	95	94	.	17.8125
170	9	Do5	C5	318	318	1	16	208	95	90	.	17.875
171	9	La4	A4	305	305	1	16	208	95	92	.	17.9375
172	9	Si4b1	B4b1	313	313	1	16	208	95	88	.	18
173	9	Sol4	G4	296	296	1	16	208	95	92	.	18.0625
174	53			0	0	0	0	0	0	0		18.0625
175	9	Mi5b2	E5b1	334	335	1	8	417	95	94	.	18.1875
176	9	Mi5b2	E5b1	334	335	1	16	208	95	90	.	18.25
177	9	Mi5b2	E5b1	334	335	1	16	208	95	92	.	18.3125
178	9	Fa5#4	F5#4	344	344	1	16	208	95	88	.	18.375
179	9	Mi5b2	E5b1	334	335	1	16	208	95	90	.	18.4375
180	9	Re5	D5	327	327	1	16	208	95	86	.	18.5
181	9			-1	-1	1	16	208	100	0		18.5625
182	9	Re5	D5	327	327	1	8	417	95	94	.	18.6875
183	9	Re5	D5	327	327	1	16	208	95	90	.	18.75
184	9	Re5	D5	327	327	1	16	208	95	92	.	18.8125
185	9	Mi5b2	E5b1	334	335	1	16	208	95	88	.	18.875
186	9	Re5	D5	327	327	1	16	208	95	90	.	18.9375
187	9	Do5	C5	318	318	1	16	208	95	86	.	19
188	9			-1	-1	1	16	208	100	0	.	19.0625
189	9	Do5	C5	318	318	1	8	417	95	94	.	19.1875
190	9	Do5	C5	318	318	1	16	208	95	90	.	19.25
191	9	Do5	C5	318	318	1	16	208	95	92	.	19.3125
192	9	Re5	D5	327	327	1	16	208	95	88	.	19.375
193	9	Do5	C5	318	318	1	16	208	95	90	.	19.4375
194	9	Si4b1	B4b1	313	313	1	16	208	95	86	.	19.5
195	9	Re5	D5	327	327	1	16	208	95	90	.	19.5625
196	9	Fa5#4	F5#4	344	344	1	8	417	95	94	.	19.6875
197	9	Mi5b2	E5b1	334	335	1	16	208	95	90	.	19.75
198	9	Re5	D5	327	327	1	16	208	95	92	.	19.8125
199	9	Do5	C5	318	318	1	16	208	95	88	.	19.875
200	9	Si4b1	B4b1	313	313	1	16	208	95	90	.	19.9375
201	9	La4#4	A4#4	309	309	1	16	208	95	86	.	20
202	9	Si4b1	B4b1	313	313	1	16	208	95	92	.	20.0625
203	9	La4#4	A4#4	309	309	1	16	208	95	88	.	20.125
204	9	Sol4	G4	296	296	1	8	417	95	94	.	20.25
205	9	La4#4	A4#4	309	309	1	8	417	95	96	.	20.375
206	9	Sol4	G4	296	296	1	8	417	95	94	.	20.5
207	9	Si4b1	B4b1	313	313	3	32	312	95	92	.	20.59375
208	9	La4#4	A4#4	309	309	1	32	104	95	88	.	20.625
209	9	Si4b1	B4b1	313	313	1	16	208	95	90	.	20.6875
210	9	Do5	C5	318	318	1	16	208	95	86	.	20.75
211	9	Si4b1	B4b1	313	313	1	16	208	95	92	.	20.8125
212	9	La4#4	A4#4	309	309	1	16	208	95	88	.	20.875
213	9	Si4b1	B4b1	313	313	1	8	417	95	94	.	21
214	9	Si4b1	B4b1	313	313	1	16	208	95	92	.	21.0625
215	9	La4#4	A4#4	309	309	1	16	208	95	88	.	21.125
216	9	Sol4	G4	296	296	1	8	417	95	94	.	21.25
217	9	La4#4	A4#4	309	309	1	8	417	95	96	.	21.375
218	9	Sol4	G4	296	296	1	8	417	95	94	.	21.5
219	9	Si4b1	B4b1	313	313	3	32	312	95	92	.	21.59375
220	9	La4#4	A4#4	309	309	1	32	104	95	88	.	21.625
221	9	Si4b1	B4b1	313	313	1	16	208	95	90	.	21.6875
222	9	Do5	C5	318	318	1	16	208	95	86	.	21.75
223	9	Si4b1	B4b1	313	313	1	16	208	95	92	.	21.8125
224	9	La4#4	A4#4	309	309	1	16	208	95	88	.	21.875
225	9	Si4b1	B4b1	313	313	1	16	208	95	94	.	21.9375
226	9	Do5	C5	318	318	1	16	208	95	86	.	22
227	9	Re5	D5	327	327	1	4	833	95	94	.	22.25
228	53			0	0	0	0	0	0	0		22.25
229	9	Si4b1	B4b1	313	313	1	8	417	99	94	Ley	22.375
230	9	Do5	C5	318	318	1	8	417	95	92		22.5
231	9	Re5	D5	327	327	1	2	1667	95	96	lâ 	23
232	9	Do5	C5	318	318	1	8	417	95	94	bir_	23.125
233	9	Re5	D5	327	327	1	4	833	95	96	öz	23.375
234	9	Re5	D5	327	327	1	8	417	95	94	ge 	23.5
235	9	Re5	D5	327	327	3	32	312	95	94	can	23.59375
236	9	Fa5#4	F5#4	344	344	1	32	104	95	94		23.625
237	9	Mi5b2	E5b1	334	335	1	16	208	99	96		23.6875
238	11	Re5	D5	327	327	1	16	208	95	90		23.75
239	9	Do5	C5	318	318	1	4	833	95	96	dýr  	24
240	9	Do5	C5	318	318	1	16	208	95	94	SAZ	24.0625
241	9	Si4b1	B4b1	313	313	1	16	208	95	96	.	24.125
242	9	La4	A4	305	305	1	16	208	95	94	.	24.1875
243	9	Sol4	G4	296	296	1	16	208	95	94	.	24.25
244	53			0	0	0	0	0	0	0		24.25
245	9	Re5	D5	327	327	1	8	417	95	94	Ka	24.375
246	9	Mi5b2	E5b1	334	335	1	8	417	95	92	ra 	24.5
247	9	Fa5#4	F5#4	344	344	1	2	1667	95	96	göz	25
248	9	Mi5b2	E5b1	334	335	1	8	417	95	94	lü 	25.125
249	9	Fa5#4	F5#4	344	344	1	4	833	99	96	cey	25.375
250	9	Sol5	G5	349	349	1	8	417	95	94		25.5
251	9	Fa5#4	F5#4	344	344	1	16	208	99	92	lan	25.5625
252	9	Mi5b2	E5b1	334	335	1	16	208	99	88		25.625
253	9	Mi5b2	E5b1	334	335	1	16	208	99	90		25.6875
254	9	Re5	D5	327	327	1	16	208	95	86		25.75
255	9	Re5	D5	327	327	1	4	833	95	92	dýr  	26
256	53			0	0	0	0	0	0	0		26
257	9	Re5	D5	327	327	1	8	417	95	94	Do	26.125
258	9	Sol5	G5	349	349	3	8	1250	95	92	yul	26.5
259	9	Sol5	G5	349	349	1	16	208	99	90	maz 	26.5625
260	9	La5	A5	358	358	1	16	208	99	86		26.625
261	9	Fa5#4	F5#4	344	344	1	8	417	99	84		26.75
262	9	Fa5#4	F5#4	344	344	1	16	208	99	82		26.8125
263	9	Sol5	G5	349	349	1	16	208	99	78		26.875
264	9	Mi5b1	E5b1	335	335	1	8	417	95	80		27
265	9			-1	-1	1	8	417	100	0		27.125
266	9	Re5	D5	327	327	1	4	833	95	96	hüsn_	27.375
267	9	Re5	D5	327	327	1	8	417	95	92	ü 	27.5
268	10	Re5	D5	327	327	1	8	417	99	94	an	27.625
269	8	Mi5b1	E5b1	335	335	0	0	0	99	96		27.625
270	11	Re5	D5	327	327	1	16	208	99	92		27.6875
271	9	Do5	C5	318	318	1	16	208	95	88		27.75
272	9	Si4b1	B4b1	313	313	1	4	833	95	94	dýr  	28
273	9	Mi5b2	E5b1	334	335	1	16	208	95	96	SAZ	28.0625
274	9	Re5	D5	327	327	1	16	208	95	94	.	28.125
275	9	Mi5b2	E5b1	334	335	1	8	417	95	95	.	28.25
276	53			0	0	0	0	0	0	0		28.25
277	9	Re5	D5	327	327	1	8	417	95	92	Ka	28.375
278	9	Mi5b2	E5b1	334	335	1	8	417	95	94	nýl	28.5
279	9	Mi5b2	E5b1	334	335	1	8	417	99	96	maz 	28.625
280	9	Re5	D5	327	327	1	8	417	99	94		28.75
281	9	Mi5b2	E5b1	334	335	1	8	417	99	95		28.875
282	9	Re5	D5	327	327	1	8	417	95	93		29
283	9			-1	-1	1	8	417	100	0		29.125
284	9	Mi5b2	E5b1	334	335	1	8	417	99	92	bir 	29.25
285	9	Re5	D5	327	327	1	8	417	95	90		29.375
286	9	Sol5	G5	349	349	1	8	417	95	92	i	29.5
287	9	Fa5#4	F5#4	344	344	1	16	208	99	94	çim 	29.5625
288	9	Mi5b2	E5b1	334	335	1	16	208	99	90		29.625
289	9	Re5	D5	327	327	1	16	208	99	92		29.6875
290	9	Mi5b2	E5b1	334	335	1	16	208	95	88		29.75
291	9	Re5	D5	327	327	1	4	833	95	96	su  	30
292	9	Sol4	G4	296	296	1	16	208	50	92	SAZ	30.0625
293	9	Si4b1	B4b1	313	313	1	16	208	50	94	.	30.125
294	9	Re5	D5	327	327	1	8	417	50	90	.	30.25
295	53			0	0	0	0	0	0	0		30.25
296	9	Re5	D5	327	327	1	8	417	99	94	Ley	30.375
297	9	Do5	C5	318	318	1	16	208	99	88		30.4375
298	9	Si4b1	B4b1	313	313	1	16	208	95	84		30.5
299	9	Do5	C5	318	318	1	2	1667	100	96	lâ 	31
300	9	Do5	C5	318	318	1	2	1667	99	96		31.5
301	9	Do5	C5	318	318	1	8	417	99	86		31.625
302	9	Si4b1	B4b1	313	313	1	8	417	95	84		31.75
303	9	Si4b1	B4b1	313	313	1	8	417	99	94	Ley	31.875
304	9	Do5	C5	318	318	1	8	417	95	92		32
305	9	Re5	D5	327	327	1	2	1667	95	96	lâ 	32.5
306	53			0	0	0	0	0	0	0		32.5
307	9	Mi5b1	E5b1	335	335	3	16	625	99	94	ah 	32.6875
308	9	Do5	C5	318	318	1	16	208	95	92		32.75
309	9	Do5	C5	318	318	3	16	625	99	94	Ley	32.9375
310	11	Si4b1	B4b1	313	313	1	16	208	95	92		33
311	9	Si4b1	B4b1	313	313	1	2	1667	95	96	lâ  	33.5
312	9	Sol4	G4	296	296	1	16	208	95	86	SAZ	33.5625
313	9	Si4b1	B4b1	313	313	1	16	208	95	84	.	33.625
314	9	Sol4	G4	296	296	1	8	417	95	94	.	33.75
315	9	Si4b1	B4b1	313	313	1	4	833	95	92	.	34
316	53			0	0	0	0	0	0	0		34
317	9	Si4b1	B4b1	313	313	1	16	208	95	94	ARANAÐME	34.0625
318	9	Do5	C5	318	318	1	16	208	95	90	.	34.125
319	9	Si4b1	B4b1	313	313	1	16	208	95	94	.	34.1875
320	9	La4#4	A4#4	309	309	1	16	208	95	90	.	34.25
321	9	Si4b1	B4b1	313	313	1	8	417	95	96	.	34.375
322	9	Do5	C5	318	318	1	8	417	95	94	.	34.5
323	9	Re5	D5	327	327	1	16	208	95	92	.	34.5625
324	9	Mi5b1	E5b1	335	335	1	16	208	95	88	.	34.625
325	9	Do5	C5	318	318	1	16	208	95	90	.	34.6875
326	9	Re5	D5	327	327	1	16	208	95	86	.	34.75
327	9	Si4b1	B4b1	313	313	1	16	208	95	94	.	34.8125
328	9	Do5	C5	318	318	1	16	208	95	90	.	34.875
329	9	La4	A4	305	305	1	16	208	95	92	.	34.9375
330	9	Si4b1	B4b1	313	313	1	16	208	95	88	.	35
331	9	Sol4	G4	296	296	1	16	208	95	92	.	35.0625
332	53			0	0	0	0	0	0	0		35.0625
333	9	Mi5b2	E5b1	334	335	1	8	417	95	94	.	35.1875
334	9	Mi5b2	E5b1	334	335	1	16	208	95	90	.	35.25
335	9	Mi5b2	E5b1	334	335	1	16	208	95	92	.	35.3125
336	9	Fa5#4	F5#4	344	344	1	16	208	95	88	.	35.375
337	9	Mi5b2	E5b1	334	335	1	16	208	95	90	.	35.4375
338	9	Re5	D5	327	327	1	16	208	95	86	.	35.5
339	9			-1	-1	1	16	208	100	0		35.5625
340	9	Re5	D5	327	327	1	8	417	95	94	.	35.6875
341	9	Re5	D5	327	327	1	16	208	95	90	.	35.75
342	9	Re5	D5	327	327	1	16	208	95	92	.	35.8125
343	9	Mi5b2	E5b1	334	335	1	16	208	95	88	.	35.875
344	9	Re5	D5	327	327	1	16	208	95	90	.	35.9375
345	9	Do5	C5	318	318	1	16	208	95	86	.	36
346	9			-1	-1	1	16	208	100	0	.	36.0625
347	9	Do5	C5	318	318	1	8	417	95	94	.	36.1875
348	9	Do5	C5	318	318	1	16	208	95	90	.	36.25
349	9	Do5	C5	318	318	1	16	208	95	92	.	36.3125
350	9	Re5	D5	327	327	1	16	208	95	88	.	36.375
351	9	Do5	C5	318	318	1	16	208	95	90	.	36.4375
352	9	Si4b1	B4b1	313	313	1	16	208	95	86	.	36.5
353	9	Re5	D5	327	327	1	16	208	95	90	.	36.5625
354	9	Fa5#4	F5#4	344	344	1	8	417	95	94	.	36.6875
355	9	Mi5b2	E5b1	334	335	1	16	208	95	90	.	36.75
356	9	Re5	D5	327	327	1	16	208	95	92	.	36.8125
357	9	Do5	C5	318	318	1	16	208	95	88	.	36.875
358	9	Si4b1	B4b1	313	313	1	16	208	95	90	.	36.9375
359	9	La4#4	A4#4	309	309	1	16	208	95	86	.	37
360	9	Si4b1	B4b1	313	313	1	16	208	95	92	.	37.0625
361	9	La4#4	A4#4	309	309	1	16	208	95	88	.	37.125
362	9	Sol4	G4	296	296	1	8	417	95	94	.	37.25
363	9	La4#4	A4#4	309	309	1	8	417	95	96	.	37.375
364	9	Sol4	G4	296	296	1	8	417	95	94	.	37.5
365	9	Si4b1	B4b1	313	313	3	32	312	95	92	.	37.59375
366	9	La4#4	A4#4	309	309	1	32	104	95	88	.	37.625
367	9	Si4b1	B4b1	313	313	1	16	208	95	90	.	37.6875
368	9	Do5	C5	318	318	1	16	208	95	86	.	37.75
369	9	Si4b1	B4b1	313	313	1	16	208	95	92	.	37.8125
370	9	La4#4	A4#4	309	309	1	16	208	95	88	.	37.875
371	9	Si4b1	B4b1	313	313	1	8	417	95	94	.	38
372	9	Si4b1	B4b1	313	313	1	16	208	95	92	.	38.0625
373	9	La4#4	A4#4	309	309	1	16	208	95	88	.	38.125
374	9	Sol4	G4	296	296	1	8	417	95	94	.	38.25
375	9	La4#4	A4#4	309	309	1	8	417	95	96	.	38.375
376	9	Sol4	G4	296	296	1	8	417	95	94	.	38.5
377	9			-1	-1	1	16	208	100	0	.	38.5625
378	9	Si4b1	B4b1	313	313	1	16	208	95	88	.	38.625
379	9	Do5	C5	318	318	1	16	208	95	90	.	38.6875
380	9	Re5	D5	327	327	1	16	208	95	86	.	38.75
381	9	Mi5b1	E5b1	335	335	1	16	208	95	92	.	38.8125
382	9	Fa5#4	F5#4	344	344	1	16	208	95	88	.	38.875
383	9	Sol5	G5	349	349	1	16	208	95	94	.	38.9375
384	9	La5#4	A5#4	362	362	1	16	208	95	96	.	39
385	9	Si5b1	B5b1	366	366	1	8	417	95	94	.	39.125
386	53			0	0	0	0	0	0	0		39.125
387	9	Si5b1	B5b1	366	366	3	8	1250	95	94	Â	39.5
388	9	Si5b1	B5b1	366	366	1	4	833	95	96	þýk	39.75
389	9	Si5b1	B5b1	366	366	1	4	833	95	95	lar 	40
390	9	Si5b1	B5b1	366	366	1	8	417	95	94	le	40.125
391	9	Do6	C6	371	371	1	8	417	99	92	vend 	40.25
392	9	Si5b1	B5b1	366	366	1	8	417	99	93		40.375
393	9	La5#4	A5#4	362	362	1	8	417	95	91		40.5
394	9	Sol5	G5	349	349	3	16	625	99	96	ol	40.6875
395	9	Fa5#4	F5#4	344	344	1	16	208	95	90		40.75
396	9	Mi5b1	E5b1	335	335	1	4	833	95	96	sa  	41
397	53			0	0	0	0	0	0	0		41
398	9			-1	-1	1	8	417	100	0		41.125
399	9	Si4b1	B4b1	313	313	3	8	1250	95	94	SAZ	41.5
400	9	Si4b1	B4b1	313	313	1	4	833	95	96	.	41.75
401	9	Si4b1	B4b1	313	313	1	4	833	95	95	.	42
402	9	Si4b1	B4b1	313	313	1	8	417	95	94	.	42.125
403	9	Do5	C5	318	318	1	8	417	95	92	.	42.25
404	9	Si4b1	B4b1	313	313	1	8	417	95	93	.	42.375
405	9	La4#4	A4#4	309	309	1	8	417	95	91	.	42.5
406	9	Sol4	G4	296	296	3	16	625	95	96	.	42.6875
407	9	Fa4#4	F4#4	291	291	1	16	208	95	90	.	42.75
408	9	Mi4b1	E4b1	282	282	1	4	833	95	96	.	43
409	53			0	0	0	0	0	0	0		43
410	9			-1	-1	1	8	417	100	0		43.125
411	9	Do6	C6	371	371	1	4	833	99	94	Sev	43.375
412	9	Si5b1	B5b1	366	366	1	8	417	95	92		43.5
413	9	Do6	C6	371	371	3	16	625	99	96	da	43.6875
414	9	Si5b1	B5b1	366	366	1	16	208	95	94		43.75
415	9	Do6	C6	371	371	3	16	625	99	95	lar 	43.9375
416	9	Si5b1	B5b1	366	366	1	16	208	95	93		44
417	9	Si5b1	B5b1	366	366	1	8	417	95	94	ke	44.125
418	9	Do6	C6	371	371	1	8	417	99	92	mend_	44.25
419	9	Si5b1	B5b1	366	366	1	8	417	99	93		44.375
420	9	La5#4	A5#4	362	362	1	8	417	95	91		44.5
421	9	Sol5	G5	349	349	3	16	625	99	96	ol	44.6875
422	9	La5#4	A5#4	362	362	1	16	208	95	90		44.75
423	9	Si5b1	B5b1	366	366	1	4	833	95	96	sa  	45
424	53			0	0	0	0	0	0	0		45
425	9			-1	-1	1	8	417	100	0		45.125
426	9	Do5	C5	318	318	1	4	833	99	94	SAZ	45.375
427	9	Si4b1	B4b1	313	313	1	8	417	95	92	.	45.5
428	9	Do5	C5	318	318	3	16	625	95	96	.	45.6875
429	9	Si4b1	B4b1	313	313	1	16	208	95	94	.	45.75
430	9	Do5	C5	318	318	3	16	625	95	95	.	45.9375
431	9	Si4b1	B4b1	313	313	1	16	208	95	93	.	46
432	9	Si4b1	B4b1	313	313	1	8	417	95	94	.	46.125
433	9	Do5	C5	318	318	1	8	417	95	92	.	46.25
434	9	Si4b1	B4b1	313	313	1	8	417	95	93	.	46.375
435	9	La4#4	A4#4	309	309	1	8	417	95	91	.	46.5
436	9	Sol4	G4	296	296	3	16	625	95	96	.	46.6875
437	9	La4#4	A4#4	309	309	1	16	208	95	90	.	46.75
438	9	Si4b1	B4b1	313	313	1	16	208	95	96	.	46.8125
439	9	Re5	D5	327	327	1	16	208	95	92	.	46.875
440	9	Mi5b1	E5b1	335	335	1	16	208	95	93	.	46.9375
441	9	Fa5#4	F5#4	344	344	1	16	208	95	91	.	47
442	9	Sol5	G5	349	349	1	8	417	95	96	.	47.125
443	53			0	0	0	0	0	0	0		47.125
444	9	Sol5	G5	349	349	1	4	833	95	96	Bir	47.375
445	9	Sol5	G5	349	349	1	8	417	95	94	bi	47.5
446	9	Sol5	G5	349	349	1	4	833	99	95	ri	47.75
447	9	Fa5#4	F5#4	344	344	1	8	417	99	94		47.875
448	9	Mi5b1	E5b1	335	335	1	8	417	95	92		48
449	9	Re5	D5	327	327	1	8	417	95	94	ne 	48.125
450	9	Sol5	G5	349	349	1	8	417	99	92	bend 	48.25
451	9	Fa5#4	F5#4	344	344	1	8	417	99	90		48.375
452	9	Mi5b1	E5b1	335	335	1	8	417	95	88		48.5
453	11	Re5	D5	327	327	1	8	417	99	94	ol	48.625
454	9	Re5	D5	327	327	1	16	208	99	92		48.6875
455	9	Do5	C5	318	318	1	16	208	95	88		48.75
456	9	Si4b1	B4b1	313	313	1	4	833	95	94	sa  	49
457	9	Mi5b2	E5b1	334	335	1	16	208	95	94	SAZ	49.0625
458	9	Re5	D5	327	327	1	16	208	95	92	.	49.125
459	9	Mi5b2	E5b1	334	335	1	8	417	95	93	.	49.25
460	53			0	0	0	0	0	0	0		49.25
461	9	Re5	D5	327	327	1	8	417	95	94	E	49.375
462	9	Mi5b2	E5b1	334	335	1	8	417	95	96	le 	49.5
463	9	Mi5b2	E5b1	334	335	1	8	417	99	94	geç	49.625
464	9	Re5	D5	327	327	1	8	417	99	92		49.75
465	9	Mi5b2	E5b1	334	335	1	8	417	99	93		49.875
466	9	Re5	D5	327	327	1	8	417	99	91		50
467	9	Re5	D5	327	327	1	8	417	95	94		50.125
468	9	Mi5b2	E5b1	334	335	1	8	417	99	96	mez 	50.25
469	9	Re5	D5	327	327	1	8	417	95	94		50.375
470	9	Sol5	G5	349	349	1	8	417	95	96	o 	50.5
471	9	Fa5#4	F5#4	344	344	1	16	208	99	94	â	50.5625
472	9	Mi5b2	E5b1	334	335	1	16	208	99	90		50.625
473	9	Re5	D5	327	327	1	16	208	99	92		50.6875
474	9	Mi5b2	E5b1	334	335	1	16	208	95	88		50.75
475	9	Re5	D5	327	327	1	4	833	95	94	hu  	51
476	9	Sol4	G4	296	296	1	16	208	95	96	SAZ	51.0625
477	9	Si4b1	B4b1	313	313	1	16	208	95	94	.	51.125
478	9	Re5	D5	327	327	1	8	417	95	90	.	51.25
479	53			0	0	0	0	0	0	0		51.25
480	9	Re5	D5	327	327	1	8	417	99	94	Ley	51.375
481	9	Do5	C5	318	318	1	16	208	99	88		51.4375
482	9	Si4b1	B4b1	313	313	1	16	208	95	84		51.5
483	9	Do5	C5	318	318	1	2	1667	100	96	lâ 	52
484	9	Do5	C5	318	318	1	2	1667	99	96		52.5
485	9	Do5	C5	318	318	1	8	417	99	86		52.625
486	9	Si4b1	B4b1	313	313	1	8	417	95	84		52.75
487	9	Si4b1	B4b1	313	313	1	8	417	99	94	Ley	52.875
488	9	Do5	C5	318	318	1	8	417	95	92		53
489	9	Re5	D5	327	327	1	2	1667	95	96	lâ 	53.5
490	9	Mi5b1	E5b1	335	335	3	16	625	99	94	ah 	53.6875
491	9	Do5	C5	318	318	1	16	208	95	92		53.75
492	9	Do5	C5	318	318	3	16	625	99	94	Ley	53.9375
493	11	Si4b1	B4b1	313	313	1	16	208	95	92		54
494	9	Si4b1	B4b1	313	313	3	4	2500	95	96	lâ  	54.75
495	9			-1	-1	1	4	833	100	0		55
496	53			0	0	0	0	0	0	0		55
