Sýra	Kod	Nota53	NotaAE	Koma53	KomaAE	Pay	Payda	Ms	LNS	Bas	Soz1	Offset
1	9	Do5	C5	318	318	1	16	147	95	96	ARANAÐME	5.555556E-02
2	9	Si4b1	B4b1	313	313	1	16	147	95	96	.	0.1111111
3	9	La4#4	A4#4	309	309	1	8	294	95	96	.	0.2222222
4	9	Si4b1	B4b1	313	313	1	8	294	95	96	.	0.3333333
5	9	Do5	C5	318	318	1	8	294	95	96	.	0.4444444
6	9	La4#4	A4#4	309	309	1	8	294	95	96	.	0.5555556
7	9	Si4b1	B4b1	313	313	1	8	294	95	96	.	0.6666667
8	9	Sol4	G4	296	296	1	8	294	95	96	.	0.7777778
9	9	Fa4#4	F4#4	291	291	1	8	294	95	96	.	0.8888889
10	9	Sol4	G4	296	296	1	8	294	95	96	.	1
11	9	La4#4	A4#4	309	309	1	8	294	95	96	.	1.111111
12	9	Sol4	G4	296	296	1	16	147	95	96	.	1.166667
13	9	La4#4	A4#4	309	309	1	16	147	95	96	.	1.222222
14	9	Si4b1	B4b1	313	313	1	8	294	95	96	.	1.333333
15	9	La4#4	A4#4	309	309	1	16	147	95	96	.	1.388889
16	9	Si4b1	B4b1	313	313	1	16	147	95	96	.	1.444444
17	9	Do5	C5	318	318	1	8	294	95	96	.	1.555556
18	9	Si4b1	B4b1	313	313	1	16	147	95	96	.	1.611111
19	9	Do5	C5	318	318	1	16	147	95	96	.	1.666667
20	9	Re5	D5	327	327	3	8	882	95	96	.	2
21	53			0	0	0	0	0	0	0		2
22	9	Sol5	G5	349	349	3	16	441	95	96	.	2.166667
23	9	Fa5	F5	340	340	1	16	147	95	96	.	2.222222
24	9	Fa5	F5	340	340	3	16	441	95	96	.	2.388889
25	9	Mi5b1	E5b1	335	335	1	16	147	95	96	.	2.444444
26	9	Mi5b1	E5b1	335	335	3	16	441	95	96	.	2.611111
27	9	Re5	D5	327	327	1	16	147	95	96	.	2.666667
28	9	Re5	D5	327	327	1	16	147	95	96	.	2.722222
29	9	Mi5b1	E5b1	335	335	1	16	147	95	96	.	2.777778
30	9	Re5	D5	327	327	1	16	147	95	96	.	2.833333
31	9	Do5	C5	318	318	1	16	147	95	96	.	2.888889
32	9	Si4b1	B4b1	313	313	1	16	147	95	96	.	2.944444
33	9	La4#4	A4#4	309	309	1	16	147	95	96	.	3
34	9	Si4b1	B4b1	313	313	1	16	147	95	96	.	3.055556
35	9	Do5	C5	318	318	1	16	147	95	96	.	3.111111
36	9	Re5	D5	327	327	1	16	147	95	96	.	3.166667
37	9	Mi5b1	E5b1	335	335	1	16	147	95	96	.	3.222222
38	9	Fa5	F5	340	340	1	8	294	95	96	.	3.333333
39	9	Mi5b1	E5b1	335	335	1	16	147	95	96	.	3.388889
40	9	Re5	D5	327	327	1	16	147	95	96	.	3.444444
41	9	Re5	D5	327	327	1	16	147	95	96	.	3.5
42	9	Do5	C5	318	318	1	16	147	95	96	.	3.555556
43	9	Do5	C5	318	318	1	16	147	95	96	.	3.611111
44	11	Si4b1	B4b1	313	313	1	16	147	95	96	.	3.666667
45	9	Si4b1	B4b1	313	313	3	8	882	95	96	.	4
46	53			0	0	0	0	0	0	0		4
47	9	Do5	C5	318	318	1	16	147	95	96	ARANAÐME	4.055555
48	9	Si4b1	B4b1	313	313	1	16	147	95	96	.	4.111111
49	9	La4#4	A4#4	309	309	1	8	294	95	96	.	4.222222
50	9	Si4b1	B4b1	313	313	1	8	294	95	96	.	4.333333
51	9	Do5	C5	318	318	1	8	294	95	96	.	4.444445
52	9	La4#4	A4#4	309	309	1	8	294	95	96	.	4.555555
53	9	Si4b1	B4b1	313	313	1	8	294	95	96	.	4.666667
54	9	Sol4	G4	296	296	1	8	294	95	96	.	4.777778
55	9	Fa4#4	F4#4	291	291	1	8	294	95	96	.	4.888889
56	9	Sol4	G4	296	296	1	8	294	95	96	.	5
57	9	La4#4	A4#4	309	309	1	8	294	95	96	.	5.111111
58	9	Sol4	G4	296	296	1	16	147	95	96	.	5.166667
59	9	La4#4	A4#4	309	309	1	16	147	95	96	.	5.222222
60	9	Si4b1	B4b1	313	313	1	8	294	95	96	.	5.333333
61	9	La4#4	A4#4	309	309	1	16	147	95	96	.	5.388889
62	9	Si4b1	B4b1	313	313	1	16	147	95	96	.	5.444445
63	9	Do5	C5	318	318	1	8	294	95	96	.	5.555555
64	9	Si4b1	B4b1	313	313	1	16	147	95	96	.	5.611111
65	9	Do5	C5	318	318	1	16	147	95	96	.	5.666667
66	9	Re5	D5	327	327	3	8	882	95	96	.	6
67	53			0	0	0	0	0	0	0		6
68	9	Sol5	G5	349	349	3	16	441	95	96	.	6.166667
69	9	Fa5	F5	340	340	1	16	147	95	96	.	6.222222
70	9	Fa5	F5	340	340	3	16	441	95	96	.	6.388889
71	9	Mi5b1	E5b1	335	335	1	16	147	95	96	.	6.444445
72	9	Mi5b1	E5b1	335	335	3	16	441	95	96	.	6.611111
73	9	Re5	D5	327	327	1	16	147	95	96	.	6.666667
74	9	Re5	D5	327	327	1	16	147	95	96	.	6.722222
75	9	Mi5b1	E5b1	335	335	1	16	147	95	96	.	6.777778
76	9	Re5	D5	327	327	1	16	147	95	96	.	6.833333
77	9	Do5	C5	318	318	1	16	147	95	96	.	6.888889
78	9	Si4b1	B4b1	313	313	1	16	147	95	96	.	6.944445
79	9	La4#4	A4#4	309	309	1	16	147	95	96	.	7
80	9	Si4b1	B4b1	313	313	1	16	147	95	96	.	7.055555
81	9	Do5	C5	318	318	1	16	147	95	96	.	7.111111
82	9	Re5	D5	327	327	1	16	147	95	96	.	7.166667
83	9	Mi5b1	E5b1	335	335	1	16	147	95	96	.	7.222222
84	9	Fa5	F5	340	340	1	8	294	95	96	.	7.333333
85	9	Mi5b1	E5b1	335	335	1	16	147	95	96	.	7.388889
86	9	Re5	D5	327	327	1	16	147	95	96	.	7.444445
87	9	Re5	D5	327	327	1	16	147	95	96	.	7.5
88	9	Do5	C5	318	318	1	16	147	95	96	.	7.555555
89	9	Do5	C5	318	318	1	16	147	95	96	.	7.611111
90	9	Si4b1	B4b1	313	313	1	16	147	95	96	.	7.666667
91	9	Si4b1	B4b1	313	313	3	16	441	95	96	.	7.833333
92	9	Do5	C5	318	318	1	16	147	95	96	.	7.888889
93	9	La4#4	A4#4	309	309	1	16	147	95	96	.	7.944445
94	9	Do5	C5	318	318	1	16	147	95	96	.	8
95	9	Si4b1	B4b1	313	313	1	4	588	95	96	.	8.222222
96	53			0	0	0	0	0	0	0		8.222222
97	9	Si4b1	B4b1	313	313	1	8	294	95	96	Be	8.333333
98	9	Si4b1	B4b1	313	313	1	8	294	95	96	nim 	8.444445
99	9	Si4b1	B4b1	313	313	1	4	588	95	96	sen 	8.666667
100	9	Si4b1	B4b1	313	313	3	8	882	95	96	nem	9
101	9	Si4b1	B4b1	313	313	1	4	588	95	96	sin 	9.222222
102	9	Si4b1	B4b1	313	313	1	4	588	95	96	ey 	9.444445
103	9	Do5	C5	318	318	1	4	588	95	96	dil	9.666667
104	9	Re5	D5	327	327	1	4	588	99	96	ber  	9.888889
105	9	Mi5b1	E5b1	335	335	1	16	147	99	96		9.944445
106	11	Re5	D5	327	327	1	16	147	99	96		10
107	9	Re5	D5	327	327	3	16	441	99	96		10.16667
108	9	Do5	C5	318	318	1	16	147	95	96		10.22222
109	53			0	0	0	0	0	0	0		10.22222
110	9	Si4b1	B4b1	313	313	1	8	294	95	96	Be	10.33333
111	9	Si4b1	B4b1	313	313	1	8	294	95	96	nim 	10.44444
112	9	Si4b1	B4b1	313	313	1	4	588	95	96	sen 	10.66667
113	9	Si4b1	B4b1	313	313	3	8	882	95	96	nem	11
114	9	Si4b1	B4b1	313	313	1	4	588	95	96	sin 	11.22222
115	9	Si4b1	B4b1	313	313	1	4	588	95	96	ey 	11.44444
116	9	Do5	C5	318	318	1	4	588	95	96	dil	11.66667
117	9	Re5	D5	327	327	1	4	588	99	96	ber  	11.88889
118	9	Mi5b1	E5b1	335	335	1	16	147	99	96		11.94444
119	11	Re5	D5	327	327	1	16	147	99	96		12
120	9	Re5	D5	327	327	1	8	294	95	96		12.11111
121	9			-1	-1	1	8	294	100	0		12.22222
122	53			0	0	0	0	0	0	0		12.22222
123	9	Sol5	G5	349	349	1	8	294	95	96	De	12.33333
124	9	Sol5	G5	349	349	1	16	147	99	96	li 	12.38889
125	9	Fa5	F5	340	340	1	16	147	95	96		12.44444
126	9	Fa5	F5	340	340	3	16	441	99	96	gön	12.61111
127	9	Mi5b1	E5b1	335	335	1	16	147	95	96		12.66667
128	9	Mi5b1	E5b1	335	335	1	4	588	99	96	lüm 	12.88889
129	9	Re5	D5	327	327	1	8	294	95	96		13
130	9	Re5	D5	327	327	1	8	294	95	96	se	13.11111
131	9	Mi5b1	E5b1	335	335	1	4	588	99	96	ni 	13.33333
132	9	Re5	D5	327	327	1	8	294	95	96		13.44444
133	9	Re5	D5	327	327	3	16	441	99	96	is	13.61111
134	9	Do5	C5	318	318	1	16	147	95	96		13.66667
135	9	Si4b1	B4b1	313	313	1	4	588	95	96	ter  	13.88889
136	9	Do5	C5	318	318	1	8	294	95	96	Yâr 	14
137	9	Re5	D5	327	327	2	4	1176	95	96	ey 	14.44444
138	53			0	0	0	0	0	0	0		14.44444
139	9	Sol4	G4	296	296	1	16	147	95	96	SAZ	14.5
140	9	La4	A4	305	305	1	16	147	95	96	.	14.55556
141	9	Si4b1	B4b1	313	313	1	16	147	95	96	.	14.61111
142	9	Do5	C5	318	318	1	16	147	95	96	.	14.66667
143	9	Re5	D5	327	327	1	8	294	95	96	.	14.77778
144	9			-1	-1	1	4	588	100	0		15
145	53			0	0	0	0	0	0	0		15
146	9	Re5	D5	327	327	1	8	294	99	96	yâr 	15.11111
147	9	Do5	C5	318	318	1	16	147	99	96		15.16667
148	9	Re5	D5	327	327	1	16	147	99	96		15.22222
149	9	Mi5b1	E5b1	335	335	3	16	441	99	96		15.38889
150	9	Re5	D5	327	327	1	16	147	99	96		15.44444
151	9	Re5	D5	327	327	1	8	294	99	96		15.55556
152	9	Do5	C5	318	318	1	16	147	99	96		15.61111
153	9	Re5	D5	327	327	1	16	147	99	96		15.66667
154	9	Mi5b1	E5b1	335	335	1	4	588	99	96		15.88889
155	9	Re5	D5	327	327	1	8	294	95	96		16
156	53			0	0	0	0	0	0	0		16
157	9			-1	-1	1	8	294	100	0		16.11111
158	9	Sol5	G5	349	349	1	8	294	99	96	yâr 	16.22222
159	9	Fa5	F5	340	340	1	8	294	99	96		16.33333
160	9	Mi5b1	E5b1	335	335	1	8	294	99	96		16.44444
161	9	Re5	D5	327	327	1	8	294	99	96		16.55556
162	9	Do5	C5	318	318	1	8	294	99	96		16.66667
163	9	Re5	D5	327	327	1	8	294	99	96		16.77778
164	9	Do5	C5	318	318	1	8	294	95	96		16.88889
165	9	Do5	C5	318	318	1	16	147	99	96	a	16.94444
166	11	Si4b1	B4b1	313	313	1	16	147	95	96		17
167	9	Si4b1	B4b1	313	313	1	4	588	95	96	man  	17.22222
168	53			0	0	0	0	0	0	0		17.22222
169	9			-1	-1	1	8	294	100	0		17.33333
170	9	Si4b1	B4b1	313	313	1	16	147	95	96	SAZ	17.38889
171	9	Do5	C5	318	318	1	16	147	95	96	.	17.44444
172	9	Si4b1	B4b1	313	313	1	16	147	95	96	.	17.5
173	9	La4#3	A4#4	308	309	1	16	147	95	96	.	17.55556
174	9	Sol4	G4	296	296	1	16	147	95	96	.	17.61111
175	9	La4#3	A4#4	308	309	1	16	147	95	96	.	17.66667
176	9	Si4b1	B4b1	313	313	3	16	441	95	96	.	17.83333
177	9	Do5	C5	318	318	1	16	147	95	96	.	17.88889
178	9	Si4b1	B4b1	313	313	1	16	147	95	96	.	17.94444
179	9	Do5	C5	318	318	1	16	147	95	96	.	18
180	9	Re5	D5	327	327	1	4	588	95	96	.	18.22222
181	53			0	0	0	0	0	0	0		18.22222
182	9	Re5	D5	327	327	1	8	294	95	96	De	18.33333
183	9	Do5	C5	318	318	1	16	147	99	96	li 	18.38889
184	9	Si4b1	B4b1	313	313	1	16	147	95	96		18.44444
185	9	Do5	C5	318	318	1	8	294	99	96	gön	18.55556
186	9	Si4b2	B4b1	312	313	1	16	147	99	96		18.61111
187	9	La4	A4	305	305	1	16	147	95	96		18.66667
188	9	La4	A4	305	305	1	4	588	99	96	lüm 	18.88889
189	9	Si4b2	B4b1	312	313	1	8	294	95	96		19
190	9	Sol4	G4	296	296	1	8	294	95	96	se	19.11111
191	9	Sol5	G5	349	349	1	8	294	99	96	ni 	19.22222
192	9	Fa5	F5	340	340	1	8	294	99	96		19.33333
193	9	Mi5b1	E5b1	335	335	1	8	294	95	96		19.44444
194	9	Re5	D5	327	327	1	8	294	99	96	is	19.55556
195	9	Do5	C5	318	318	1	8	294	99	96		19.66667
196	7	Re5	D5	327	327	1	8	294	99	96		19.77778
197	9	Do5	C5	318	318	1	16	147	99	96		19.83333
198	9	Do5	C5	318	318	1	16	147	99	96		19.88889
199	9	Do5	C5	318	318	1	16	147	99	96		19.94444
200	11	Si4b1	B4b1	313	313	1	16	147	95	96		20
201	9	Si4b1	B4b1	313	313	3	8	882	95	96	ter  	20.33333
202	53			0	0	0	0	0	0	0		20.33333
203	9	La5	A5	358	358	1	16	147	95	96	SAZ	20.38889
204	9	Sol5	G5	349	349	1	16	147	95	96	.	20.44444
205	9	Sol5	G5	349	349	1	16	147	95	96	.	20.5
206	9	Fa5#4	F5#4	344	344	1	16	147	95	96	.	20.55556
207	9	Fa5#4	F5#4	344	344	1	16	147	95	96	.	20.61111
208	9	Mi5#3	E5#4	339	340	1	16	147	95	96	.	20.66667
209	9	Fa5#4	F5#4	344	344	3	16	441	95	96	.	20.83333
210	9	Sol5	G5	349	349	1	16	147	95	96	.	20.88889
211	9	Mi5#3	E5#4	339	340	1	16	147	95	96	.	20.94444
212	9	Sol5	G5	349	349	1	16	147	95	96	.	21
213	9	Fa5#4	F5#4	344	344	1	4	588	95	96	.	21.22222
214	53			0	0	0	0	0	0	0		21.22222
215	9	Fa5#4	F5#4	344	344	1	8	294	95	96	Zan	21.33333
216	9	Fa5#4	F5#4	344	344	1	8	294	95	96	ne	21.44444
217	9	Fa5#4	F5#4	344	344	1	4	588	95	96	der	21.66667
218	9	Fa5#4	F5#4	344	344	1	4	588	95	96	ler 	21.88889
219	9			-1	-1	1	8	294	100	0		22
220	9	Mi5#3	E5#4	339	340	1	8	294	99	96	et	22.11111
221	9	Fa5#4	F5#4	344	344	1	8	294	99	96		22.22222
222	9	Sol5	G5	349	349	1	8	294	95	96		22.33333
223	9	La5	A5	358	358	1	8	294	95	96	miþ 	22.44444
224	9	Sol5	G5	349	349	1	8	294	99	96	ez	22.55556
225	9	Fa5#4	F5#4	344	344	1	8	294	95	96		22.66667
226	9	Sol5	G5	349	349	1	4	588	99	96	ber  	22.88889
227	9	Fa5#4	F5#4	344	344	1	16	147	99	96		22.94444
228	9	Mi5	E5	336	336	1	16	147	99	96		23
229	9	Re5	D5	327	327	1	4	588	95	96		23.22222
230	53			0	0	0	0	0	0	0		23.22222
231	9	Fa5#4	F5#4	344	344	1	8	294	95	96	Zan	23.33333
232	9	Fa5#4	F5#4	344	344	1	8	294	95	96	ne	23.44444
233	9	Fa5#4	F5#4	344	344	1	4	588	95	96	der	23.66667
234	9	Fa5#4	F5#4	344	344	1	4	588	95	96	ler 	23.88889
235	9			-1	-1	1	8	294	100	0		24
236	9	Mi5#3	E5#4	339	340	1	8	294	99	96	et	24.11111
237	9	Fa5#4	F5#4	344	344	1	8	294	99	96		24.22222
238	9	Sol5	G5	349	349	1	8	294	95	96		24.33333
239	9	La5	A5	358	358	1	8	294	95	96	miþ 	24.44444
240	9	Sol5	G5	349	349	1	8	294	99	96	ez	24.55556
241	9	Fa5#4	F5#4	344	344	1	8	294	95	96		24.66667
242	9	Sol5	G5	349	349	1	4	588	99	96	ber  	24.88889
243	9	Fa5#4	F5#4	344	344	1	16	147	99	96		24.94444
244	9	Mi5	E5	336	336	1	16	147	99	96		25
245	9	Re5	D5	327	327	1	4	588	95	96		25.22222
246	53			0	0	0	0	0	0	0		25.22222
247	9	Sol5	G5	349	349	1	8	294	95	96	Se	25.33333
248	9	Sol5	G5	349	349	1	16	147	99	96	ni 	25.38889
249	9	Fa5	F5	340	340	1	16	147	95	96		25.44444
250	9	Fa5	F5	340	340	1	8	294	99	96	söy	25.55556
251	9	Mi5b1	E5b1	335	335	1	8	294	95	96		25.66667
252	9	Mi5b1	E5b1	335	335	1	4	588	99	96	ler 	25.88889
253	9	Re5	D5	327	327	1	8	294	95	96		26
254	9	Re5	D5	327	327	1	8	294	95	96	se	26.11111
255	9	Mi5b1	E5b1	335	335	1	4	588	99	96	ni 	26.33333
256	9	Re5	D5	327	327	1	8	294	95	96		26.44444
257	9	Re5	D5	327	327	3	16	441	99	96	is	26.61111
258	9	Do5	C5	318	318	1	16	147	95	96		26.66667
259	9	Si4b1	B4b1	313	313	1	4	588	95	96	ter  	26.88889
260	9	Do5	C5	318	318	1	8	294	95	96	Yâr 	27
261	9	Re5	D5	327	327	2	4	1176	95	96	ey 	27.44444
262	53			0	0	0	0	0	0	0		27.44444
263	9	Sol4	G4	296	296	1	16	147	95	96	SAZ	27.5
264	9	La4	A4	305	305	1	16	147	95	96	.	27.55556
265	9	Si4b1	B4b1	313	313	1	16	147	95	96	.	27.61111
266	9	Do5	C5	318	318	1	16	147	95	96	.	27.66667
267	9	Re5	D5	327	327	1	8	294	95	96	.	27.77778
268	9			-1	-1	1	4	588	100	0		28
269	53			0	0	0	0	0	0	0		28
270	9	Re5	D5	327	327	1	8	294	99	96	yâr 	28.11111
271	9	Do5	C5	318	318	1	16	147	99	96		28.16667
272	9	Re5	D5	327	327	1	16	147	99	96		28.22222
273	9	Mi5b1	E5b1	335	335	3	16	441	99	96		28.38889
274	9	Re5	D5	327	327	1	16	147	99	96		28.44444
275	9	Re5	D5	327	327	1	8	294	99	96		28.55556
276	9	Do5	C5	318	318	1	16	147	99	96		28.61111
277	9	Re5	D5	327	327	1	16	147	99	96		28.66667
278	9	Mi5b1	E5b1	335	335	1	4	588	99	96		28.88889
279	9	Re5	D5	327	327	1	8	294	95	96		29
280	53			0	0	0	0	0	0	0		29
281	9			-1	-1	1	8	294	100	0		29.11111
282	9	Sol5	G5	349	349	1	8	294	99	96	yâr 	29.22222
283	9	Fa5	F5	340	340	1	8	294	99	96		29.33333
284	9	Mi5b1	E5b1	335	335	1	8	294	99	96		29.44444
285	9	Re5	D5	327	327	1	8	294	99	96		29.55556
286	9	Do5	C5	318	318	1	8	294	99	96		29.66667
287	12	Re5	D5	327	327	1	8	294	99	96		29.77778
288	12	Do5	C5	318	318	1	8	294	95	90		29.88889
289	9	Do5	C5	318	318	1	16	147	99	90	a	29.94444
290	11	Si4b1	B4b1	313	313	1	16	147	95	93		30
291	9	Si4b1	B4b1	313	313	3	8	882	95	96	man  	30.33333
292	53			0	0	0	0	0	0	0		30.33333
293	9	Si4b1	B4b1	313	313	1	16	147	95	96	SAZ	30.38889
294	9	Do5	C5	318	318	1	16	147	95	96	.	30.44444
295	9	Si4b1	B4b1	313	313	1	16	147	95	96	.	30.5
296	9	La4#3	A4#4	308	309	1	16	147	95	96	.	30.55556
297	9	Sol4	G4	296	296	1	16	147	95	96	.	30.61111
298	9	La4#3	A4#4	308	309	1	16	147	95	96	.	30.66667
299	9	Si4b1	B4b1	313	313	3	16	441	95	96	.	30.83333
300	9	Do5	C5	318	318	1	16	147	95	96	.	30.88889
301	9	Si4b1	B4b1	313	313	1	16	147	95	96	.	30.94444
302	9	Do5	C5	318	318	1	16	147	95	96	.	31
303	9	Re5	D5	327	327	1	4	588	95	96	.	31.22222
304	53			0	0	0	0	0	0	0		31.22222
305	9	Re5	D5	327	327	1	8	294	95	96	De	31.33333
306	9	Do5	C5	318	318	1	16	147	99	96	li 	31.38889
307	9	Si4b1	B4b1	313	313	1	16	147	95	96		31.44444
308	7	Do5	C5	318	318	1	8	294	99	96	gön	31.55556
309	9	Si4b2	B4b1	312	313	1	16	147	99	96		31.61111
310	9	La4	A4	305	305	1	16	147	95	96		31.66667
311	9	La4	A4	305	305	1	4	588	99	96	lüm 	31.88889
312	9	Si4b2	B4b1	312	313	1	8	294	95	96		32
313	9	Sol4	G4	296	296	1	8	294	95	96	se	32.11111
314	9	Sol5	G5	349	349	1	8	294	99	96	ni 	32.22222
315	9	Fa5	F5	340	340	1	8	294	99	96		32.33333
316	9	Mi5b1	E5b1	335	335	1	8	294	95	96		32.44444
317	9	Re5	D5	327	327	1	8	294	99	96	is	32.55556
318	9	Do5	C5	318	318	1	8	294	99	96		32.66667
319	11	Re5	D5	327	327	1	16	147	99	96		32.72222
320	11	Re5	D5	327	327	1	16	147	99	96		32.77778
321	11	Do5	C5	318	318	1	16	147	99	96		32.83333
322	11	Do5	C5	318	318	1	16	147	99	96		32.88889
323	9	Do5	C5	318	318	1	16	147	99	96		32.94444
324	11	Si4b1	B4b1	313	313	1	16	147	95	96		33
325	9	Si4b1	B4b1	313	313	3	8	882	95	96	ter  	33.33333
326	53			0	0	0	0	0	0	0		33.33333
327	9	Si4b1	B4b1	313	313	1	16	147	95	96	SAZ	33.38889
328	9	Do5	C5	318	318	1	16	147	95	96	.	33.44444
329	9	Si4b1	B4b1	313	313	1	16	147	95	96	.	33.5
330	9	La4#3	A4#4	308	309	1	16	147	95	96	.	33.55556
331	9	Sol4	G4	296	296	1	16	147	95	96	.	33.61111
332	9	La4#3	A4#4	308	309	1	16	147	95	96	.	33.66667
333	9	Si4b1	B4b1	313	313	3	8	882	95	96	.	34
334	53			0	0	0	0	0	0	0		34
335	9	Do5	C5	318	318	1	16	147	95	96	ARANAÐME	34.05556
336	9	Si4b1	B4b1	313	313	1	16	147	95	96	.	34.11111
337	9	La4#4	A4#4	309	309	1	8	294	95	96	.	34.22222
338	9	Si4b1	B4b1	313	313	1	8	294	95	96	.	34.33333
339	9	Do5	C5	318	318	1	8	294	95	96	.	34.44444
340	9	La4#4	A4#4	309	309	1	8	294	95	96	.	34.55556
341	9	Si4b1	B4b1	313	313	1	8	294	95	96	.	34.66667
342	9	Sol4	G4	296	296	1	8	294	95	96	.	34.77778
343	9	Fa4#4	F4#4	291	291	1	8	294	95	96	.	34.88889
344	9	Sol4	G4	296	296	1	8	294	95	96	.	35
345	9	La4#4	A4#4	309	309	1	8	294	95	96	.	35.11111
346	9	Sol4	G4	296	296	1	16	147	95	96	.	35.16667
347	9	La4#4	A4#4	309	309	1	16	147	95	96	.	35.22222
348	9	Si4b1	B4b1	313	313	1	8	294	95	96	.	35.33333
349	9	La4#4	A4#4	309	309	1	16	147	95	96	.	35.38889
350	9	Si4b1	B4b1	313	313	1	16	147	95	96	.	35.44444
351	9	Do5	C5	318	318	1	8	294	95	96	.	35.55556
352	9	Si4b1	B4b1	313	313	1	16	147	95	96	.	35.61111
353	9	Do5	C5	318	318	1	16	147	95	96	.	35.66667
354	9	Re5	D5	327	327	3	8	882	95	96	.	36
355	53			0	0	0	0	0	0	0		36
356	9	Sol5	G5	349	349	3	16	441	95	96	.	36.16667
357	9	Fa5	F5	340	340	1	16	147	95	96	.	36.22222
358	9	Fa5	F5	340	340	3	16	441	95	96	.	36.38889
359	9	Mi5b1	E5b1	335	335	1	16	147	95	96	.	36.44444
360	9	Mi5b1	E5b1	335	335	3	16	441	95	96	.	36.61111
361	9	Re5	D5	327	327	1	16	147	95	96	.	36.66667
362	9	Re5	D5	327	327	1	16	147	95	96	.	36.72222
363	9	Mi5b1	E5b1	335	335	1	16	147	95	96	.	36.77778
364	9	Re5	D5	327	327	1	16	147	95	96	.	36.83333
365	9	Do5	C5	318	318	1	16	147	95	96	.	36.88889
366	9	Si4b1	B4b1	313	313	1	16	147	95	96	.	36.94444
367	9	La4#4	A4#4	309	309	1	16	147	95	96	.	37
368	9	Si4b1	B4b1	313	313	1	16	147	95	96	.	37.05556
369	9	Do5	C5	318	318	1	16	147	95	96	.	37.11111
370	9	Re5	D5	327	327	1	16	147	95	96	.	37.16667
371	9	Mi5b1	E5b1	335	335	1	16	147	95	96	.	37.22222
372	9	Fa5	F5	340	340	1	8	294	95	96	.	37.33333
373	9	Mi5b1	E5b1	335	335	1	16	147	95	96	.	37.38889
374	9	Re5	D5	327	327	1	16	147	95	96	.	37.44444
375	9	Re5	D5	327	327	1	16	147	95	96	.	37.5
376	9	Do5	C5	318	318	1	16	147	95	96	.	37.55556
377	9	Do5	C5	318	318	1	16	147	95	96	.	37.61111
378	11	Si4b1	B4b1	313	313	1	16	147	95	96	.	37.66667
379	9	Si4b1	B4b1	313	313	3	8	882	95	96	.	38
380	53			0	0	0	0	0	0	0		38
381	9	Do5	C5	318	318	1	16	147	95	96	ARANAÐME	38.05556
382	9	Si4b1	B4b1	313	313	1	16	147	95	96	.	38.11111
383	9	La4#4	A4#4	309	309	1	8	294	95	96	.	38.22222
384	9	Si4b1	B4b1	313	313	1	8	294	95	96	.	38.33333
385	9	Do5	C5	318	318	1	8	294	95	96	.	38.44444
386	9	La4#4	A4#4	309	309	1	8	294	95	96	.	38.55556
387	9	Si4b1	B4b1	313	313	1	8	294	95	96	.	38.66667
388	9	Sol4	G4	296	296	1	8	294	95	96	.	38.77778
389	9	Fa4#4	F4#4	291	291	1	8	294	95	96	.	38.88889
390	9	Sol4	G4	296	296	1	8	294	95	96	.	39
391	9	La4#4	A4#4	309	309	1	8	294	95	96	.	39.11111
392	9	Sol4	G4	296	296	1	16	147	95	96	.	39.16667
393	9	La4#4	A4#4	309	309	1	16	147	95	96	.	39.22222
394	9	Si4b1	B4b1	313	313	1	8	294	95	96	.	39.33333
395	9	La4#4	A4#4	309	309	1	16	147	95	96	.	39.38889
396	9	Si4b1	B4b1	313	313	1	16	147	95	96	.	39.44444
397	9	Do5	C5	318	318	1	8	294	95	96	.	39.55556
398	9	Si4b1	B4b1	313	313	1	16	147	95	96	.	39.61111
399	9	Do5	C5	318	318	1	16	147	95	96	.	39.66667
400	9	Re5	D5	327	327	3	8	882	95	96	.	40
401	53			0	0	0	0	0	0	0		40
402	9	Sol5	G5	349	349	3	16	441	95	96	.	40.16667
403	9	Fa5	F5	340	340	1	16	147	95	96	.	40.22222
404	9	Fa5	F5	340	340	3	16	441	95	96	.	40.38889
405	9	Mi5b1	E5b1	335	335	1	16	147	95	96	.	40.44444
406	9	Mi5b1	E5b1	335	335	3	16	441	95	96	.	40.61111
407	9	Re5	D5	327	327	1	16	147	95	96	.	40.66667
408	9	Re5	D5	327	327	1	16	147	95	96	.	40.72222
409	9	Mi5b1	E5b1	335	335	1	16	147	95	96	.	40.77778
410	9	Re5	D5	327	327	1	16	147	95	96	.	40.83333
411	9	Do5	C5	318	318	1	16	147	95	96	.	40.88889
412	9	Si4b1	B4b1	313	313	1	16	147	95	96	.	40.94444
413	9	La4#4	A4#4	309	309	1	16	147	95	96	.	41
414	9	Si4b1	B4b1	313	313	1	16	147	95	96	.	41.05556
415	9	Do5	C5	318	318	1	16	147	95	96	.	41.11111
416	9	Re5	D5	327	327	1	16	147	95	96	.	41.16667
417	9	Mi5b1	E5b1	335	335	1	16	147	95	96	.	41.22222
418	9	Fa5	F5	340	340	1	8	294	95	96	.	41.33333
419	9	Mi5b1	E5b1	335	335	1	16	147	95	96	.	41.38889
420	9	Re5	D5	327	327	1	16	147	95	96	.	41.44444
421	9	Re5	D5	327	327	1	16	147	95	96	.	41.5
422	9	Do5	C5	318	318	1	16	147	95	96	.	41.55556
423	9	Do5	C5	318	318	1	16	147	95	96	.	41.61111
424	9	Si4b1	B4b1	313	313	1	16	147	95	96	.	41.66667
425	9	Si4b1	B4b1	313	313	3	16	441	95	96	.	41.83333
426	9	Do5	C5	318	318	1	16	147	95	96	.	41.88889
427	9	La4#4	A4#4	309	309	1	16	147	95	96	.	41.94444
428	9	Do5	C5	318	318	1	16	147	95	96	.	42
429	9	Si4b1	B4b1	313	313	1	4	588	95	96	.	42.22222
430	53			0	0	0	0	0	0	0		42.22222
431	9	Si4b1	B4b1	313	313	1	8	294	95	96	Be	42.33333
432	9	Si4b1	B4b1	313	313	1	8	294	95	96	nim 	42.44444
433	9	Si4b1	B4b1	313	313	1	4	588	95	96	sen 	42.66667
434	9	Si4b1	B4b1	313	313	3	8	882	95	96	nem	43
435	9	Si4b1	B4b1	313	313	1	4	588	95	96	sin 	43.22222
436	9	Si4b1	B4b1	313	313	1	4	588	95	96	ey 	43.44444
437	9	Do5	C5	318	318	1	4	588	95	96	dil	43.66667
438	9	Re5	D5	327	327	1	4	588	99	96	ber  	43.88889
439	9	Mi5b1	E5b1	335	335	1	16	147	99	96		43.94444
440	11	Re5	D5	327	327	1	16	147	99	96		44
441	9	Re5	D5	327	327	3	16	441	99	96		44.16667
442	9	Do5	C5	318	318	1	16	147	95	96		44.22222
443	53			0	0	0	0	0	0	0		44.22222
444	9	Si4b1	B4b1	313	313	1	8	294	95	96	Be	44.33333
445	9	Si4b1	B4b1	313	313	1	8	294	95	96	nim 	44.44444
446	9	Si4b1	B4b1	313	313	1	4	588	95	96	sen 	44.66667
447	9	Si4b1	B4b1	313	313	3	8	882	95	96	nem	45
448	9	Si4b1	B4b1	313	313	1	4	588	95	96	sin 	45.22222
449	9	Si4b1	B4b1	313	313	1	4	588	95	96	ey 	45.44444
450	9	Do5	C5	318	318	1	4	588	95	96	dil	45.66667
451	9	Re5	D5	327	327	1	4	588	99	96	ber  	45.88889
452	9	Mi5b1	E5b1	335	335	1	16	147	99	96		45.94444
453	11	Re5	D5	327	327	1	16	147	99	96		46
454	9	Re5	D5	327	327	1	8	294	95	96		46.11111
455	9			-1	-1	1	8	294	100	0		46.22222
456	53			0	0	0	0	0	0	0		46.22222
457	9	Sol5	G5	349	349	1	8	294	95	96	De	46.33333
458	9	Sol5	G5	349	349	1	16	147	99	96	li 	46.38889
459	9	Fa5	F5	340	340	1	16	147	95	96		46.44444
460	9	Fa5	F5	340	340	3	16	441	99	96	gön	46.61111
461	9	Mi5b1	E5b1	335	335	1	16	147	95	96		46.66667
462	9	Mi5b1	E5b1	335	335	1	4	588	99	96	lüm 	46.88889
463	9	Re5	D5	327	327	1	8	294	95	96		47
464	9	Re5	D5	327	327	1	8	294	95	96	se	47.11111
465	9	Mi5b1	E5b1	335	335	1	4	588	99	96	ni 	47.33333
466	9	Re5	D5	327	327	1	8	294	95	96		47.44444
467	9	Re5	D5	327	327	3	16	441	99	96	is	47.61111
468	9	Do5	C5	318	318	1	16	147	95	96		47.66667
469	9	Si4b1	B4b1	313	313	1	4	588	95	96	ter  	47.88889
470	9	Do5	C5	318	318	1	8	294	95	96	Yâr 	48
471	9	Re5	D5	327	327	2	4	1176	95	96	ey 	48.44444
472	53			0	0	0	0	0	0	0		48.44444
473	9	Sol4	G4	296	296	1	16	147	95	96	SAZ	48.5
474	9	La4	A4	305	305	1	16	147	95	96	.	48.55556
475	9	Si4b1	B4b1	313	313	1	16	147	95	96	.	48.61111
476	9	Do5	C5	318	318	1	16	147	95	96	.	48.66667
477	9	Re5	D5	327	327	1	8	294	95	96	.	48.77778
478	9			-1	-1	1	4	588	100	0		49
479	53			0	0	0	0	0	0	0		49
480	9	Re5	D5	327	327	1	8	294	99	96	yâr 	49.11111
481	9	Do5	C5	318	318	1	16	147	99	96		49.16667
482	9	Re5	D5	327	327	1	16	147	99	96		49.22222
483	9	Mi5b1	E5b1	335	335	3	16	441	99	96		49.38889
484	9	Re5	D5	327	327	1	16	147	99	96		49.44444
485	9	Re5	D5	327	327	1	8	294	99	96		49.55556
486	9	Do5	C5	318	318	1	16	147	99	96		49.61111
487	9	Re5	D5	327	327	1	16	147	99	96		49.66667
488	9	Mi5b1	E5b1	335	335	1	4	588	99	96		49.88889
489	9	Re5	D5	327	327	1	8	294	95	96		50
490	53			0	0	0	0	0	0	0		50
491	9			-1	-1	1	8	294	100	0		50.11111
492	9	Sol5	G5	349	349	1	8	294	99	96	yâr 	50.22222
493	9	Fa5	F5	340	340	1	8	294	99	96		50.33333
494	9	Mi5b1	E5b1	335	335	1	8	294	99	96		50.44444
495	9	Re5	D5	327	327	1	8	294	99	96		50.55556
496	9	Do5	C5	318	318	1	8	294	99	96		50.66667
497	9	Re5	D5	327	327	1	8	294	99	96		50.77778
498	9	Do5	C5	318	318	1	8	294	95	96		50.88889
499	9	Do5	C5	318	318	1	16	147	99	96	a	50.94444
500	11	Si4b1	B4b1	313	313	1	16	147	95	96		51
501	9	Si4b1	B4b1	313	313	1	4	588	95	96	man  	51.22222
502	53			0	0	0	0	0	0	0		51.22222
503	9			-1	-1	1	8	294	100	0		51.33333
504	9	Si4b1	B4b1	313	313	1	16	147	95	96	SAZ	51.38889
505	9	Do5	C5	318	318	1	16	147	95	96	.	51.44444
506	9	Si4b1	B4b1	313	313	1	16	147	95	96	.	51.5
507	9	La4#3	A4#4	308	309	1	16	147	95	96	.	51.55556
508	9	Sol4	G4	296	296	1	16	147	95	96	.	51.61111
509	9	La4#3	A4#4	308	309	1	16	147	95	96	.	51.66667
510	9	Si4b1	B4b1	313	313	3	16	441	95	96	.	51.83333
511	9	Do5	C5	318	318	1	16	147	95	96	.	51.88889
512	9	Si4b1	B4b1	313	313	1	16	147	95	96	.	51.94444
513	9	Do5	C5	318	318	1	16	147	95	96	.	52
514	9	Re5	D5	327	327	1	4	588	95	96	.	52.22222
515	53			0	0	0	0	0	0	0		52.22222
516	9	Re5	D5	327	327	1	8	294	95	96	De	52.33333
517	9	Do5	C5	318	318	1	16	147	99	96	li 	52.38889
518	9	Si4b1	B4b1	313	313	1	16	147	95	96		52.44444
519	9	Do5	C5	318	318	1	8	294	99	96	gön	52.55556
520	9	Si4b2	B4b1	312	313	1	16	147	99	96		52.61111
521	9	La4	A4	305	305	1	16	147	95	96		52.66667
522	9	La4	A4	305	305	1	4	588	99	96	lüm 	52.88889
523	9	Si4b2	B4b1	312	313	1	8	294	95	96		53
524	9	Sol4	G4	296	296	1	8	294	95	96	se	53.11111
525	9	Sol5	G5	349	349	1	8	294	99	96	ni 	53.22222
526	9	Fa5	F5	340	340	1	8	294	99	96		53.33333
527	9	Mi5b1	E5b1	335	335	1	8	294	95	96		53.44444
528	9	Re5	D5	327	327	1	8	294	99	96	is	53.55556
529	9	Do5	C5	318	318	1	8	294	99	96		53.66667
530	7	Re5	D5	327	327	1	8	294	99	96		53.77778
531	9	Do5	C5	318	318	1	16	147	99	96		53.83333
532	9	Do5	C5	318	318	1	16	147	99	96		53.88889
533	9	Do5	C5	318	318	1	16	147	99	96		53.94444
534	11	Si4b1	B4b1	313	313	1	16	147	95	96		54
535	9	Si4b1	B4b1	313	313	3	8	882	95	96	ter  	54.33333
536	53			0	0	0	0	0	0	0		54.33333
537	9	La5	A5	358	358	1	16	147	95	96	SAZ	54.38889
538	9	Sol5	G5	349	349	1	16	147	95	96	.	54.44444
539	9	Sol5	G5	349	349	1	16	147	95	96	.	54.5
540	9	Fa5#4	F5#4	344	344	1	16	147	95	96	.	54.55556
541	9	Fa5#4	F5#4	344	344	1	16	147	95	96	.	54.61111
542	9	Mi5#3	E5#4	339	340	1	16	147	95	96	.	54.66667
543	9	Fa5#4	F5#4	344	344	3	16	441	95	96	.	54.83333
544	9	Sol5	G5	349	349	1	16	147	95	96	.	54.88889
545	9	Mi5#3	E5#4	339	340	1	16	147	95	96	.	54.94444
546	9	Sol5	G5	349	349	1	16	147	95	96	.	55
547	9	Fa5#4	F5#4	344	344	1	4	588	95	96	.	55.22222
548	53			0	0	0	0	0	0	0		55.22222
549	9	Fa5#4	F5#4	344	344	1	8	294	95	96	Zan	55.33333
550	9	Fa5#4	F5#4	344	344	1	8	294	95	96	ne	55.44444
551	9	Fa5#4	F5#4	344	344	1	4	588	95	96	der	55.66667
552	9	Fa5#4	F5#4	344	344	1	4	588	95	96	ler 	55.88889
553	9			-1	-1	1	8	294	100	0		56
554	9	Mi5#3	E5#4	339	340	1	8	294	99	96	et	56.11111
555	9	Fa5#4	F5#4	344	344	1	8	294	99	96		56.22222
556	9	Sol5	G5	349	349	1	8	294	95	96		56.33333
557	9	La5	A5	358	358	1	8	294	95	96	miþ 	56.44444
558	9	Sol5	G5	349	349	1	8	294	99	96	ez	56.55556
559	9	Fa5#4	F5#4	344	344	1	8	294	95	96		56.66667
560	9	Sol5	G5	349	349	1	4	588	99	96	ber  	56.88889
561	9	Fa5#4	F5#4	344	344	1	16	147	99	96		56.94444
562	9	Mi5	E5	336	336	1	16	147	99	96		57
563	9	Re5	D5	327	327	1	4	588	95	96		57.22222
564	53			0	0	0	0	0	0	0		57.22222
565	9	Fa5#4	F5#4	344	344	1	8	294	95	96	Zan	57.33333
566	9	Fa5#4	F5#4	344	344	1	8	294	95	96	ne	57.44444
567	9	Fa5#4	F5#4	344	344	1	4	588	95	96	der	57.66667
568	9	Fa5#4	F5#4	344	344	1	4	588	95	96	ler 	57.88889
569	9			-1	-1	1	8	294	100	0		58
570	9	Mi5#3	E5#4	339	340	1	8	294	99	96	et	58.11111
571	9	Fa5#4	F5#4	344	344	1	8	294	99	96		58.22222
572	9	Sol5	G5	349	349	1	8	294	95	96		58.33333
573	9	La5	A5	358	358	1	8	294	95	96	miþ 	58.44444
574	9	Sol5	G5	349	349	1	8	294	99	96	ez	58.55556
575	9	Fa5#4	F5#4	344	344	1	8	294	95	96		58.66667
576	9	Sol5	G5	349	349	1	4	588	99	96	ber  	58.88889
577	9	Fa5#4	F5#4	344	344	1	16	147	99	96		58.94444
578	9	Mi5	E5	336	336	1	16	147	99	96		59
579	9	Re5	D5	327	327	1	4	588	95	96		59.22222
580	53			0	0	0	0	0	0	0		59.22222
581	9	Sol5	G5	349	349	1	8	294	95	96	Se	59.33333
582	9	Sol5	G5	349	349	1	16	147	99	96	ni 	59.38889
583	9	Fa5	F5	340	340	1	16	147	95	96		59.44444
584	9	Fa5	F5	340	340	1	8	294	99	96	söy	59.55556
585	9	Mi5b1	E5b1	335	335	1	8	294	95	96		59.66667
586	9	Mi5b1	E5b1	335	335	1	4	588	99	96	ler 	59.88889
587	9	Re5	D5	327	327	1	8	294	95	96		60
588	9	Re5	D5	327	327	1	8	294	95	96	se	60.11111
589	9	Mi5b1	E5b1	335	335	1	4	588	99	96	ni 	60.33333
590	9	Re5	D5	327	327	1	8	294	95	96		60.44444
591	9	Re5	D5	327	327	3	16	441	99	96	is	60.61111
592	9	Do5	C5	318	318	1	16	147	95	96		60.66667
593	9	Si4b1	B4b1	313	313	1	4	588	95	96	ter  	60.88889
594	9	Do5	C5	318	318	1	8	294	95	96	Yâr 	61
595	9	Re5	D5	327	327	2	4	1176	95	96	ey 	61.44444
596	53			0	0	0	0	0	0	0		61.44444
597	9	Sol4	G4	296	296	1	16	147	95	96	SAZ	61.5
598	9	La4	A4	305	305	1	16	147	95	96	.	61.55556
599	9	Si4b1	B4b1	313	313	1	16	147	95	96	.	61.61111
600	9	Do5	C5	318	318	1	16	147	95	96	.	61.66667
601	9	Re5	D5	327	327	1	8	294	95	96	.	61.77778
602	9			-1	-1	1	4	588	100	0		62
603	53			0	0	0	0	0	0	0		62
604	9	Re5	D5	327	327	1	8	294	99	96	yâr 	62.11111
605	9	Do5	C5	318	318	1	16	147	99	96		62.16667
606	9	Re5	D5	327	327	1	16	147	99	96		62.22222
607	9	Mi5b1	E5b1	335	335	3	16	441	99	96		62.38889
608	9	Re5	D5	327	327	1	16	147	99	96		62.44444
609	9	Re5	D5	327	327	1	8	294	99	96		62.55556
610	9	Do5	C5	318	318	1	16	147	99	96		62.61111
611	9	Re5	D5	327	327	1	16	147	99	96		62.66667
612	9	Mi5b1	E5b1	335	335	1	4	588	99	96		62.88889
613	9	Re5	D5	327	327	1	8	294	95	96		63
614	53			0	0	0	0	0	0	0		63
615	9			-1	-1	1	8	294	100	0		63.11111
616	9	Sol5	G5	349	349	1	8	294	99	96	yâr 	63.22222
617	9	Fa5	F5	340	340	1	8	294	99	96		63.33333
618	9	Mi5b1	E5b1	335	335	1	8	294	99	96		63.44444
619	9	Re5	D5	327	327	1	8	294	99	96		63.55556
620	9	Do5	C5	318	318	1	8	294	99	96		63.66667
621	12	Re5	D5	327	327	1	8	294	99	96		63.77778
622	12	Do5	C5	318	318	1	8	294	95	90		63.88889
623	9	Do5	C5	318	318	1	16	147	99	90	a	63.94444
624	11	Si4b1	B4b1	313	313	1	16	147	95	93		64
625	9	Si4b1	B4b1	313	313	3	8	882	95	96	man  	64.33334
626	53			0	0	0	0	0	0	0		64.33334
627	9	Si4b1	B4b1	313	313	1	16	147	95	96	SAZ	64.38889
628	9	Do5	C5	318	318	1	16	147	95	96	.	64.44444
629	9	Si4b1	B4b1	313	313	1	16	147	95	96	.	64.5
630	9	La4#3	A4#4	308	309	1	16	147	95	96	.	64.55556
631	9	Sol4	G4	296	296	1	16	147	95	96	.	64.61111
632	9	La4#3	A4#4	308	309	1	16	147	95	96	.	64.66666
633	9	Si4b1	B4b1	313	313	3	16	441	95	96	.	64.83334
634	9	Do5	C5	318	318	1	16	147	95	96	.	64.88889
635	9	Si4b1	B4b1	313	313	1	16	147	95	96	.	64.94444
636	9	Do5	C5	318	318	1	16	147	95	96	.	65
637	9	Re5	D5	327	327	1	4	588	95	96	.	65.22222
638	53			0	0	0	0	0	0	0		65.22222
639	9	Re5	D5	327	327	1	8	294	95	96	De	65.33334
640	9	Do5	C5	318	318	1	16	147	99	96	li 	65.38889
641	9	Si4b1	B4b1	313	313	1	16	147	95	96		65.44444
642	7	Do5	C5	318	318	1	8	294	99	96	gön	65.55556
643	9	Si4b2	B4b1	312	313	1	16	147	99	96		65.61111
644	9	La4	A4	305	305	1	16	147	95	96		65.66666
645	9	La4	A4	305	305	1	4	588	99	96	lüm 	65.88889
646	9	Si4b2	B4b1	312	313	1	8	294	95	96		66
647	9	Sol4	G4	296	296	1	8	294	95	96	se	66.11111
648	9	Sol5	G5	349	349	1	8	294	99	96	ni 	66.22222
649	9	Fa5	F5	340	340	1	8	294	99	96		66.33334
650	9	Mi5b1	E5b1	335	335	1	8	294	95	96		66.44444
651	9	Re5	D5	327	327	1	8	294	99	96	is	66.55556
652	9	Do5	C5	318	318	1	8	294	99	96		66.66666
653	11	Re5	D5	327	327	1	16	147	99	96		66.72222
654	11	Re5	D5	327	327	1	16	147	99	96		66.77778
655	11	Do5	C5	318	318	1	16	147	99	96		66.83334
656	11	Do5	C5	318	318	1	16	147	99	96		66.88889
657	9	Do5	C5	318	318	1	16	147	99	96		66.94444
658	11	Si4b1	B4b1	313	313	1	16	147	95	96		67
659	9	Si4b1	B4b1	313	313	3	8	882	95	96	ter  	67.33334
660	53			0	0	0	0	0	0	0		67.33334
661	9	Si4b1	B4b1	313	313	1	16	147	95	96	SAZ	67.38889
662	9	Do5	C5	318	318	1	16	147	95	96	.	67.44444
663	9	Si4b1	B4b1	313	313	1	16	147	95	96	.	67.5
664	9	La4#3	A4#4	308	309	1	16	147	95	96	.	67.55556
665	9	Sol4	G4	296	296	1	16	147	95	96	.	67.61111
666	9	La4#3	A4#4	308	309	1	16	147	95	96	.	67.66666
667	9	Si4b1	B4b1	313	313	3	8	882	95	96	.	68
668	53			0	0	0	0	0	0	0		68
