Sýra	Kod	Nota53	NotaAE	Koma53	KomaAE	Pay	Payda	Ms	LNS	Bas	Soz1	Offset
1	9	La4	A4	305	305	3	16	625	95	96		0.1666667
2	9	Fa5	F5	340	340	1	16	208	95	96	ARANAÐME 	0.2222222
3	9	Mi5	E5	336	336	1	8	417	95	96	.	0.3333333
4	9	Re5	D5	327	327	1	8	417	95	96	.	0.4444444
5	9	Do5	C5	318	318	1	8	417	95	96	.	0.5555556
6	9	Si4b2	B4b1	312	313	1	8	417	95	96	.	0.6666667
7	9	La4	A4	305	305	1	4	833	95	96	.	0.8888889
8	9	Sol4	G4	296	296	1	8	417	95	96	.	1
9	53			0	0	0	0	0	0	0		1
10	11	La4	A4	305	305	1	8	417	95	96	.	1.111111
11	9	Sol4	G4	296	296	1	16	208	95	96	.	1.166667
12	9	La4	A4	305	305	1	16	208	95	96	.	1.222222
13	11	Si4b2	B4b1	312	313	1	8	417	95	96	.	1.333333
14	9	La4	A4	305	305	1	16	208	95	96	.	1.388889
15	9	Si4b2	B4b1	312	313	1	16	208	95	96	.	1.444444
16	11	Do5	C5	318	318	1	8	417	95	96	.	1.555556
17	9	Si4b2	B4b1	312	313	1	16	208	95	96	.	1.611111
18	9	Do5	C5	318	318	1	16	208	95	96	.	1.666667
19	9	Re5	D5	327	327	3	8	1250	95	96	.	2
20	53			0	0	0	0	0	0	0		2
21	9	La4	A4	305	305	3	16	625	95	96	.	2.166667
22	9	Fa5	F5	340	340	1	16	208	95	96	.	2.222222
23	9	Mi5	E5	336	336	1	8	417	95	96	.	2.333333
24	9	Re5	D5	327	327	1	8	417	95	96	.	2.444444
25	9	Do5	C5	318	318	1	8	417	95	96	.	2.555556
26	9	Si4b2	B4b1	312	313	1	8	417	95	96	.	2.666667
27	9	La4	A4	305	305	1	4	833	95	96	.	2.888889
28	9	Sol4	G4	296	296	1	8	417	95	96	.	3
29	53			0	0	0	0	0	0	0		3
30	9	La4	A4	305	305	1	16	208	95	96	.	3.055556
31	9	Si4b2	B4b1	312	313	1	16	208	95	96	.	3.111111
32	9	Do5	C5	318	318	1	16	208	95	96	.	3.166667
33	9	Re5	D5	327	327	1	16	208	95	96	.	3.222222
34	9	Mi5	E5	336	336	1	8	417	95	96	.	3.333333
35	9	Re5	D5	327	327	1	16	208	95	96	.	3.388889
36	9	Do5	C5	318	318	1	16	208	95	96	.	3.444444
37	9	Do5	C5	318	318	1	16	208	95	96	.	3.5
38	9	Si4b2	B4b1	312	313	1	16	208	95	96	.	3.555556
39	9	Si4b2	B4b1	312	313	1	16	208	95	96	.	3.611111
40	9	La4	A4	305	305	1	16	208	95	96	.	3.666667
41	9	La4	A4	305	305	3	8	1250	95	96	.	4
42	53			0	0	0	0	0	0	0		4
43	9	La4	A4	305	305	3	16	625	95	96		4.166667
44	9	Fa5	F5	340	340	1	16	208	95	96	ARANAÐME 	4.222222
45	9	Mi5	E5	336	336	1	8	417	95	96	.	4.333333
46	9	Re5	D5	327	327	1	8	417	95	96	.	4.444445
47	9	Do5	C5	318	318	1	8	417	95	96	.	4.555555
48	9	Si4b2	B4b1	312	313	1	8	417	95	96	.	4.666667
49	9	La4	A4	305	305	1	4	833	95	96	.	4.888889
50	9	Sol4	G4	296	296	1	8	417	95	96	.	5
51	53			0	0	0	0	0	0	0		5
52	11	La4	A4	305	305	1	8	417	95	96	.	5.111111
53	9	Sol4	G4	296	296	1	16	208	95	96	.	5.166667
54	9	La4	A4	305	305	1	16	208	95	96	.	5.222222
55	11	Si4b2	B4b1	312	313	1	8	417	95	96	.	5.333333
56	9	La4	A4	305	305	1	16	208	95	96	.	5.388889
57	9	Si4b2	B4b1	312	313	1	16	208	95	96	.	5.444445
58	11	Do5	C5	318	318	1	8	417	95	96	.	5.555555
59	9	Si4b2	B4b1	312	313	1	16	208	95	96	.	5.611111
60	9	Do5	C5	318	318	1	16	208	95	96	.	5.666667
61	9	Re5	D5	327	327	3	8	1250	95	96	.	6
62	53			0	0	0	0	0	0	0		6
63	9	La4	A4	305	305	3	16	625	95	96	.	6.166667
64	9	Fa5	F5	340	340	1	16	208	95	96	.	6.222222
65	9	Mi5	E5	336	336	1	8	417	95	96	.	6.333333
66	9	Re5	D5	327	327	1	8	417	95	96	.	6.444445
67	9	Do5	C5	318	318	1	8	417	95	96	.	6.555555
68	9	Si4b2	B4b1	312	313	1	8	417	95	96	.	6.666667
69	9	La4	A4	305	305	1	4	833	95	96	.	6.888889
70	9	Sol4	G4	296	296	1	8	417	95	96	.	7
71	53			0	0	0	0	0	0	0		7
72	9	La4	A4	305	305	1	16	208	95	96	.	7.055555
73	9	Si4b2	B4b1	312	313	1	16	208	95	96	.	7.111111
74	9	Do5	C5	318	318	1	16	208	95	96	.	7.166667
75	9	Re5	D5	327	327	1	16	208	95	96	.	7.222222
76	9	Mi5	E5	336	336	1	8	417	95	96	.	7.333333
77	9	Re5	D5	327	327	1	16	208	95	96	.	7.388889
78	9	Do5	C5	318	318	1	16	208	95	96	.	7.444445
79	9	Do5	C5	318	318	1	16	208	95	96	.	7.5
80	9	Si4b2	B4b1	312	313	1	16	208	95	96	.	7.555555
81	9	Si4b2	B4b1	312	313	1	16	208	95	96	.	7.611111
82	9	La4	A4	305	305	1	16	208	95	96	.	7.666667
83	9	La4	A4	305	305	3	8	1250	95	96	.	8
84	53			0	0	0	0	0	0	0		8
85	9	Sol4	G4	296	296	1	4	833	95	96	Zey	8.222222
86	9	La4	A4	305	305	1	4	833	95	96	bek	8.444445
87	9	La4	A4	305	305	1	4	833	95	96	ler	8.666667
88	9	Re5	D5	327	327	1	4	833	95	96	le 	8.888889
89	9	Do5	C5	318	318	1	16	208	99	96	ge	8.944445
90	9	Si4b2	B4b1	312	313	1	16	208	95	96		9
91	9	Do5	C5	318	318	1	16	208	99	96	zer 	9.055555
92	9	Si4b2	B4b1	312	313	1	16	208	99	96		9.111111
93	9	La4	A4	305	305	1	4	833	99	96		9.333333
94	9	Sol4	G4	296	296	1	8	417	95	96		9.444445
95	10	Do5	C5	318	318	1	8	417	99	96	ge	9.555555
96	8	Re5	D5	327	327	0	0	0	99	96		9.555555
97	9	Si4b2	B4b1	312	313	1	16	208	99	96		9.611111
98	9	La4	A4	305	305	1	16	208	95	96		9.666667
99	9	La4	A4	305	305	1	4	833	95	96	zer 	9.888889
100	9			-1	-1	1	8	417	100	0		10
101	53			0	0	0	0	0	0	0		10
102	9	Re5	D5	327	327	1	16	208	99	96	dað	10.05556
103	9	Do5	C5	318	318	1	16	208	99	96		10.11111
104	9	Do5	C5	318	318	1	16	208	99	96		10.16667
105	9	Si4b2	B4b1	312	313	1	16	208	95	96		10.22222
106	9	Do5	C5	318	318	1	4	833	95	96	lar 	10.44444
107	9	Re5	D5	327	327	1	16	208	99	96	dað	10.5
108	9	Do5	C5	318	318	1	16	208	99	96		10.55556
109	9	Do5	C5	318	318	1	16	208	99	96		10.61111
110	9	Si4b2	B4b1	312	313	1	16	208	95	96		10.66667
111	9	Do5	C5	318	318	1	8	417	99	96	lar 	10.77778
112	9	Re5	D5	327	327	1	8	417	99	96		10.88889
113	9	Mi5	E5	336	336	1	8	417	95	96		11
114	9	Mi5	E5	336	336	3	16	625	99	96	ba	11.16667
115	9	Re5	D5	327	327	1	16	208	95	96		11.22222
116	8	Mi5	E5	336	336	0	0	0	95	96		11.22222
117	9	Re5	D5	327	327	1	8	417	99	96	þýn	11.33333
118	9	Mi5	E5	336	336	1	16	208	99	96		11.38889
119	9	Re5	D5	327	327	1	16	208	95	96		11.44444
120	9	Re5	D5	327	327	1	4	833	95	96	da  	11.66667
121	53			0	0	0	0	0	0	0		11.66667
122	9	Do5	C5	318	318	1	8	417	95	96	SAZ 	11.77778
123	9	Si4b2	B4b1	312	313	1	8	417	95	96	.	11.88889
124	9	La4	A4	305	305	1	8	417	95	96	.	12
125	53			0	0	0	0	0	0	0		12
126	9	Sol4	G4	296	296	1	4	833	95	96	Zey	12.22222
127	9	La4	A4	305	305	1	4	833	95	96	bek	12.44444
128	9	La4	A4	305	305	1	4	833	95	96	ler	12.66667
129	9	Re5	D5	327	327	1	4	833	95	96	le 	12.88889
130	9	Do5	C5	318	318	1	16	208	99	96	ge	12.94444
131	9	Si4b2	B4b1	312	313	1	16	208	95	96		13
132	9	Do5	C5	318	318	1	16	208	99	96	zer 	13.05556
133	9	Si4b2	B4b1	312	313	1	16	208	99	96		13.11111
134	9	La4	A4	305	305	1	4	833	99	96		13.33333
135	9	Sol4	G4	296	296	1	8	417	95	96		13.44444
136	10	Do5	C5	318	318	1	8	417	99	96	ge	13.55556
137	8	Re5	D5	327	327	0	0	0	99	96		13.55556
138	9	Si4b2	B4b1	312	313	1	16	208	99	96		13.61111
139	9	La4	A4	305	305	1	16	208	95	96		13.66667
140	9	La4	A4	305	305	1	4	833	95	96	zer 	13.88889
141	9			-1	-1	1	8	417	100	0		14
142	53			0	0	0	0	0	0	0		14
143	9	Re5	D5	327	327	1	16	208	99	96	dað	14.05556
144	9	Do5	C5	318	318	1	16	208	99	96		14.11111
145	9	Do5	C5	318	318	1	16	208	99	96		14.16667
146	9	Si4b2	B4b1	312	313	1	16	208	95	96		14.22222
147	9	Do5	C5	318	318	1	4	833	95	96	lar 	14.44444
148	9	Re5	D5	327	327	1	16	208	99	96	dað	14.5
149	9	Do5	C5	318	318	1	16	208	99	96		14.55556
150	9	Do5	C5	318	318	1	16	208	99	96		14.61111
151	9	Si4b2	B4b1	312	313	1	16	208	95	96		14.66667
152	9	Do5	C5	318	318	1	8	417	99	96	lar 	14.77778
153	9	Re5	D5	327	327	1	8	417	99	96		14.88889
154	9	Mi5	E5	336	336	1	8	417	95	96		15
155	9	Mi5	E5	336	336	3	16	625	99	96	ba	15.16667
156	9	Re5	D5	327	327	1	16	208	95	96		15.22222
157	8	Mi5	E5	336	336	0	0	0	95	96		15.22222
158	9	Re5	D5	327	327	1	8	417	99	96	þýn	15.33333
159	9	Mi5	E5	336	336	1	16	208	99	96		15.38889
160	9	Re5	D5	327	327	1	16	208	95	96		15.44444
161	9	Re5	D5	327	327	1	4	833	95	96	da  	15.66667
162	53			0	0	0	0	0	0	0		15.66667
163	9	Sol4	G4	296	296	1	16	208	95	96	SAZ 	15.72222
164	9	La4	A4	305	305	1	16	208	95	96	.	15.77778
165	9	Si4b2	B4b1	312	313	1	16	208	95	96	.	15.83333
166	9	Do5	C5	318	318	1	16	208	95	96	.	15.88889
167	9	Re5	D5	327	327	1	8	417	95	96	.	16
168	53			0	0	0	0	0	0	0		16
169	9	Do5	C5	318	318	3	16	625	95	96	E	16.16667
170	9	Re5	D5	327	327	1	16	208	95	96	fe	16.22222
171	9	Re5	D5	327	327	1	8	417	95	96	ci	16.33333
172	9	Re5	D5	327	327	1	8	417	95	96	ðim_	16.44444
173	9	Do5	C5	318	318	1	8	417	95	96	e	16.55556
174	9	Re5	D5	327	327	1	8	417	95	96	fe	16.66667
175	9	Do5	C5	318	318	1	16	208	99	96	ci	16.72222
176	9	Re5	D5	327	327	1	16	208	95	96		16.77778
177	9	Mi5	E5	336	336	1	16	208	99	96	ðim 	16.83333
178	9	Fa5	F5	340	340	1	16	208	99	96		16.88889
179	9	Mi5	E5	336	336	1	16	208	99	96		16.94444
180	9	Re5	D5	327	327	1	16	208	95	96		17
181	9	Re5	D5	327	327	1	16	208	99	96	genç	17.05556
182	9	Do5	C5	318	318	1	16	208	99	96		17.11111
183	9	Do5	C5	318	318	1	16	208	99	96		17.16667
184	9	Si4b2	B4b1	312	313	1	16	208	95	96		17.22222
185	9	Si4b2	B4b1	312	313	1	16	208	99	96	tir 	17.27778
186	9	La4	A4	305	305	1	16	208	99	96		17.33333
187	9	La4	A4	305	305	1	16	208	99	96		17.38889
188	9	Si4b2	B4b1	312	313	1	16	208	95	96		17.44444
189	11	Do5	C5	318	318	1	8	417	99	96	genç	17.55556
190	9	Do5	C5	318	318	1	16	208	99	96		17.61111
191	9	Si4b2	B4b1	312	313	1	16	208	95	96		17.66667
192	9	Si4b2	B4b1	312	313	3	8	1250	95	96	tir 	18
193	53			0	0	0	0	0	0	0		18
194	9			-1	-1	1	8	417	100	0		18.11111
195	9	Sol4	G4	296	296	1	16	208	95	96	on_	18.16667
196	9	Mi5	E5	336	336	1	16	208	95	96	üç_	18.22222
197	9	Re5	D5	327	327	1	8	417	95	96	on 	18.33333
198	9	Mi5	E5	336	336	1	8	417	95	96	dört 	18.44444
199	9	Do5	C5	318	318	1	8	417	99	96	ya	18.55556
200	9	Re5	D5	327	327	1	8	417	95	96		18.66667
201	9	Do5	C5	318	318	1	8	417	99	96	þýn	18.77778
202	9	Si4b2	B4b1	312	313	1	8	417	99	96		18.88889
203	9	Si4b2	B4b1	312	313	1	16	208	99	96		18.94444
204	9	La4	A4	305	305	1	16	208	95	96		19
205	9	La4	A4	305	305	3	8	1250	95	96	da  	19.33333
206	53			0	0	0	0	0	0	0		19.33333
207	9	Mi5	E5	336	336	1	16	208	95	96	SAZ 	19.38889
208	9	Fa5	F5	340	340	1	16	208	95	96	.	19.44444
209	9	Mi5	E5	336	336	1	16	208	95	96	.	19.5
210	9	Re5	D5	327	327	1	16	208	95	96	.	19.55556
211	9	Re5	D5	327	327	1	16	208	95	96	.	19.61111
212	9	Do5	C5	318	318	1	16	208	95	96	.	19.66667
213	9	Re5	D5	327	327	3	8	1250	95	96	.	20
214	53			0	0	0	0	0	0	0		20
215	9	Do5	C5	318	318	3	16	625	95	96	E	20.16667
216	9	Re5	D5	327	327	1	16	208	95	96	fe	20.22222
217	9	Re5	D5	327	327	1	8	417	95	96	ci	20.33333
218	9	Re5	D5	327	327	1	8	417	95	96	ðim_	20.44444
219	9	Do5	C5	318	318	1	8	417	95	96	e	20.55556
220	9	Re5	D5	327	327	1	8	417	95	96	fe	20.66667
221	9	Do5	C5	318	318	1	16	208	99	96	ci	20.72222
222	9	Re5	D5	327	327	1	16	208	95	96		20.77778
223	9	Mi5	E5	336	336	1	16	208	99	96	ðim 	20.83333
224	9	Fa5	F5	340	340	1	16	208	99	96		20.88889
225	9	Mi5	E5	336	336	1	16	208	99	96		20.94444
226	9	Re5	D5	327	327	1	16	208	95	96		21
227	9	Re5	D5	327	327	1	16	208	99	96	genç	21.05556
228	9	Do5	C5	318	318	1	16	208	99	96		21.11111
229	9	Do5	C5	318	318	1	16	208	99	96		21.16667
230	9	Si4b2	B4b1	312	313	1	16	208	95	96		21.22222
231	9	Si4b2	B4b1	312	313	1	16	208	99	96	tir 	21.27778
232	9	La4	A4	305	305	1	16	208	99	96		21.33333
233	9	La4	A4	305	305	1	16	208	99	96		21.38889
234	9	Si4b2	B4b1	312	313	1	16	208	95	96		21.44444
235	11	Do5	C5	318	318	1	8	417	99	96	genç	21.55556
236	9	Do5	C5	318	318	1	16	208	99	96		21.61111
237	9	Si4b2	B4b1	312	313	1	16	208	95	96		21.66667
238	9	Si4b2	B4b1	312	313	3	8	1250	95	96	tir 	22
239	53			0	0	0	0	0	0	0		22
240	9			-1	-1	1	8	417	100	0		22.11111
241	9	Sol4	G4	296	296	1	16	208	95	96	on_	22.16667
242	9	Mi5	E5	336	336	1	16	208	95	96	üç_	22.22222
243	9	Re5	D5	327	327	1	8	417	95	96	on 	22.33333
244	9	Mi5	E5	336	336	1	8	417	95	96	dört 	22.44444
245	9	Do5	C5	318	318	1	8	417	99	96	ya	22.55556
246	9	Re5	D5	327	327	1	8	417	95	96		22.66667
247	9	Do5	C5	318	318	1	8	417	99	96	þýn	22.77778
248	9	Si4b2	B4b1	312	313	1	8	417	99	96		22.88889
249	9	Si4b2	B4b1	312	313	1	16	208	99	96		22.94444
250	9	La4	A4	305	305	1	16	208	95	96		23
251	9	La4	A4	305	305	3	8	1250	95	96	da  	23.33333
252	53			0	0	0	0	0	0	0		23.33333
253	9	Sol5	G5	349	349	1	8	417	95	96	SAZ 	23.44444
254	9	Fa5#3	F5#4	343	344	1	8	417	95	96	.	23.55556
255	9	Sol5	G5	349	349	1	8	417	95	96	.	23.66667
256	9	La5	A5	358	358	3	8	1250	95	96	.	24
257	53			0	0	0	0	0	0	0		24
258	9	Sol5	G5	349	349	1	8	417	95	96	Bu 	24.11111
259	9	Fa5#3	F5#4	343	344	1	8	417	95	96	gü	24.22222
260	9	Sol5	G5	349	349	1	8	417	95	96	zel	24.33333
261	9	La5	A5	358	358	1	8	417	95	96	lik 	24.44444
262	9	Sol5	G5	349	349	1	8	417	95	96	bu 	24.55556
263	9	Fa5	F5	340	340	1	8	417	95	96	gü	24.66667
264	9	Mi5	E5	336	336	1	8	417	99	96	zel	24.77778
265	9	Re5	D5	327	327	1	8	417	95	96		24.88889
266	9	Mi5	E5	336	336	1	8	417	95	96	lik 	25
267	53			0	0	0	0	0	0	0		25
268	9	Do5	C5	318	318	3	16	625	99	96	ol	25.16667
269	9	Si4b2	B4b1	312	313	1	16	208	95	96		25.22222
270	9	Do5	C5	318	318	1	8	417	99	96	maz 	25.33333
271	9	Re5	D5	327	327	1	8	417	95	96		25.44444
272	9	Do5	C5	318	318	1	16	208	99	96	ol	25.5
273	9	Si4b2	B4b1	312	313	1	16	208	99	96		25.55556
274	9	Si4b2	B4b1	312	313	1	16	208	99	96		25.61111
275	9	La4	A4	305	305	1	16	208	95	96		25.66667
276	9	La4	A4	305	305	1	4	833	95	96	maz 	25.88889
277	9			-1	-1	1	8	417	100	0		26
278	53			0	0	0	0	0	0	0		26
279	9	Re5	D5	327	327	1	16	208	99	96	el	26.05556
280	9	Do5	C5	318	318	1	16	208	99	96		26.11111
281	9	Do5	C5	318	318	1	16	208	99	96		26.16667
282	9	Si4b2	B4b1	312	313	1	16	208	95	96		26.22222
283	9	Do5	C5	318	318	1	4	833	95	96	mas 	26.44444
284	9	Re5	D5	327	327	1	16	208	99	96	el	26.5
285	9	Do5	C5	318	318	1	16	208	99	96		26.55556
286	9	Do5	C5	318	318	1	16	208	99	96		26.61111
287	9	Si4b2	B4b1	312	313	1	16	208	95	96		26.66667
288	9	Do5	C5	318	318	1	8	417	99	96	mas 	26.77778
289	9	Re5	D5	327	327	1	8	417	99	96		26.88889
290	9	Mi5	E5	336	336	1	8	417	95	96		27
291	9	Mi5	E5	336	336	3	16	625	99	96	ta	27.16667
292	9	Re5	D5	327	327	1	16	208	95	96		27.22222
293	8	Mi5	E5	336	336	0	0	0	95	96		27.22222
294	9	Re5	D5	327	327	1	8	417	99	96	þýn	27.33333
295	9	Mi5	E5	336	336	1	16	208	99	96		27.38889
296	9	Re5	D5	327	327	1	16	208	95	96		27.44444
297	9	Re5	D5	327	327	1	4	833	95	96	da  	27.66667
298	53			0	0	0	0	0	0	0		27.66667
299	9	Fa5#3	F5#4	343	344	1	8	417	95	96	SAZ 	27.77778
300	9	Sol5	G5	349	349	1	8	417	95	96	.	27.88889
301	9	La5	A5	358	358	1	8	417	95	96	.	28
302	53			0	0	0	0	0	0	0		28
303	9	Sol5	G5	349	349	1	8	417	95	96	Bu 	28.11111
304	9	Fa5#3	F5#4	343	344	1	8	417	95	96	gü	28.22222
305	9	Sol5	G5	349	349	1	8	417	95	96	zel	28.33333
306	9	La5	A5	358	358	1	8	417	95	96	lik 	28.44444
307	9	Sol5	G5	349	349	1	8	417	95	96	bu 	28.55556
308	9	Fa5	F5	340	340	1	8	417	95	96	gü	28.66667
309	9	Mi5	E5	336	336	1	8	417	99	96	zel	28.77778
310	9	Re5	D5	327	327	1	8	417	95	96		28.88889
311	9	Mi5	E5	336	336	1	8	417	95	96	lik 	29
312	53			0	0	0	0	0	0	0		29
313	9	Do5	C5	318	318	3	16	625	99	96	ol	29.16667
314	9	Si4b2	B4b1	312	313	1	16	208	95	96		29.22222
315	9	Do5	C5	318	318	1	8	417	99	96	maz 	29.33333
316	9	Re5	D5	327	327	1	8	417	95	96		29.44444
317	9	Do5	C5	318	318	1	16	208	99	96	ol	29.5
318	9	Si4b2	B4b1	312	313	1	16	208	99	96		29.55556
319	9	Si4b2	B4b1	312	313	1	16	208	99	96		29.61111
320	9	La4	A4	305	305	1	16	208	95	96		29.66667
321	9	La4	A4	305	305	1	4	833	95	96	maz 	29.88889
322	9			-1	-1	1	8	417	100	0		30
323	53			0	0	0	0	0	0	0		30
324	9	Re5	D5	327	327	1	16	208	99	96	el	30.05556
325	9	Do5	C5	318	318	1	16	208	99	96		30.11111
326	9	Do5	C5	318	318	1	16	208	99	96		30.16667
327	9	Si4b2	B4b1	312	313	1	16	208	95	96		30.22222
328	9	Do5	C5	318	318	1	4	833	95	96	mas 	30.44444
329	9	Re5	D5	327	327	1	16	208	99	96	el	30.5
330	9	Do5	C5	318	318	1	16	208	99	96		30.55556
331	9	Do5	C5	318	318	1	16	208	99	96		30.61111
332	9	Si4b2	B4b1	312	313	1	16	208	95	96		30.66667
333	9	Do5	C5	318	318	1	8	417	99	96	mas 	30.77778
334	9	Re5	D5	327	327	1	8	417	99	96		30.88889
335	9	Mi5	E5	336	336	1	8	417	95	96		31
336	9	Mi5	E5	336	336	3	16	625	99	96	ta	31.16667
337	9	Re5	D5	327	327	1	16	208	95	96		31.22222
338	8	Mi5	E5	336	336	0	0	0	95	96		31.22222
339	9	Re5	D5	327	327	1	8	417	99	96	þýn	31.33333
340	9	Mi5	E5	336	336	1	16	208	99	96		31.38889
341	9	Re5	D5	327	327	1	16	208	95	96		31.44444
342	9	Re5	D5	327	327	1	4	833	95	96	da  	31.66667
343	53			0	0	0	0	0	0	0		31.66667
344	9	Sol4	G4	296	296	1	16	208	95	96	SAZ 	31.72222
345	9	La4	A4	305	305	1	16	208	95	96	.	31.77778
346	9	Si4b2	B4b1	312	313	1	16	208	95	96	.	31.83333
347	9	Do5	C5	318	318	1	16	208	95	96	.	31.88889
348	9	Re5	D5	327	327	1	8	417	95	96	.	32
349	53			0	0	0	0	0	0	0		32
350	9	Do5	C5	318	318	3	16	625	95	96	E	32.16667
351	9	Re5	D5	327	327	1	16	208	95	96	fe	32.22222
352	9	Re5	D5	327	327	1	8	417	95	96	ci	32.33333
353	9	Re5	D5	327	327	1	8	417	95	96	ðim_	32.44444
354	9	Do5	C5	318	318	1	8	417	95	96	e	32.55556
355	9	Re5	D5	327	327	1	8	417	95	96	fe	32.66667
356	9	Do5	C5	318	318	1	16	208	99	96	ci	32.72222
357	9	Re5	D5	327	327	1	16	208	95	96		32.77778
358	9	Mi5	E5	336	336	1	16	208	99	96	ðim 	32.83333
359	9	Fa5	F5	340	340	1	16	208	99	96		32.88889
360	9	Mi5	E5	336	336	1	16	208	99	96		32.94444
361	9	Re5	D5	327	327	1	16	208	95	96		33
362	9	Re5	D5	327	327	1	16	208	99	96	genç	33.05556
363	9	Do5	C5	318	318	1	16	208	99	96		33.11111
364	9	Do5	C5	318	318	1	16	208	99	96		33.16667
365	9	Si4b2	B4b1	312	313	1	16	208	95	96		33.22222
366	9	Si4b2	B4b1	312	313	1	16	208	99	96	tir 	33.27778
367	9	La4	A4	305	305	1	16	208	99	96		33.33333
368	9	La4	A4	305	305	1	16	208	99	96		33.38889
369	9	Si4b2	B4b1	312	313	1	16	208	95	96		33.44444
370	11	Do5	C5	318	318	1	8	417	99	96	genç	33.55556
371	9	Do5	C5	318	318	1	16	208	99	96		33.61111
372	9	Si4b2	B4b1	312	313	1	16	208	95	96		33.66667
373	9	Si4b2	B4b1	312	313	3	8	1250	95	96	tir 	34
374	53			0	0	0	0	0	0	0		34
375	9			-1	-1	1	8	417	100	0		34.11111
376	9	Sol4	G4	296	296	1	16	208	95	96	on_	34.16667
377	9	Mi5	E5	336	336	1	16	208	95	96	üç_	34.22222
378	9	Re5	D5	327	327	1	8	417	95	96	on 	34.33333
379	9	Mi5	E5	336	336	1	8	417	95	96	dört 	34.44444
380	9	Do5	C5	318	318	1	8	417	99	96	ya	34.55556
381	9	Re5	D5	327	327	1	8	417	95	96		34.66667
382	9	Do5	C5	318	318	1	8	417	99	96	þýn	34.77778
383	9	Si4b2	B4b1	312	313	1	8	417	99	96		34.88889
384	9	Si4b2	B4b1	312	313	1	16	208	99	96		34.94444
385	9	La4	A4	305	305	1	16	208	95	96		35
386	9	La4	A4	305	305	3	8	1250	95	96	da  	35.33333
387	53			0	0	0	0	0	0	0		35.33333
388	9	Mi5	E5	336	336	1	16	208	95	96	SAZ 	35.38889
389	9	Fa5	F5	340	340	1	16	208	95	96	.	35.44444
390	9	Mi5	E5	336	336	1	16	208	95	96	.	35.5
391	9	Re5	D5	327	327	1	16	208	95	96	.	35.55556
392	9	Re5	D5	327	327	1	16	208	95	96	.	35.61111
393	9	Do5	C5	318	318	1	16	208	95	96	.	35.66667
394	9	Re5	D5	327	327	3	8	1250	95	96	.	36
395	53			0	0	0	0	0	0	0		36
396	9	Do5	C5	318	318	3	16	625	95	96	E	36.16667
397	9	Re5	D5	327	327	1	16	208	95	96	fe	36.22222
398	9	Re5	D5	327	327	1	8	417	95	96	ci	36.33333
399	9	Re5	D5	327	327	1	8	417	95	96	ðim_	36.44444
400	9	Do5	C5	318	318	1	8	417	95	96	e	36.55556
401	9	Re5	D5	327	327	1	8	417	95	96	fe	36.66667
402	9	Do5	C5	318	318	1	16	208	99	96	ci	36.72222
403	9	Re5	D5	327	327	1	16	208	95	96		36.77778
404	9	Mi5	E5	336	336	1	16	208	99	96	ðim 	36.83333
405	9	Fa5	F5	340	340	1	16	208	99	96		36.88889
406	9	Mi5	E5	336	336	1	16	208	99	96		36.94444
407	9	Re5	D5	327	327	1	16	208	95	96		37
408	9	Re5	D5	327	327	1	16	208	99	96	genç	37.05556
409	9	Do5	C5	318	318	1	16	208	99	96		37.11111
410	9	Do5	C5	318	318	1	16	208	99	96		37.16667
411	9	Si4b2	B4b1	312	313	1	16	208	95	96		37.22222
412	9	Si4b2	B4b1	312	313	1	16	208	99	96	tir 	37.27778
413	9	La4	A4	305	305	1	16	208	99	96		37.33333
414	9	La4	A4	305	305	1	16	208	99	96		37.38889
415	9	Si4b2	B4b1	312	313	1	16	208	95	96		37.44444
416	11	Do5	C5	318	318	1	8	417	99	96	genç	37.55556
417	9	Do5	C5	318	318	1	16	208	99	96		37.61111
418	9	Si4b2	B4b1	312	313	1	16	208	95	96		37.66667
419	9	Si4b2	B4b1	312	313	3	8	1250	95	96	tir 	38
420	53			0	0	0	0	0	0	0		38
421	9			-1	-1	1	8	417	100	0		38.11111
422	9	Sol4	G4	296	296	1	16	208	95	96	on_	38.16667
423	9	Mi5	E5	336	336	1	16	208	95	96	üç_	38.22222
424	9	Re5	D5	327	327	1	8	417	95	96	on 	38.33333
425	9	Mi5	E5	336	336	1	8	417	95	96	dört 	38.44444
426	9	Do5	C5	318	318	1	8	417	99	96	ya	38.55556
427	9	Re5	D5	327	327	1	8	417	95	96		38.66667
428	9	Do5	C5	318	318	1	8	417	99	96	þýn	38.77778
429	9	Si4b2	B4b1	312	313	1	8	417	99	96		38.88889
430	9	Si4b2	B4b1	312	313	1	16	208	99	96		38.94444
431	9	La4	A4	305	305	1	16	208	95	96		39
432	9	La4	A4	305	305	3	8	1250	95	96	da  	39.33333
433	53			0	0	0	0	0	0	0		39.33333
434	9	Re5	D5	327	327	1	16	208	95	96	SAZ 	39.38889
435	9	Do5	C5	318	318	1	16	208	95	96	KARAR	39.44444
436	9	Do5	C5	318	318	1	16	208	95	96	.	39.5
437	9	Si4b2	B4b1	312	313	1	16	208	95	96	.	39.55556
438	9	Si4b2	B4b1	312	313	1	16	208	95	96	.	39.61111
439	9	La4	A4	305	305	1	16	208	95	96	.	39.66667
440	9	La4	A4	305	305	3	8	1250	95	96	.	40
441	53			0	0	0	0	0	0	0		40
