Sýra	Kod	Nota53	NotaAE	Koma53	KomaAE	Pay	Payda	Ms	LNS	Bas	Soz1	Offset
1	9			-1	-1	1	8	417	100	0		5.555556E-02
2	9	Fa5	F5	340	340	1	4	833	95	96	ARANAÐME 	0.1666667
3	9	Re5	D5	327	327	1	16	208	95	96	.	0.1944444
4	9	Fa5	F5	340	340	1	16	208	95	96	.	0.2222222
5	9	Mi5	E5	336	336	1	8	417	95	96	.	0.2777778
6	9	Do5	C5	318	318	1	16	208	95	96	.	0.3055556
7	9	Mi5	E5	336	336	1	16	208	95	96	.	0.3333333
8	9	Re5	D5	327	327	1	8	417	95	96	.	0.3888889
9	9	Si4b2	B4b1	312	313	1	16	208	95	96	.	0.4166667
10	9	Re5	D5	327	327	1	16	208	95	96	.	0.4444444
11	9	Do5	C5	318	318	1	8	417	95	96	.	0.5
12	9	La4	A4	305	305	1	16	208	95	96	.	0.5277778
13	9	Do5	C5	318	318	1	16	208	95	96	.	0.5555556
14	9	Si4b2	B4b1	312	313	1	8	417	95	96	.	0.6111111
15	9	Sol4	G4	296	296	1	16	208	95	96	.	0.6388889
16	9	Si4b2	B4b1	312	313	1	16	208	95	96	.	0.6666667
17	9	La4	A4	305	305	3	16	625	95	96	.	0.75
18	9	Si4b2	B4b1	312	313	1	16	208	95	96	.	0.7777778
19	9	Do5	C5	318	318	1	8	417	95	96	.	0.8333333
20	9	Re5	D5	327	327	1	8	417	95	96	.	0.8888889
21	9	Mi5	E5	336	336	1	8	417	95	96	.	0.9444444
22	9	Sol5	G5	349	349	1	8	417	95	96	.	1
23	9	Mi5	E5	336	336	1	8	417	95	96	.	1.055556
24	9	Fa5	F5	340	340	1	8	417	95	96	.	1.111111
25	9	Mi5	E5	336	336	1	8	417	95	96	.	1.166667
26	9	Re5	D5	327	327	1	8	417	95	96	.	1.222222
27	9	La5	A5	358	358	3	16	625	95	96	.	1.305556
28	9	Sol5	G5	349	349	1	16	208	95	96	.	1.333333
29	9	Fa5	F5	340	340	1	8	417	95	96	.	1.388889
30	9	Mi5	E5	336	336	1	8	417	95	96	.	1.444444
31	9	Mi5	E5	336	336	3	16	625	95	96	.	1.527778
32	9	Re5	D5	327	327	1	16	208	95	96	.	1.555556
33	9	Fa5	F5	340	340	1	16	208	95	96	.	1.583333
34	9	Mi5	E5	336	336	1	16	208	95	96	.	1.611111
35	9	Re5	D5	327	327	1	16	208	95	96	.	1.638889
36	9	Do5#3	C5#4	321	322	1	16	208	95	96	.	1.666667
37	9	Re5	D5	327	327	1	2	1667	95	96	.	1.888889
38	53			0	0	0	0	0	0	0		1.888889
39	9	Mi5	E5	336	336	1	8	417	95	96	.	1.944444
40	9	Fa5#3	F5#4	343	344	1	8	417	95	96	.	2
41	9	La5	A5	358	358	1	16	208	95	96	.	2.027778
42	9	Sol5	G5	349	349	1	16	208	95	96	.	2.055556
43	9	Sol5	G5	349	349	1	16	208	95	96	.	2.083333
44	9	Fa5#3	F5#4	343	344	1	16	208	95	96	.	2.111111
45	9	Sol5	G5	349	349	1	16	208	95	96	.	2.138889
46	9	La5	A5	358	358	1	16	208	95	96	.	2.166667
47	9	Si5b5	B5b5	362	362	1	8	417	95	96	.	2.222222
48	9	Si5b5	B5b5	362	362	1	16	208	95	96	.	2.25
49	9	La5	A5	358	358	1	16	208	95	96	.	2.277778
50	9	La5	A5	358	358	1	16	208	95	96	.	2.305556
51	9	Sol5	G5	349	349	1	16	208	95	96	.	2.333333
52	9	Sol5	G5	349	349	1	16	208	95	96	.	2.361111
53	9	Fa5#3	F5#4	343	344	1	16	208	95	96	.	2.388889
54	9	Fa5#3	F5#4	343	344	1	16	208	95	96	.	2.416667
55	9	Mi5	E5	336	336	1	16	208	95	96	.	2.444444
56	9	Re5	D5	327	327	1	16	208	95	96	.	2.472222
57	9	Mi5	E5	336	336	1	16	208	95	96	.	2.5
58	9	Re5	D5	327	327	1	16	208	95	96	.	2.527778
59	9	Do5	C5	318	318	1	16	208	95	96	.	2.555556
60	9	Re5	D5	327	327	1	8	417	95	96	.	2.611111
61	9	Mi5	E5	336	336	1	8	417	95	96	.	2.666667
62	9	Fa5#3	F5#4	343	344	1	16	208	95	96	.	2.694444
63	9	Sol5	G5	349	349	1	16	208	95	96	.	2.722222
64	9	Mi5	E5	336	336	1	16	208	95	96	.	2.75
65	9	Fa5#3	F5#4	343	344	1	16	208	95	96	.	2.777778
66	9	Re5	D5	327	327	1	16	208	95	96	.	2.805556
67	9	Mi5	E5	336	336	1	16	208	95	96	.	2.833333
68	9	Do5	C5	318	318	1	16	208	95	96	.	2.861111
69	9	Re5	D5	327	327	1	16	208	95	96	.	2.888889
70	9	Si4b2	B4b1	312	313	1	16	208	95	96	.	2.916667
71	9	Do5	C5	318	318	1	16	208	95	96	.	2.944444
72	9	La4	A4	305	305	1	16	208	95	96	.	2.972222
73	9	Si4b2	B4b1	312	313	1	16	208	95	96	.	3
74	9	Sol4	G4	296	296	3	16	625	95	96	.	3.083333
75	9	La4	A4	305	305	1	16	208	95	96	.	3.111111
76	9	Si4b2	B4b1	312	313	1	8	417	95	96	.	3.166667
77	9	Do5	C5	318	318	1	8	417	95	96	.	3.222222
78	9	Re5	D5	327	327	1	16	208	95	96	.	3.25
79	9	Mi5	E5	336	336	1	16	208	95	96	.	3.277778
80	9	Fa5	F5	340	340	1	16	208	95	96	.	3.305556
81	9	Sol5	G5	349	349	1	16	208	95	96	.	3.333333
82	9	Fa5	F5	340	340	1	16	208	95	96	.	3.361111
83	9	Mi5	E5	336	336	1	16	208	95	96	.	3.388889
84	9	Re5	D5	327	327	1	8	417	95	96	.	3.444444
85	9	Do5	C5	318	318	1	8	417	95	96	.	3.5
86	9	La4	A4	305	305	1	8	417	95	96	.	3.555556
87	9	Si4b2	B4b1	312	313	1	8	417	95	96	.	3.611111
88	9	Sol4	G4	296	296	1	8	417	95	96	.	3.666667
89	9	La4	A4	305	305	3	16	625	95	96	.	3.75
90	53			0	0	0	0	0	0	0		3.75
91	9	Si4b2	B4b1	312	313	1	16	208	95	96	.	3.777778
92	9	Do5	C5	318	318	1	8	417	95	96	.	3.833333
93	9	Re5	D5	327	327	1	8	417	95	96	.	3.888889
94	9	Mi5	E5	336	336	1	8	417	95	96	.	3.944444
95	9	Sol5	G5	349	349	1	8	417	95	96	.	4
96	53			0	0	0	0	0	0	0		4
97	9			-1	-1	1	8	417	100	0		4.055555
98	9	Fa5	F5	340	340	1	4	833	95	96	ARANAÐME 	4.166667
99	9	Re5	D5	327	327	1	16	208	95	96	.	4.194445
100	9	Fa5	F5	340	340	1	16	208	95	96	.	4.222222
101	9	Mi5	E5	336	336	1	8	417	95	96	.	4.277778
102	9	Do5	C5	318	318	1	16	208	95	96	.	4.305555
103	9	Mi5	E5	336	336	1	16	208	95	96	.	4.333333
104	9	Re5	D5	327	327	1	8	417	95	96	.	4.388889
105	9	Si4b2	B4b1	312	313	1	16	208	95	96	.	4.416667
106	9	Re5	D5	327	327	1	16	208	95	96	.	4.444445
107	9	Do5	C5	318	318	1	8	417	95	96	.	4.5
108	9	La4	A4	305	305	1	16	208	95	96	.	4.527778
109	9	Do5	C5	318	318	1	16	208	95	96	.	4.555555
110	9	Si4b2	B4b1	312	313	1	8	417	95	96	.	4.611111
111	9	Sol4	G4	296	296	1	16	208	95	96	.	4.638889
112	9	Si4b2	B4b1	312	313	1	16	208	95	96	.	4.666667
113	9	La4	A4	305	305	3	16	625	95	96	.	4.75
114	9	Si4b2	B4b1	312	313	1	16	208	95	96	.	4.777778
115	9	Do5	C5	318	318	1	8	417	95	96	.	4.833333
116	9	Re5	D5	327	327	1	8	417	95	96	.	4.888889
117	9	Mi5	E5	336	336	1	8	417	95	96	.	4.944445
118	9	Sol5	G5	349	349	1	8	417	95	96	.	5
119	9	Mi5	E5	336	336	1	8	417	95	96	.	5.055555
120	9	Fa5	F5	340	340	1	8	417	95	96	.	5.111111
121	9	Mi5	E5	336	336	1	8	417	95	96	.	5.166667
122	9	Re5	D5	327	327	1	8	417	95	96	.	5.222222
123	9	La5	A5	358	358	3	16	625	95	96	.	5.305555
124	9	Sol5	G5	349	349	1	16	208	95	96	.	5.333333
125	9	Fa5	F5	340	340	1	8	417	95	96	.	5.388889
126	9	Mi5	E5	336	336	1	8	417	95	96	.	5.444445
127	9	Mi5	E5	336	336	3	16	625	95	96	.	5.527778
128	9	Re5	D5	327	327	1	16	208	95	96	.	5.555555
129	9	Fa5	F5	340	340	1	16	208	95	96	.	5.583333
130	9	Mi5	E5	336	336	1	16	208	95	96	.	5.611111
131	9	Re5	D5	327	327	1	16	208	95	96	.	5.638889
132	9	Do5#3	C5#4	321	322	1	16	208	95	96	.	5.666667
133	9	Re5	D5	327	327	1	2	1667	95	96	.	5.888889
134	53			0	0	0	0	0	0	0		5.888889
135	9	Mi5	E5	336	336	1	8	417	95	96	.	5.944445
136	9	Fa5#3	F5#4	343	344	1	8	417	95	96	.	6
137	9	La5	A5	358	358	1	16	208	95	96	.	6.027778
138	9	Sol5	G5	349	349	1	16	208	95	96	.	6.055555
139	9	Sol5	G5	349	349	1	16	208	95	96	.	6.083333
140	9	Fa5#3	F5#4	343	344	1	16	208	95	96	.	6.111111
141	9	Sol5	G5	349	349	1	16	208	95	96	.	6.138889
142	9	La5	A5	358	358	1	16	208	95	96	.	6.166667
143	9	Si5b5	B5b5	362	362	1	8	417	95	96	.	6.222222
144	9	Si5b5	B5b5	362	362	1	16	208	95	96	.	6.25
145	9	La5	A5	358	358	1	16	208	95	96	.	6.277778
146	9	La5	A5	358	358	1	16	208	95	96	.	6.305555
147	9	Sol5	G5	349	349	1	16	208	95	96	.	6.333333
148	9	Sol5	G5	349	349	1	16	208	95	96	.	6.361111
149	9	Fa5#3	F5#4	343	344	1	16	208	95	96	.	6.388889
150	9	Fa5#3	F5#4	343	344	1	16	208	95	96	.	6.416667
151	9	Mi5	E5	336	336	1	16	208	95	96	.	6.444445
152	9	Re5	D5	327	327	1	16	208	95	96	.	6.472222
153	9	Mi5	E5	336	336	1	16	208	95	96	.	6.5
154	9	Re5	D5	327	327	1	16	208	95	96	.	6.527778
155	9	Do5	C5	318	318	1	16	208	95	96	.	6.555555
156	9	Re5	D5	327	327	1	8	417	95	96	.	6.611111
157	9	Mi5	E5	336	336	1	8	417	95	96	.	6.666667
158	9	Fa5#3	F5#4	343	344	1	16	208	95	96	.	6.694445
159	9	Sol5	G5	349	349	1	16	208	95	96	.	6.722222
160	9	Mi5	E5	336	336	1	16	208	95	96	.	6.75
161	9	Fa5#3	F5#4	343	344	1	16	208	95	96	.	6.777778
162	9	Re5	D5	327	327	1	16	208	95	96	.	6.805555
163	9	Mi5	E5	336	336	1	16	208	95	96	.	6.833333
164	9	Do5	C5	318	318	1	16	208	95	96	.	6.861111
165	9	Re5	D5	327	327	1	16	208	95	96	.	6.888889
166	9	Si4b2	B4b1	312	313	1	16	208	95	96	.	6.916667
167	9	Do5	C5	318	318	1	16	208	95	96	.	6.944445
168	9	La4	A4	305	305	1	16	208	95	96	.	6.972222
169	9	Si4b2	B4b1	312	313	1	16	208	95	96	.	7
170	9	Sol4	G4	296	296	3	16	625	95	96	.	7.083333
171	9	La4	A4	305	305	1	16	208	95	96	.	7.111111
172	9	Si4b2	B4b1	312	313	1	8	417	95	96	.	7.166667
173	9	Do5	C5	318	318	1	8	417	95	96	.	7.222222
174	9	Re5	D5	327	327	1	16	208	95	96	.	7.25
175	9	Mi5	E5	336	336	1	16	208	95	96	.	7.277778
176	9	Fa5	F5	340	340	1	16	208	95	96	.	7.305555
177	9	Sol5	G5	349	349	1	16	208	95	96	.	7.333333
178	9	Fa5	F5	340	340	1	16	208	95	96	.	7.361111
179	9	Mi5	E5	336	336	1	16	208	95	96	.	7.388889
180	9	Re5	D5	327	327	1	8	417	95	96	.	7.444445
181	9	Do5	C5	318	318	1	8	417	95	96	.	7.5
182	9	La4	A4	305	305	1	8	417	95	96	.	7.555555
183	9	Si4b2	B4b1	312	313	1	8	417	95	96	.	7.611111
184	9	Sol4	G4	296	296	1	8	417	95	96	.	7.666667
185	9	La4	A4	305	305	3	8	1250	95	96	.	7.833333
186	53			0	0	0	0	0	0	0		7.833333
187	9	Sol4	G4	296	296	1	8	417	95	96	.	7.888889
188	9	Fa4#3	F4#4	290	291	1	8	417	95	96	.	7.944445
189	9	Sol4	G4	296	296	1	8	417	95	96	.	8
190	9	La4	A4	305	305	1	2	1667	95	96	.	8.222222
191	9			-1	-1	1	8	417	100	0		8.277778
192	53			0	0	0	0	0	0	0		8.277778
193	9	Sol4	G4	296	296	1	4	833	95	96	Kal	8.388889
194	9	La4	A4	305	305	1	8	417	95	96	dý 	8.444445
195	9	La4	A4	305	305	1	2	1667	95	96	â	8.666667
196	9	Si4b2	B4b1	312	313	1	16	208	99	96	teþ	8.694445
197	9	Do5	C5	318	318	1	16	208	99	96		8.722222
198	9	Si4b2	B4b1	312	313	1	16	208	99	96		8.75
199	9	La4	A4	305	305	1	16	208	99	96		8.777778
200	9	Si4b2	B4b1	312	313	1	4	833	99	96		8.888889
201	9	Do5	C5	318	318	1	4	833	99	96		9
202	9	Re5	D5	327	327	3	16	625	99	96		9.083333
203	9	Do5	C5	318	318	1	16	208	99	96		9.111111
204	9	Si4b2	B4b1	312	313	1	8	417	99	96		9.166667
205	9	La4	A4	305	305	1	4	834	95	96		9.277778
206	53			0	0	0	0	0	0	0		9.277778
207	9	Mi5	E5	336	336	1	8	417	99	96	ler 	9.333333
208	9	Re5	D5	327	327	1	8	417	95	96		9.388889
209	9	Re5	D5	327	327	1	16	208	99	96	i	9.416667
210	9	Do5	C5	318	318	1	16	208	95	96		9.444445
211	9	Do5	C5	318	318	3	16	625	99	96	çin	9.527778
212	9	Si4b2	B4b1	312	313	1	16	208	99	96		9.555555
213	9	Si4b2	B4b1	312	313	3	16	625	99	96		9.638889
214	9	La4	A4	305	305	1	16	208	95	96		9.666667
215	9	La4	A4	305	305	3	8	1250	95	96	de 	9.833333
216	53			0	0	0	0	0	0	0		9.833333
217	9	Sol4	G4	296	296	1	8	417	95	96	SAZ 	9.888889
218	9	Do5	C5	318	318	1	8	417	95	96	.	9.944445
219	9	Si4b2	B4b1	312	313	1	16	208	95	96	.	9.972222
220	9	La4	A4	305	305	1	16	208	95	96	.	10
221	9	La4	A4	305	305	3	16	625	95	96	.	10.08333
222	9	Si4b2	B4b1	312	313	1	16	208	95	96	.	10.11111
223	9	La4	A4	305	305	1	4	833	95	96	.	10.22222
224	9	La4	A4	305	305	1	16	208	95	96	.	10.25
225	9	Sol4	G4	296	296	1	16	208	95	96	.	10.27778
226	9	La4	A4	305	305	1	8	417	95	96	.	10.33333
227	53			0	0	0	0	0	0	0		10.33333
228	9			-1	-1	1	8	417	100	0		10.38889
229	9	Do5	C5	318	318	1	16	208	99	96	yi	10.41667
230	9	Re5	D5	327	327	1	16	208	99	96		10.44444
231	9	Do5	C5	318	318	1	8	417	95	96		10.5
232	9	Re5	D5	327	327	1	8	417	95	96	ne 	10.55556
233	9	Re5	D5	327	327	1	4	833	95	96	sev	10.66667
234	11	Re5	D5	327	327	1	8	417	99	96	dâ 	10.72222
235	9	Re5	D5	327	327	1	16	208	99	96		10.75
236	9	Do5	C5	318	318	1	16	208	99	96		10.77778
237	9	Si4b2	B4b1	312	313	1	4	833	99	96		10.88889
238	9	Do5	C5	318	318	1	4	833	99	96		11
239	11	Re5	D5	327	327	1	8	417	99	96		11.05556
240	9	Re5	D5	327	327	1	16	208	99	96		11.08333
241	9	Do5	C5	318	318	1	16	208	99	96		11.11111
242	9	Si4b2	B4b1	312	313	1	8	417	99	96		11.16667
243	9	La4	A4	305	305	1	4	834	95	96		11.27778
244	53			0	0	0	0	0	0	0		11.27778
245	9	La5	A5	358	358	1	16	208	99	96	dâ	11.30556
246	9	Sol5	G5	349	349	1	16	208	99	96		11.33333
247	9	Fa5	F5	340	340	1	8	417	99	96		11.38889
248	9	Mi5	E5	336	336	1	8	417	99	96		11.44444
249	9	Mi5	E5	336	336	3	16	625	99	96		11.52778
250	9	Re5	D5	327	327	1	16	208	95	96		11.55556
251	9	Re5	D5	327	327	1	16	208	99	96	lý 	11.58333
252	9	Fa5	F5	340	340	1	16	208	95	96		11.61111
253	9	Mi5	E5	336	336	1	16	208	99	96	se	11.63889
254	9	Re5	D5	327	327	1	16	208	95	96		11.66667
255	9	Re5	D5	327	327	3	8	1250	95	96	rim  	11.83333
256	53			0	0	0	0	0	0	0		11.83333
257	9	Mi5	E5	336	336	1	16	208	95	96	SAZ 	11.86111
258	9	Fa5	F5	340	340	1	16	208	95	96	.	11.88889
259	9	Mi5	E5	336	336	1	16	208	95	96	.	11.91667
260	9	Re5	D5	327	327	1	16	208	95	96	.	11.94444
261	9	Re5	D5	327	327	1	16	208	95	96	.	11.97222
262	9	Do5	C5	318	318	1	16	208	95	96	.	12
263	9	Re5	D5	327	327	3	16	625	95	96	.	12.08333
264	9	Fa5	F5	340	340	1	16	208	95	96	.	12.11111
265	9	Mi5	E5	336	336	1	16	208	95	96	.	12.13889
266	9	Sol5	G5	349	349	1	16	208	95	96	.	12.16667
267	9	Fa5	F5	340	340	1	8	417	95	96	.	12.22222
268	53			0	0	0	0	0	0	0		12.22222
269	9			-1	-1	1	8	417	100	0		12.27778
270	9	La5	A5	358	358	1	16	208	99	96	Ne	12.30556
271	9	Sol5	G5	349	349	1	16	208	99	96		12.33333
272	9	Fa5	F5	340	340	1	8	417	95	96		12.38889
273	9	Fa5	F5	340	340	1	8	417	95	96	re	12.44444
274	9	Fa5	F5	340	340	1	8	417	99	96	den 	12.5
275	9	Mi5	E5	336	336	1	4	833	99	96		12.61111
276	9	Re5	D5	327	327	1	8	417	95	96		12.66667
277	9	Re5	D5	327	327	1	8	417	99	96	gör	12.72222
278	9	Mi5	E5	336	336	3	8	1250	99	96		12.88889
279	9	Mi5	E5	336	336	3	16	625	99	96		12.97222
280	9	Re5	D5	327	327	1	16	208	99	96		13
281	9	Re5	D5	327	327	1	8	417	99	96		13.05556
282	9	Mi5	E5	336	336	1	16	208	99	96		13.08333
283	9	Re5	D5	327	327	1	16	208	99	96		13.11111
284	9	Do5	C5	318	318	1	16	208	99	96		13.13889
285	9	Si4b2	B4b1	312	313	1	16	208	99	96		13.16667
286	9	Do5	C5	318	318	1	4	834	95	96		13.27778
287	53			0	0	0	0	0	0	0		13.27778
288	9	Mi5	E5	336	336	1	8	417	99	96	dü 	13.33333
289	9	Re5	D5	327	327	1	8	417	95	96		13.38889
290	9	Mi5	E5	336	336	1	8	417	95	96	se	13.44444
291	9	Do5	C5	318	318	3	16	625	99	96	ni 	13.52778
292	9	Si4b2	B4b1	312	313	1	16	208	99	96		13.55556
293	9	La4	A4	305	305	1	8	417	99	96		13.61111
294	9	Si4b2	B4b1	312	313	1	8	417	95	96		13.66667
295	9	Re5	D5	327	327	1	2	1667	99	96	kahr_	13.88889
296	9	Do5	C5	318	318	1	8	417	99	96		13.94444
297	9	Si4b2	B4b1	312	313	1	8	417	99	96		14
298	9	Do5	C5	318	318	1	8	417	99	96		14.05556
299	9	Re5	D5	327	327	1	16	208	99	96		14.08333
300	9	Do5	C5	318	318	1	16	208	99	96		14.11111
301	9	Si4b2	B4b1	312	313	3	16	625	99	96		14.19444
302	9	La4	A4	305	305	1	16	208	99	96		14.22222
303	9	Sol4	G4	296	296	1	4	833	95	96		14.33333
304	53			0	0	0	0	0	0	0		14.33333
305	9	Do5	C5	318	318	1	8	417	95	96	o	14.38889
306	9	Do5	C5	318	318	1	8	417	95	96	la	14.44444
307	9	Do5	C5	318	318	3	16	625	99	96	sý 	14.52778
308	9	Si4b2	B4b1	312	313	1	16	208	99	96		14.55556
309	9	Si4b2	B4b1	312	313	3	16	625	99	96		14.63889
310	9	La4	A4	305	305	1	16	208	95	96		14.66667
311	9	La4	A4	305	305	1	2	1667	99	96	dî	14.88889
312	53			0	0	0	0	0	0	0		14.88889
313	9	Mi5	E5	336	336	1	8	417	99	96		14.94444
314	9	Fa5	F5	340	340	1	8	417	95	96		15
315	9	Sol5	G5	349	349	1	8	417	99	96		15.05556
316	9	La5	A5	358	358	1	16	208	99	96		15.08333
317	9	Sol5	G5	349	349	1	16	208	99	96		15.11111
318	9	Fa5	F5	340	340	1	16	208	99	96		15.13889
319	9	Mi5	E5	336	336	1	16	208	99	96		15.16667
320	9	Re5	D5	327	327	1	8	417	99	96		15.22222
321	9	Do5	C5	318	318	3	16	625	99	96		15.30556
322	9	Si4b2	B4b1	312	313	1	16	208	95	96		15.33333
323	9	Do5	C5	318	318	1	16	208	99	96	de	15.36111
324	9	Si4b2	B4b1	312	313	1	16	208	95	96		15.38889
325	9	Si4b2	B4b1	312	313	1	16	208	99	96	le	15.41667
326	9	La4	A4	305	305	1	16	208	95	96		15.44444
327	9	La4	A4	305	305	1	2	1667	95	96	rim  	15.66667
328	53			0	0	0	0	0	0	0		15.66667
329	9	Mi5	E5	336	336	1	8	417	95	96	SAZ 	15.72222
330	9	Fa5	F5	340	340	1	16	208	95	96	.	15.75
331	9	Sol5	G5	349	349	1	16	208	95	96	.	15.77778
332	9	Fa5	F5	340	340	1	16	208	95	96	.	15.80556
333	9	Mi5	E5	336	336	1	16	208	95	96	.	15.83333
334	9	Re5	D5	327	327	1	8	417	95	96	.	15.88889
335	9	Mi5	E5	336	336	1	8	417	95	96	.	15.94444
336	9	Do5	C5	318	318	1	8	417	95	96	.	16
337	9	Re5	D5	327	327	3	16	625	95	96	.	16.08333
338	9	Fa5	F5	340	340	1	16	208	95	96	.	16.11111
339	9	Mi5	E5	336	336	1	16	208	95	96	.	16.13889
340	9	Sol5	G5	349	349	1	16	208	95	96	.	16.16667
341	9	Fa5	F5	340	340	1	8	417	95	96	.	16.22222
342	53			0	0	0	0	0	0	0		16.22222
343	9			-1	-1	1	8	417	100	0		16.27778
344	9	La5	A5	358	358	1	16	208	99	96	Ne	16.30556
345	9	Sol5	G5	349	349	1	16	208	99	96		16.33333
346	9	Fa5	F5	340	340	1	8	417	95	96		16.38889
347	9	Fa5	F5	340	340	1	8	417	95	96	re	16.44444
348	9	Fa5	F5	340	340	1	8	417	99	96	den 	16.5
349	9	Mi5	E5	336	336	1	4	833	99	96		16.61111
350	9	Re5	D5	327	327	1	8	417	95	96		16.66667
351	9	Re5	D5	327	327	1	8	417	99	96	gör	16.72222
352	9	Mi5	E5	336	336	3	8	1250	99	96		16.88889
353	9	Mi5	E5	336	336	3	16	625	99	96		16.97222
354	9	Re5	D5	327	327	1	16	208	99	96		17
355	9	Re5	D5	327	327	1	8	417	99	96		17.05556
356	9	Mi5	E5	336	336	1	16	208	99	96		17.08333
357	9	Re5	D5	327	327	1	16	208	99	96		17.11111
358	9	Do5	C5	318	318	1	16	208	99	96		17.13889
359	9	Si4b2	B4b1	312	313	1	16	208	99	96		17.16667
360	9	Do5	C5	318	318	1	4	834	95	96		17.27778
361	53			0	0	0	0	0	0	0		17.27778
362	9	Mi5	E5	336	336	1	8	417	99	96	dü 	17.33333
363	9	Re5	D5	327	327	1	8	417	95	96		17.38889
364	9	Mi5	E5	336	336	1	8	417	95	96	se	17.44444
365	9	Do5	C5	318	318	3	16	625	99	96	ni 	17.52778
366	9	Si4b2	B4b1	312	313	1	16	208	99	96		17.55556
367	9	La4	A4	305	305	1	8	417	99	96		17.61111
368	9	Si4b2	B4b1	312	313	1	8	417	95	96		17.66667
369	9	Re5	D5	327	327	1	2	1667	99	96	kahr_	17.88889
370	9	Do5	C5	318	318	1	8	417	99	96		17.94444
371	9	Si4b2	B4b1	312	313	1	8	417	99	96		18
372	9	Do5	C5	318	318	1	8	417	99	96		18.05556
373	9	Re5	D5	327	327	1	16	208	99	96		18.08333
374	9	Do5	C5	318	318	1	16	208	99	96		18.11111
375	9	Si4b2	B4b1	312	313	3	16	625	99	96		18.19444
376	9	La4	A4	305	305	1	16	208	99	96		18.22222
377	9	Sol4	G4	296	296	1	4	833	95	96		18.33333
378	53			0	0	0	0	0	0	0		18.33333
379	9	Do5	C5	318	318	1	8	417	95	96	o	18.38889
380	9	Do5	C5	318	318	1	8	417	95	96	la	18.44444
381	9	Do5	C5	318	318	3	16	625	99	96	sý 	18.52778
382	9	Si4b2	B4b1	312	313	1	16	208	99	96		18.55556
383	9	Si4b2	B4b1	312	313	3	16	625	99	96		18.63889
384	9	La4	A4	305	305	1	16	208	95	96		18.66667
385	9	La4	A4	305	305	1	2	1667	99	96	dî	18.88889
386	53			0	0	0	0	0	0	0		18.88889
387	9	Mi5	E5	336	336	1	8	417	99	96		18.94444
388	9	Fa5	F5	340	340	1	8	417	95	96		19
389	9	Sol5	G5	349	349	1	8	417	99	96		19.05556
390	9	La5	A5	358	358	1	16	208	99	96		19.08333
391	9	Sol5	G5	349	349	1	16	208	99	96		19.11111
392	9	Fa5	F5	340	340	1	16	208	99	96		19.13889
393	9	Mi5	E5	336	336	1	16	208	99	96		19.16667
394	9	Re5	D5	327	327	1	8	417	99	96		19.22222
395	9	Do5	C5	318	318	3	16	625	99	96		19.30556
396	9	Si4b2	B4b1	312	313	1	16	208	95	96		19.33333
397	9	Do5	C5	318	318	1	16	208	99	96	de	19.36111
398	9	Si4b2	B4b1	312	313	1	16	208	95	96		19.38889
399	9	Si4b2	B4b1	312	313	1	16	208	95	96	le	19.41667
400	9	La4	A4	305	305	1	16	208	95	96		19.44444
401	9	La4	A4	305	305	1	2	1667	95	96	rim  	19.66667
402	53			0	0	0	0	0	0	0		19.66667
403	9	La5	A5	358	358	1	16	208	95	96	SAZ 	19.69444
404	9	Sol5	G5	349	349	1	16	208	95	96	.	19.72222
405	9	La5	A5	358	358	1	16	208	95	96	.	19.75
406	9	Si5b2	B5b1	365	366	1	16	208	95	96	.	19.77778
407	9	La5	A5	358	358	1	8	417	95	96	.	19.83333
408	9	Sol5	G5	349	349	1	8	417	95	96	.	19.88889
409	9	Fa5#3	F5#4	343	344	1	8	417	95	96	.	19.94444
410	9	Sol5	G5	349	349	1	8	417	95	96	.	20
411	9	La5	A5	358	358	3	16	625	95	96	.	20.08333
412	9	Si5b2	B5b1	365	366	1	16	208	95	96	.	20.11111
413	9	La5	A5	358	358	1	16	208	95	96	.	20.13889
414	9	Sol5	G5	349	349	1	16	208	95	96	.	20.16667
415	9	La5	A5	358	358	1	8	417	95	96	.	20.22222
416	53			0	0	0	0	0	0	0		20.22222
417	9			-1	-1	1	8	417	100	0		20.27778
418	9	Sol5	G5	349	349	1	4	833	95	96	Gör	20.38889
419	9	La5	A5	358	358	1	8	417	95	96	sem_	20.44444
420	9	La5	A5	358	358	1	2	1667	95	96	â	20.66667
421	9	Re5	D5	327	327	3	16	625	99	96	zâr_	20.75
422	9	Mi5	E5	336	336	1	16	208	99	96		20.77778
423	9	Fa5#3	F5#4	343	344	1	8	417	99	96		20.83333
424	9	Sol5	G5	349	349	1	8	417	99	96		20.88889
425	9	La5	A5	358	358	1	8	417	99	96		20.94444
426	9	Si5b2	B5b1	365	366	1	8	417	99	96		21
427	9	Do6	C6	371	371	1	8	417	99	96		21.05556
428	9	Si5b2	B5b1	365	366	1	8	417	99	96		21.11111
429	9	La5	A5	358	358	1	8	417	99	96		21.16667
430	9	Sol5	G5	349	349	1	4	834	95	96		21.27778
431	9	La5	A5	358	358	1	8	417	99	96	ü 	21.33333
432	9	Si5b2	B5b1	365	366	1	8	417	95	96		21.38889
433	9	Re6	D6	380	380	1	8	417	95	96	si	21.44444
434	9	Do6	C6	371	371	3	16	625	99	96	tem 	21.52778
435	9	Si5b2	B5b1	365	366	1	16	208	99	96		21.55556
436	9	Si5b2	B5b1	365	366	3	16	625	99	96		21.63889
437	9	La5	A5	358	358	1	16	208	95	96		21.66667
438	9	La5	A5	358	358	3	8	1250	99	96	gör	21.83333
439	9	Sol5	G5	349	349	1	8	417	99	96		21.88889
440	9	Do6	C6	371	371	1	8	417	99	96		21.94444
441	9	Si5b2	B5b1	365	366	1	16	208	99	96		21.97222
442	9	La5	A5	358	358	1	16	208	99	96		22
443	54			0	0	0	0	0	0	0	hicaz@re5	22
444	9	La5	A5	358	358	1	4	833	99	96		22.11111
445	9	Si5b5	B5b5	362	362	1	16	208	99	96		22.13889
446	9	La5	A5	358	358	1	16	208	99	96		22.16667
447	9	Sol5	G5	349	349	1	16	208	99	96		22.19444
448	9	Fa5#3	F5#4	343	344	1	16	208	99	96		22.22222
449	9	Sol5	G5	349	349	1	4	833	95	96		22.33333
450	9	Si5b5	B5b5	362	362	1	8	417	95	96	me	22.38889
451	9	La5	A5	358	358	1	16	208	99	96	sem_	22.41667
452	9	Sol5	G5	349	349	1	16	208	95	96		22.44444
453	9	Sol5	G5	349	349	1	2	1667	95	96	ar	22.66667
454	9	Fa5#3	F5#4	343	344	1	8	417	99	96	tar 	22.72222
455	9	Sol5	G5	349	349	1	8	417	99	96		22.77778
456	9	La5	A5	358	358	1	8	417	99	96		22.83333
457	9	Si5b5	B5b5	362	362	1	8	417	99	96		22.88889
458	9	La5	A5	358	358	1	8	417	99	96		22.94444
459	9	Sol5	G5	349	349	1	8	417	99	96		23
460	9	Fa5#4	F5#4	344	344	1	8	417	99	96		23.05556
461	9	Mi5b4	E5b4	332	332	1	8	417	99	96		23.11111
462	9	Re5	D5	327	327	1	8	417	99	96		23.16667
463	9	Do5	C5	318	318	1	4	834	95	96		23.27778
464	53			0	0	0	0	0	0	0		23.27778
465	9	La5	A5	358	358	1	8	417	99	96	tar 	23.33333
466	9	Sol5	G5	349	349	1	8	417	99	96		23.38889
467	9	Sol5	G5	349	349	1	16	208	99	96		23.41667
468	9	Fa5#4	F5#4	344	344	1	16	208	99	96		23.44444
469	9	Fa5#4	F5#4	344	344	3	16	625	99	96		23.52778
470	9	Mi5b4	E5b4	332	332	1	16	208	95	96		23.55556
471	9	Fa5#4	F5#4	344	344	1	16	208	99	96	ke	23.58333
472	9	Mi5b4	E5b4	332	332	1	16	208	95	96		23.61111
473	9	Mi5b4	E5b4	332	332	1	16	208	99	96	de	23.63889
474	9	Re5	D5	327	327	1	16	208	95	96		23.66667
475	9	Re5	D5	327	327	3	8	1250	95	96	rim  	23.83333
476	55			0	0	0	0	0	0	0		23.83333
477	53			0	0	0	0	0	0	0		23.83333
478	9	Do5	C5	318	318	1	8	417	95	96	SAZ 	23.88889
479	9	Si4b2	B4b1	312	313	1	8	417	95	96	.	23.94444
480	9	Do5	C5	318	318	1	8	417	95	96	.	24
481	9	Re5	D5	327	327	3	16	625	95	96	.	24.08333
482	9	Fa5	F5	340	340	1	16	208	95	96	.	24.11111
483	9	Mi5	E5	336	336	1	16	208	95	96	.	24.13889
484	9	Sol5	G5	349	349	1	16	208	95	96	.	24.16667
485	9	Fa5	F5	340	340	1	8	417	95	96	.	24.22222
486	53			0	0	0	0	0	0	0		24.22222
487	9			-1	-1	1	8	417	100	0		24.27778
488	9	La5	A5	358	358	1	16	208	99	96	Ne	24.30556
489	9	Sol5	G5	349	349	1	16	208	99	96		24.33333
490	9	Fa5	F5	340	340	1	8	417	95	96		24.38889
491	9	Fa5	F5	340	340	1	8	417	95	96	re	24.44444
492	9	Fa5	F5	340	340	1	8	417	99	96	den 	24.5
493	9	Mi5	E5	336	336	1	4	833	99	96		24.61111
494	9	Re5	D5	327	327	1	8	417	95	96		24.66667
495	9	Re5	D5	327	327	1	8	417	99	96	gör	24.72222
496	9	Mi5	E5	336	336	3	8	1250	99	96		24.88889
497	9	Mi5	E5	336	336	3	16	625	99	96		24.97222
498	9	Re5	D5	327	327	1	16	208	99	96		25
499	9	Re5	D5	327	327	1	8	417	99	96		25.05556
500	9	Mi5	E5	336	336	1	16	208	99	96		25.08333
501	9	Re5	D5	327	327	1	16	208	99	96		25.11111
502	9	Do5	C5	318	318	1	16	208	99	96		25.13889
503	9	Si4b2	B4b1	312	313	1	16	208	99	96		25.16667
504	9	Do5	C5	318	318	1	4	834	95	96		25.27778
505	53			0	0	0	0	0	0	0		25.27778
506	9	Mi5	E5	336	336	1	8	417	99	96	dü 	25.33333
507	9	Re5	D5	327	327	1	8	417	95	96		25.38889
508	9	Mi5	E5	336	336	1	8	417	95	96	se	25.44444
509	9	Do5	C5	318	318	3	16	625	99	96	ni 	25.52778
510	9	Si4b2	B4b1	312	313	1	16	208	99	96		25.55556
511	9	La4	A4	305	305	1	8	417	99	96		25.61111
512	9	Si4b2	B4b1	312	313	1	8	417	95	96		25.66667
513	9	Re5	D5	327	327	1	2	1667	99	96	kahr_	25.88889
514	9	Do5	C5	318	318	1	8	417	99	96		25.94444
515	9	Si4b2	B4b1	312	313	1	8	417	99	96		26
516	9	Do5	C5	318	318	1	8	417	99	96		26.05556
517	9	Re5	D5	327	327	1	16	208	99	96		26.08333
518	9	Do5	C5	318	318	1	16	208	99	96		26.11111
519	9	Si4b2	B4b1	312	313	3	16	625	99	96		26.19444
520	9	La4	A4	305	305	1	16	208	99	96		26.22222
521	9	Sol4	G4	296	296	1	4	833	95	96		26.33333
522	53			0	0	0	0	0	0	0		26.33333
523	9	Do5	C5	318	318	1	8	417	95	96	o	26.38889
524	9	Do5	C5	318	318	1	8	417	95	96	la	26.44444
525	9	Do5	C5	318	318	3	16	625	99	96	sý 	26.52778
526	9	Si4b2	B4b1	312	313	1	16	208	99	96		26.55556
527	9	Si4b2	B4b1	312	313	3	16	625	99	96		26.63889
528	9	La4	A4	305	305	1	16	208	95	96		26.66667
529	9	La4	A4	305	305	1	2	1667	99	96	dî	26.88889
530	53			0	0	0	0	0	0	0		26.88889
531	9	Mi5	E5	336	336	1	8	417	99	96		26.94444
532	9	Fa5	F5	340	340	1	8	417	95	96		27
533	9	Sol5	G5	349	349	1	8	417	99	96		27.05556
534	9	La5	A5	358	358	1	16	208	99	96		27.08333
535	9	Sol5	G5	349	349	1	16	208	99	96		27.11111
536	9	Fa5	F5	340	340	1	16	208	99	96		27.13889
537	9	Mi5	E5	336	336	1	16	208	99	96		27.16667
538	9	Re5	D5	327	327	1	8	417	99	96		27.22222
539	9	Do5	C5	318	318	3	16	625	99	96		27.30556
540	9	Si4b2	B4b1	312	313	1	16	208	95	96		27.33333
541	9	Do5	C5	318	318	1	16	208	99	96	de	27.36111
542	9	Si4b2	B4b1	312	313	1	16	208	95	96		27.38889
543	9	Si4b2	B4b1	312	313	1	16	208	99	96	le	27.41667
544	9	La4	A4	305	305	1	16	208	95	96		27.44444
545	9	La4	A4	305	305	1	2	1667	95	96	rim  	27.66667
546	53			0	0	0	0	0	0	0		27.66667
547	9	Mi5	E5	336	336	1	8	417	95	96	SAZ 	27.72222
548	9	Fa5	F5	340	340	1	16	208	95	96	.	27.75
549	9	Sol5	G5	349	349	1	16	208	95	96	.	27.77778
550	9	Fa5	F5	340	340	1	16	208	95	96	.	27.80556
551	9	Mi5	E5	336	336	1	16	208	95	96	.	27.83333
552	9	Re5	D5	327	327	1	8	417	95	96	.	27.88889
553	9	Mi5	E5	336	336	1	8	417	95	96	.	27.94444
554	9	Do5	C5	318	318	1	8	417	95	96	.	28
555	9	Re5	D5	327	327	3	16	625	95	96	.	28.08333
556	9	Fa5	F5	340	340	1	16	208	95	96	.	28.11111
557	9	Mi5	E5	336	336	1	16	208	95	96	.	28.13889
558	9	Sol5	G5	349	349	1	16	208	95	96	.	28.16667
559	9	Fa5	F5	340	340	1	8	417	95	96	.	28.22222
560	53			0	0	0	0	0	0	0		28.22222
561	9			-1	-1	1	8	417	100	0		28.27778
562	9	La5	A5	358	358	1	16	208	99	96	Ne	28.30556
563	9	Sol5	G5	349	349	1	16	208	99	96		28.33333
564	9	Fa5	F5	340	340	1	8	417	95	96		28.38889
565	9	Fa5	F5	340	340	1	8	417	95	96	re	28.44444
566	9	Fa5	F5	340	340	1	8	417	99	96	den 	28.5
567	9	Mi5	E5	336	336	1	4	833	99	96		28.61111
568	9	Re5	D5	327	327	1	8	417	95	96		28.66667
569	9	Re5	D5	327	327	1	8	417	99	96	gör	28.72222
570	9	Mi5	E5	336	336	3	8	1250	99	96		28.88889
571	9	Mi5	E5	336	336	3	16	625	99	96		28.97222
572	9	Re5	D5	327	327	1	16	208	99	96		29
573	9	Re5	D5	327	327	1	8	417	99	96		29.05556
574	9	Mi5	E5	336	336	1	16	208	99	96		29.08333
575	9	Re5	D5	327	327	1	16	208	99	96		29.11111
576	9	Do5	C5	318	318	1	16	208	99	96		29.13889
577	9	Si4b2	B4b1	312	313	1	16	208	99	96		29.16667
578	9	Do5	C5	318	318	1	4	834	95	96		29.27778
579	53			0	0	0	0	0	0	0		29.27778
580	9	Mi5	E5	336	336	1	8	417	99	96	dü 	29.33333
581	9	Re5	D5	327	327	1	8	417	95	96		29.38889
582	9	Mi5	E5	336	336	1	8	417	95	96	se	29.44444
583	9	Do5	C5	318	318	3	16	625	99	96	ni 	29.52778
584	9	Si4b2	B4b1	312	313	1	16	208	99	96		29.55556
585	9	La4	A4	305	305	1	8	417	99	96		29.61111
586	9	Si4b2	B4b1	312	313	1	8	417	95	96		29.66667
587	9	Re5	D5	327	327	1	2	1667	99	96	kahr_	29.88889
588	9	Do5	C5	318	318	1	8	417	99	96		29.94444
589	9	Si4b2	B4b1	312	313	1	8	417	99	96		30
590	9	Do5	C5	318	318	1	8	417	99	96		30.05556
591	9	Re5	D5	327	327	1	16	208	99	96		30.08333
592	9	Do5	C5	318	318	1	16	208	99	96		30.11111
593	9	Si4b2	B4b1	312	313	3	16	625	99	96		30.19444
594	9	La4	A4	305	305	1	16	208	99	96		30.22222
595	9	Sol4	G4	296	296	1	4	833	95	96		30.33333
596	53			0	0	0	0	0	0	0		30.33333
597	9	Do5	C5	318	318	1	8	417	95	96	o	30.38889
598	9	Do5	C5	318	318	1	8	417	95	96	la	30.44444
599	9	Do5	C5	318	318	3	16	625	99	96	sý 	30.52778
600	9	Si4b2	B4b1	312	313	1	16	208	99	96		30.55556
601	9	Si4b2	B4b1	312	313	3	16	625	99	96		30.63889
602	9	La4	A4	305	305	1	16	208	95	96		30.66667
603	9	La4	A4	305	305	1	2	1667	99	96	dî	30.88889
604	53			0	0	0	0	0	0	0		30.88889
605	9	Mi5	E5	336	336	1	8	417	99	96		30.94444
606	9	Fa5	F5	340	340	1	8	417	95	96		31
607	9	Sol5	G5	349	349	1	8	417	99	96		31.05556
608	9	La5	A5	358	358	1	16	208	99	96		31.08333
609	9	Sol5	G5	349	349	1	16	208	99	96		31.11111
610	9	Fa5	F5	340	340	1	16	208	99	96		31.13889
611	9	Mi5	E5	336	336	1	16	208	99	96		31.16667
612	9	Re5	D5	327	327	1	8	417	99	96		31.22222
613	9	Do5	C5	318	318	3	16	625	99	96		31.30556
614	9	Si4b2	B4b1	312	313	1	16	208	95	96		31.33333
615	9	Do5	C5	318	318	1	16	208	99	96	de	31.36111
616	9	Si4b2	B4b1	312	313	1	16	208	95	96		31.38889
617	9	Si4b2	B4b1	312	313	1	16	208	95	96	le	31.41667
618	9	La4	A4	305	305	1	16	208	95	96		31.44444
619	9	La4	A4	305	305	1	2	1667	95	96	rim  	31.66667
620	53			0	0	0	0	0	0	0		31.66667
